0 0.971875 0.675 0.05546875 0.07421875
0 0.525 0.8296875 0.053125 0.11171875
0 0.21171875 0.275 0.053125 0.11015625
0 0.4296875 0.521875 0.053125 0.071875
0 0.4765625 0.4296875 0.05390625 0.07265625
0 0.4296875 0.30703125 0.05234375 0.0703125
0 0.33359375 0.50390625 0.03515625 0.06328125
0 0.334375 0.32734375 0.03359375 0.0609375
0 0.72265625 0.25703125 0.053125 0.0703125
0 0.72265625 0.6140625 0.053125 0.0703125
0 0.81875 0.44140625 0.0546875 0.07109375
0 0.87265625 0.64609375 0.040625 0.0703125
0 0.8109375 0.59609375 0.0453125 0.078125