0 0.97109375 0.67109375 0.0578125 0.075
0 0.5171875 0.82734375 0.053125 0.11328125
0 0.20078125 0.26640625 0.053125 0.1109375
0 0.42109375 0.51640625 0.053125 0.07265625
0 0.46875 0.42265625 0.0546875 0.0734375
0 0.42109375 0.29921875 0.053125 0.07109375
0 0.32421875 0.49765625 0.0359375 0.0640625
0 0.325 0.31953125 0.03359375 0.0609375
0 0.71796875 0.2484375 0.053125 0.07109375
0 0.71796875 0.609375 0.053125 0.07109375
0 0.81484375 0.434375 0.05546875 0.071875
0 0.86953125 0.64140625 0.040625 0.07109375
0 0.80703125 0.59140625 0.04609375 0.07890625