0 0.31171875 0.6171875 0.02734375 0.06484375
0 0.15625 0.52734375 0.040625 0.0421875
0 0.15625 0.19140625 0.0390625 0.03984375
0 0.31796875 0.4578125 0.028125 0.0390625
0 0.275 0.5265625 0.02734375 0.0390625
0 0.30625 0.51484375 0.02734375 0.04921875
0 0.359375 0.38828125 0.028125 0.040625
0 0.375 0.50234375 0.0390625 0.06328125
0 0.07421875 0.575 0.028125 0.06015625
0 0.28046875 0.63515625 0.0328125 0.03828125
0 0.07421875 0.6359375 0.028125 0.0515625
0 0.7078125 0.27578125 0.03828125 0.04140625
0 0.78359375 0.2140625 0.02578125 0.04921875
0 0.8171875 0.21484375 0.025 0.046875
0 0.8109375 0.44921875 0.02421875 0.04453125
0 0.821875 0.35703125 0.028125 0.03984375