0 0.51640625 0.87421875 0.053125 0.08515625
0 0.3734375 0.26015625 0.04609375 0.07578125
0 0.65859375 0.1578125 0.046875 0.06328125
0 0.72890625 0.028125 0.04140625 0.040625
0 0.82265625 0.5625 0.03515625 0.0484375
0 0.61484375 0.5484375 0.05390625 0.05390625
0 0.7640625 0.49296875 0.046875 0.0625
0 0.89453125 0.54296875 0.065625 0.05390625
0 0.80546875 0.321875 0.03515625 0.0484375
0 0.61484375 0.65703125 0.053125 0.05390625
0 0.37734375 0.62265625 0.05390625 0.0546875
0 0.1953125 0.615625 0.046875 0.0625
0 0.5171875 0.721875 0.05390625 0.06953125
0 0.4546875 0.6640625 0.046875 0.0625