0 0.18359375 0.7109375 0.0546875 0.034375
0 0.46796875 0.85390625 0.04453125 0.05
0 0.46796875 0.81484375 0.04453125 0.05078125
0 0.48125 0.7703125 0.0453125 0.03359375
0 0.553125 0.740625 0.03828125 0.03828125
0 0.5484375 0.6578125 0.02890625 0.03359375
0 0.80390625 0.65 0.040625 0.04296875
0 0.22109375 0.21484375 0.06796875 0.046875
0 0.375 0.31953125 0.0484375 0.03515625
0 0.37578125 0.2765625 0.046875 0.034375
0 0.51171875 0.30078125 0.04375 0.03359375
0 0.515625 0.23984375 0.03671875 0.03828125
0 0.43671875 0.32734375 0.0375 0.0375