0 0.95390625 0.27578125 0.05546875 0.0640625
0 0.9125 0.27578125 0.05546875 0.0640625
0 0.22734375 0.71328125 0.04296875 0.08515625
0 0.071875 0.72578125 0.059375 0.11015625
0 0.13125 0.72578125 0.05859375 0.11015625
0 0.53125 0.80078125 0.04375 0.08984375
0 0.2671875 0.06953125 0.04296875 0.0828125
0 0.25078125 0.40703125 0.0375 0.06484375
0 0.43984375 0.57421875 0.04375 0.06015625
0 0.43984375 0.3984375 0.04375 0.059375
0 0.47578125 0.49453125 0.0375 0.0515625
0 0.36640625 0.41640625 0.03359375 0.059375
0 0.53203125 0.69453125 0.04375 0.07421875
0 0.784375 0.7078125 0.04375 0.06171875
0 0.51171875 0.32734375 0.0375 0.065625
0 0.84296875 0.440625 0.03984375 0.0703125
0 0.84375 0.3515625 0.0359375 0.065625
0 0.77578125 0.259375 0.04375 0.059375