0 0.84921875 0.21484375 0.02109375 0.07890625
0 0.6796875 0.21328125 0.021875 0.08203125
0 0.54296875 0.21015625 0.02421875 0.0875
0 0.7734375 0.871875 0.021875 0.07890625
0 0.83203125 0.87578125 0.02421875 0.08671875
0 0.87421875 0.6515625 0.025 0.06015625
0 0.68203125 0.6 0.021875 0.07109375
0 0.71953125 0.540625 0.021875 0.0703125
0 0.765625 0.53984375 0.021875 0.07109375
0 0.83125 0.66171875 0.0234375 0.0734375
0 0.69453125 0.765625 0.025 0.05859375
0 0.67109375 0.33125 0.025 0.059375
0 0.6453125 0.40390625 0.02109375 0.06953125
0 0.6796875 0.4875 0.021875 0.06953125
0 0.3640625 0.5484375 0.025 0.059375
0 0.3296875 0.5609375 0.02109375 0.06640625