0 0.53515625 0.34453125 0.05234375 0.05
0 0.49375 0.34453125 0.053125 0.05
0 0.5796875 0.884375 0.04375 0.06171875
0 0.73203125 0.8953125 0.04921875 0.0484375
0 0.88828125 0.6859375 0.03359375 0.0484375
0 0.80703125 0.684375 0.0359375 0.05703125
0 0.80703125 0.64140625 0.0359375 0.05703125
0 0.8125 0.74453125 0.0421875 0.04296875
0 0.85546875 0.7953125 0.03671875 0.05390625
0 0.57890625 0.78671875 0.04140625 0.059375
0 0.52109375 0.74296875 0.03203125 0.0484375
0 0.46171875 0.88203125 0.03515625 0.0375
0 0.77265625 0.7296875 0.04609375 0.046875
0 0.63515625 0.7296875 0.04453125 0.04765625
0 0.64140625 0.571875 0.04140625 0.05703125
0 0.31875 0.6453125 0.03984375 0.05625
0 0.359375 0.6359375 0.02421875 0.0375
0 0.42109375 0.64765625 0.04296875 0.06015625
0 0.5015625 0.5671875 0.028125 0.028125
0 0.3859375 0.5609375 0.02890625 0.03046875
0 0.38671875 0.52109375 0.0296875 0.03046875
0 0.3328125 0.46953125 0.0296875 0.0296875
0 0.3328125 0.43046875 0.0296875 0.03046875
0 0.31171875 0.87578125 0.04140625 0.04453125
0 0.3078125 0.67109375 0.03359375 0.03515625
0 0.45859375 0.7265625 0.046875 0.0484375
0 0.94765625 0.49765625 0.0453125 0.0453125
0 0.1859375 0.37109375 0.03984375 0.06328125
0 0.77109375 0.71328125 0.02421875 0.0328125
0 0.6578125 0.65234375 0.025 0.02421875