0 0.41328125 0.96328125 0.0453125 0.04296875
0 0.8734375 0.56796875 0.0421875 0.03671875
0 0.46171875 0.60234375 0.04140625 0.040625
0 0.10390625 0.77890625 0.05625 0.03046875
0 0.68828125 0.73515625 0.06015625 0.04453125
0 0.69296875 0.8375 0.040625 0.03359375
0 0.70546875 0.7765625 0.0421875 0.0265625
0 0.171875 0.69609375 0.0359375 0.03203125
0 0.19140625 0.7734375 0.040625 0.03359375
0 0.2921875 0.84453125 0.0453125 0.02890625
0 0.33125 0.7796875 0.04453125 0.028125
0 0.3609375 0.86640625 0.0390625 0.0328125
0 0.4125 0.896875 0.04453125 0.03671875
0 0.10390625 0.2515625 0.05859375 0.03046875
0 0.77890625 0.246875 0.034375 0.03125