0 0.61875 0.95546875 0.04609375 0.04375
0 0.15078125 0.55390625 0.0421875 0.0375
0 0.56953125 0.58828125 0.0421875 0.04140625
0 0.9328125 0.76875 0.05703125 0.03125
0 0.3390625 0.7234375 0.0609375 0.0453125
0 0.334375 0.828125 0.040625 0.034375
0 0.321875 0.765625 0.0421875 0.0265625
0 0.86328125 0.68359375 0.03671875 0.0328125
0 0.84375 0.7625 0.040625 0.034375
0 0.74140625 0.834375 0.04609375 0.0296875
0 0.7015625 0.76875 0.0453125 0.02890625
0 0.671875 0.85703125 0.0390625 0.03359375
0 0.61875 0.88828125 0.0453125 0.0375
0 0.9328125 0.2328125 0.059375 0.03046875
0 0.246875 0.228125 0.034375 0.03125