0 0.0953125 0.584375 0.06171875 0.06171875
0 0.665625 0.80625 0.05859375 0.0609375
0 0.615625 0.54453125 0.06171875 0.0640625
0 0.615625 0.4796875 0.06171875 0.06484375
0 0.659375 0.26328125 0.046875 0.04609375
0 0.65703125 0.2015625 0.04140625 0.040625
0 0.65703125 0.1609375 0.04140625 0.03984375
0 0.44765625 0.20234375 0.0578125 0.06171875
0 0.74296875 0.384375 0.05859375 0.084375
0 0.346875 0.384375 0.05859375 0.084375
0 0.55859375 0.759375 0.05234375 0.05390625
0 0.871875 0.703125 0.034375 0.03515625
0 0.71328125 0.85625 0.03515625 0.05078125
0 0.66796875 0.85625 0.034375 0.05