0 0.76015625 0.840625 0.03046875 0.071875
0 0.57890625 0.56875 0.03515625 0.04375
0 0.6484375 0.59765625 0.0265625 0.05234375
0 0.70390625 0.64453125 0.0265625 0.05234375
0 0.72109375 0.31328125 0.03203125 0.04609375
0 0.6953125 0.32421875 0.0234375 0.04609375
0 0.64921875 0.48671875 0.02734375 0.053125
0 0.7609375 0.75859375 0.03125 0.0609375
0 0.696875 0.75390625 0.0265625 0.05234375
0 0.7609375 0.23203125 0.0265625 0.06171875
0 0.6546875 0.43671875 0.0265625 0.04140625
0 0.23671875 0.834375 0.02734375 0.065625
0 0.196875 0.753125 0.0265625 0.05625
0 0.16484375 0.4625 0.028125 0.0421875
0 0.16484375 0.59140625 0.028125 0.0421875
0 0.1703125 0.37890625 0.0265625 0.053125