0 0.34921875 0.23203125 0.0390625 0.06015625
0 0.34921875 0.18046875 0.0390625 0.06015625
0 0.1 0.18046875 0.0390625 0.0609375
0 0.16953125 0.18046875 0.03828125 0.06015625
0 0.11796875 0.7609375 0.05546875 0.08203125
0 0.1734375 0.7609375 0.0546875 0.08203125
0 0.753125 0.69453125 0.0390625 0.0609375
0 0.821875 0.57890625 0.04296875 0.05
0 0.81953125 0.46171875 0.0390625 0.04375
0 0.75234375 0.409375 0.0375 0.05859375
0 0.1953125 0.44921875 0.0390625 0.06171875
0 0.0890625 0.38671875 0.03125 0.05078125
0 0.2890625 0.2734375 0.03359375 0.05390625
0 0.26875 0.496875 0.03046875 0.04921875
0 0.33515625 0.37890625 0.03046875 0.04921875
0 0.3625 0.5078125 0.04296875 0.0484375
0 0.396875 0.3671875 0.040625 0.0453125
0 0.75234375 0.584375 0.0390625 0.0609375
0 0.66328125 0.5171875 0.02890625 0.04765625
0 0.32734375 0.246875 0.040625 0.04609375