0 0.3765625 0.8125 0.03359375 0.0609375
0 0.21328125 0.5875 0.04375 0.03984375
0 0.3125 0.2109375 0.04453125 0.04140625
0 0.66796875 0.2828125 0.04296875 0.0390625
0 0.66796875 0.16640625 0.04375 0.03984375
0 0.76328125 0.6078125 0.0296875 0.05234375
0 0.5609375 0.6171875 0.03046875 0.0453125
0 0.5125 0.6171875 0.03046875 0.0453125
0 0.3765625 0.6984375 0.034375 0.04921875
0 0.4125 0.37421875 0.0375 0.04140625
0 0.43671875 0.25390625 0.03515625 0.0390625
0 0.51640625 0.3296875 0.02734375 0.04140625
0 0.4953125 0.28359375 0.0359375 0.046875
0 0.50546875 0.24765625 0.03046875 0.0453125
0 0.5109375 0.1796875 0.034375 0.03984375
0 0.34453125 0.31015625 0.03984375 0.05234375
0 0.36328125 0.33359375 0.03984375 0.05234375
0 0.48203125 0.40546875 0.04140625 0.05390625
0 0.5640625 0.55546875 0.03828125 0.04453125