0 0.39453125 0.821875 0.034375 0.06328125
0 0.22578125 0.58984375 0.0453125 0.040625
0 0.328125 0.20078125 0.04609375 0.0421875
0 0.69453125 0.275 0.04453125 0.040625
0 0.69453125 0.15546875 0.04453125 0.040625
0 0.79296875 0.6109375 0.03046875 0.05390625
0 0.584375 0.6203125 0.03125 0.04609375
0 0.534375 0.6203125 0.03203125 0.04609375
0 0.39453125 0.70390625 0.03515625 0.05078125
0 0.43125 0.36953125 0.0390625 0.0421875
0 0.45625 0.2453125 0.0359375 0.040625
0 0.53828125 0.32421875 0.028125 0.0421875
0 0.51640625 0.2765625 0.0375 0.0484375
0 0.52734375 0.2390625 0.03203125 0.046875
0 0.5328125 0.16953125 0.0359375 0.040625
0 0.3609375 0.303125 0.04140625 0.05390625
0 0.38046875 0.328125 0.04140625 0.05390625
0 0.503125 0.4015625 0.0421875 0.05625
0 0.5875 0.55625 0.0390625 0.04609375