0 0.40625 0.7609375 0.078125 0.06640625
0 0.36875 0.1484375 0.0671875 0.0609375
0 0.34921875 0.48671875 0.078125 0.04296875
0 0.28359375 0.48671875 0.078125 0.04296875
0 0.28828125 0.665625 0.06796875 0.03671875
0 0.34453125 0.61796875 0.06796875 0.03671875
0 0.16640625 0.66171875 0.0625 0.04765625
0 0.82421875 0.55234375 0.05390625 0.04296875
0 0.74453125 0.55703125 0.0671875 0.05234375
0 0.65703125 0.55703125 0.06796875 0.05234375
0 0.825 0.3875 0.0546875 0.04296875
0 0.71328125 0.43359375 0.07734375 0.05859375
0 0.4140625 0.665625 0.08046875 0.059375
0 0.3296875 0.88046875 0.08828125 0.05078125