0 0.06953125 0.8359375 0.0625 0.09140625
0 0.4875 0.31171875 0.0640625 0.06796875
0 0.428125 0.47421875 0.07109375 0.0765625
0 0.4875 0.625 0.0640625 0.06875
0 0.48828125 0.71328125 0.065625 0.07109375
0 0.34609375 0.296875 0.0640625 0.06796875
0 0.41796875 0.2859375 0.05078125 0.07265625
0 0.32578125 0.45 0.0671875 0.07265625
0 0.10546875 0.6453125 0.04453125 0.0640625
0 0.25859375 0.734375 0.046875 0.0671875
0 0.32578125 0.80390625 0.0515625 0.05234375
0 0.24296875 0.865625 0.0578125 0.07421875