0 0.79375 0.0203125 0.046875 0.03984375
0 0.6875 0.5421875 0.04375 0.05625
0 0.68828125 0.66875 0.04375 0.0640625
0 0.81953125 0.734375 0.046875 0.06328125
0 0.875 0.7328125 0.04453125 0.04453125
0 0.87578125 0.63046875 0.04296875 0.04140625
0 0.8125 0.9109375 0.059375 0.05703125
0 0.315625 0.146875 0.05 0.07734375
0 0.315625 0.08828125 0.05 0.0765625
0 0.37890625 0.14765625 0.0515625 0.07890625
0 0.37890625 0.0875 0.0515625 0.078125
0 0.3125 0.58515625 0.05234375 0.065625
0 0.38203125 0.58515625 0.05234375 0.06640625
0 0.296875 0.5 0.0453125 0.0421875
0 0.31328125 0.3484375 0.0515625 0.06640625