0 0.3515625 0.0796875 0.05390625 0.04765625
0 0.36484375 0.13203125 0.04140625 0.06015625
0 0.48515625 0.57265625 0.05546875 0.05078125
0 0.17265625 0.66171875 0.04375 0.06328125
0 0.12890625 0.66171875 0.04375 0.06328125
0 0.05703125 0.24296875 0.04765625 0.040625
0 0.57890625 0.48515625 0.03359375 0.04765625
0 0.6296875 0.51875 0.0265625 0.03984375
0 0.57890625 0.5671875 0.0484375 0.04765625
0 0.57421875 0.615625 0.0234375 0.0328125
0 0.73828125 0.54609375 0.04921875 0.0484375
0 0.7359375 0.45390625 0.04453125 0.04296875
0 0.73828125 0.3578125 0.05 0.0484375
0 0.73671875 0.68359375 0.046875 0.04609375
0 0.74765625 0.24921875 0.03671875 0.0484375
0 0.67578125 0.68828125 0.04375 0.05703125
0 0.221875 0.27578125 0.03515625 0.04921875
0 0.23984375 0.39921875 0.0484375 0.04921875
0 0.35625 0.4484375 0.028125 0.04140625
0 0.3046875 0.4515625 0.03359375 0.04765625
0 0.4203125 0.4015625 0.0421875 0.0390625
0 0.365625 0.303125 0.03671875 0.0515625
0 0.68671875 0.33046875 0.04296875 0.0546875
0 0.5765625 0.32578125 0.03515625 0.04609375
0 0.52265625 0.28046875 0.03359375 0.03125