0 0.35703125 0.10234375 0.05234375 0.04609375
0 0.3703125 0.153125 0.03984375 0.05859375
0 0.4859375 0.5796875 0.05390625 0.0484375
0 0.184375 0.665625 0.0421875 0.0609375
0 0.14140625 0.665625 0.0421875 0.0609375
0 0.071875 0.26015625 0.04609375 0.0390625
0 0.57734375 0.4953125 0.03203125 0.04609375
0 0.6265625 0.528125 0.02578125 0.0390625
0 0.5765625 0.575 0.046875 0.04609375
0 0.57265625 0.621875 0.02265625 0.03203125
0 0.73046875 0.55390625 0.04765625 0.046875
0 0.728125 0.46484375 0.04296875 0.04140625
0 0.73125 0.371875 0.0484375 0.046875
0 0.7296875 0.6875 0.0453125 0.04453125
0 0.73984375 0.26640625 0.03515625 0.046875
0 0.6703125 0.69140625 0.0421875 0.05546875
0 0.23125 0.2921875 0.034375 0.04765625
0 0.24921875 0.4125 0.046875 0.04765625
0 0.3609375 0.459375 0.02734375 0.03984375
0 0.31171875 0.4625 0.0328125 0.04609375
0 0.4234375 0.4140625 0.040625 0.0375
0 0.37109375 0.31875 0.0359375 0.05
0 0.68125 0.3453125 0.04140625 0.053125
0 0.575 0.340625 0.03359375 0.04453125
0 0.52265625 0.296875 0.0328125 0.03046875