0 0.21953125 0.9875 0.034375 0.025
0 0.4875 0.69296875 0.04140625 0.0546875
0 0.35078125 0.20625 0.0296875 0.0796875
0 0.04453125 0.47265625 0.03046875 0.07734375
0 0.2375 0.81484375 0.034375 0.0734375
0 0.41875 0.4796875 0.0265625 0.06015625
0 0.34765625 0.70078125 0.034375 0.0546875
0 0.41953125 0.64921875 0.02578125 0.0578125
0 0.41328125 0.53203125 0.02578125 0.0390625
0 0.29765625 0.7078125 0.02890625 0.0640625
0 0.73359375 0.4765625 0.03359375 0.05234375
0 0.83984375 0.4765625 0.03359375 0.0546875
0 0.83828125 0.60703125 0.03125 0.05078125
0 0.7828125 0.61640625 0.02578125 0.05234375