0 0.7765625 0.959375 0.0328125 0.08125
0 0.5203125 0.64921875 0.03984375 0.05234375
0 0.65078125 0.18359375 0.028125 0.07578125
0 0.94375 0.43828125 0.0296875 0.07421875
0 0.759375 0.765625 0.0328125 0.0703125
0 0.5859375 0.44453125 0.02578125 0.0578125
0 0.65390625 0.65625 0.0328125 0.05234375
0 0.58515625 0.60703125 0.02421875 0.05546875
0 0.59140625 0.49453125 0.025 0.03671875
0 0.70234375 0.6625 0.028125 0.06171875
0 0.28515625 0.4421875 0.03203125 0.05
0 0.18359375 0.44140625 0.03203125 0.05234375
0 0.184375 0.5671875 0.03046875 0.0484375
0 0.23828125 0.575 0.02421875 0.05