0 0.97109375 0.64140625 0.05703125 0.065625
0 0.97109375 0.57578125 0.05703125 0.065625
0 0.97109375 0.73125 0.05703125 0.04765625
0 0.434375 0.80390625 0.06015625 0.034375
0 0.35703125 0.94375 0.05625 0.03203125
0 0.4296875 0.590625 0.06796875 0.03984375
0 0.48359375 0.7296875 0.06796875 0.040625
0 0.3296875 0.63203125 0.05078125 0.05
0 0.23515625 0.91875 0.06328125 0.0375
0 0.1140625 0.865625 0.05625 0.05234375
0 0.32734375 0.75390625 0.05390625 0.0515625
0 0.11015625 0.75390625 0.05234375 0.05078125
0 0.51484375 0.40078125 0.0671875 0.0671875
0 0.484375 0.2953125 0.065625 0.0390625
0 0.23828125 0.346875 0.05859375 0.0359375
0 0.38515625 0.0578125 0.04921875 0.0546875
0 0.38515625 0.09453125 0.04921875 0.0546875
0 0.675 0.15625 0.05546875 0.053125
0 0.603125 0.19765625 0.0546875 0.05234375
0 0.6859375 0.1078125 0.04296875 0.0375
0 0.7046875 0.2359375 0.0640625 0.03828125
0 0.64609375 0.24375 0.04453125 0.040625
0 0.51328125 0.3109375 0.0640625 0.05546875
0 0.42109375 0.30390625 0.046875 0.04296875