0 0.9484375 0.6546875 0.103125 0.06484375
0 0.9484375 0.58984375 0.103125 0.06484375
0 0.9390625 0.74453125 0.08515625 0.04765625
0 0.390625 0.81640625 0.06015625 0.034375
0 0.3140625 0.95546875 0.05625 0.03203125
0 0.3859375 0.60390625 0.0671875 0.03984375
0 0.43984375 0.7421875 0.0671875 0.03984375
0 0.28671875 0.64609375 0.05078125 0.04921875
0 0.1921875 0.93125 0.0625 0.03671875
0 0.071875 0.878125 0.05625 0.05234375
0 0.284375 0.76640625 0.053125 0.0515625
0 0.06796875 0.76640625 0.05234375 0.05078125
0 0.4703125 0.415625 0.06640625 0.0671875
0 0.440625 0.3109375 0.065625 0.03828125
0 0.1953125 0.36171875 0.0578125 0.0359375
0 0.34140625 0.075 0.0484375 0.0546875
0 0.34140625 0.11171875 0.0484375 0.0546875
0 0.6296875 0.17265625 0.05546875 0.053125
0 0.55859375 0.2140625 0.0546875 0.05234375
0 0.640625 0.125 0.04296875 0.03671875
0 0.659375 0.25234375 0.06328125 0.03828125
0 0.6015625 0.26015625 0.04375 0.03984375
0 0.46953125 0.3265625 0.0640625 0.05546875
0 0.378125 0.31953125 0.046875 0.0421875