0 0.865625 0.53359375 0.03828125 0.07734375
0 0.765625 0.653125 0.03828125 0.07890625
0 0.77421875 0.83046875 0.02578125 0.06953125
0 0.81796875 0.9 0.03359375 0.09140625
0 0.734375 0.7875 0.0296875 0.0796875
0 0.8171875 0.75234375 0.0328125 0.1
0 0.728125 0.67890625 0.0296875 0.0921875
0 0.27734375 0.7640625 0.03359375 0.1
0 0.21875 0.3421875 0.025 0.06953125
0 0.30234375 0.409375 0.0328125 0.08828125
0 0.22890625 0.31796875 0.03359375 0.08515625
0 0.365625 0.3171875 0.040625 0.07890625
0 0.17109375 0.32578125 0.03671875 0.075