0 0.47109375 0.3296875 0.08984375 0.05390625
0 0.53359375 0.3296875 0.08984375 0.05390625
0 0.31015625 0.13359375 0.08671875 0.05234375
0 0.37109375 0.13359375 0.08671875 0.05234375
0 0.48515625 0.921875 0.065625 0.08125
0 0.2046875 0.16953125 0.05078125 0.05078125
0 0.28515625 0.215625 0.05546875 0.0546875
0 0.14765625 0.36171875 0.04453125 0.04609375
0 0.31875 0.6703125 0.0890625 0.078125
0 0.28203125 0.74765625 0.06953125 0.053125
0 0.54375 0.709375 0.0671875 0.0515625
0 0.41953125 0.7890625 0.071875 0.0609375
0 0.48515625 0.79609375 0.0703125 0.0671875