0 0.45703125 0.315625 0.090625 0.0546875
0 0.51953125 0.315625 0.090625 0.0546875
0 0.29453125 0.1171875 0.0875 0.053125
0 0.35546875 0.1171875 0.0875 0.053125
0 0.47109375 0.91484375 0.06640625 0.08203125
0 0.1875 0.15390625 0.0515625 0.05078125
0 0.26875 0.2 0.05625 0.05546875
0 0.1296875 0.3484375 0.0453125 0.04609375
0 0.30234375 0.66015625 0.08984375 0.07890625
0 0.265625 0.73828125 0.0703125 0.05390625
0 0.5296875 0.69921875 0.06796875 0.0515625
0 0.4046875 0.78046875 0.07265625 0.06171875
0 0.47109375 0.7875 0.07109375 0.06796875