0 0.40859375 0.08046875 0.0375 0.0796875
0 0.46328125 0.1375 0.03671875 0.07890625
0 0.46328125 0.08046875 0.03671875 0.07890625
0 0.73203125 0.8359375 0.03671875 0.0828125
0 0.21015625 0.28203125 0.0421875 0.05546875
0 0.36640625 0.30234375 0.02890625 0.05546875
0 0.40625 0.3921875 0.04453125 0.059375
0 0.40625 0.46953125 0.04453125 0.06015625
0 0.45078125 0.559375 0.040625 0.06953125
0 0.675 0.61171875 0.04609375 0.0625
0 0.79375 0.6109375 0.04609375 0.0609375
0 0.7328125 0.7265625 0.0375 0.06484375
0 0.578125 0.45390625 0.03203125 0.05625
0 0.73125 0.31796875 0.028125 0.05078125