0 0.5859375 0.07734375 0.0375 0.0796875
0 0.53046875 0.13515625 0.0375 0.07890625
0 0.53046875 0.078125 0.0375 0.07890625
0 0.2609375 0.8375 0.03671875 0.0828125
0 0.7859375 0.28046875 0.0421875 0.05546875
0 0.628125 0.30078125 0.02890625 0.05546875
0 0.58828125 0.39140625 0.0453125 0.059375
0 0.58828125 0.46875 0.0453125 0.06015625
0 0.54375 0.56015625 0.040625 0.0703125
0 0.31796875 0.6125 0.04609375 0.0625
0 0.1984375 0.6109375 0.04609375 0.0609375
0 0.26015625 0.728125 0.0375 0.06484375
0 0.415625 0.45390625 0.03203125 0.05625
0 0.26171875 0.31640625 0.028125 0.0515625