0 0.3171875 0.1640625 0.03828125 0.0671875
0 0.140625 0.33828125 0.04140625 0.065625
0 0.44453125 0.77890625 0.0390625 0.0609375
0 0.5296875 0.77890625 0.0390625 0.0609375
0 0.625 0.78125 0.04140625 0.0640625
0 0.84765625 0.15 0.053125 0.04921875
0 0.278125 0.390625 0.03984375 0.059375
0 0.334375 0.390625 0.03984375 0.059375
0 0.7765625 0.58515625 0.0453125 0.04921875
0 0.7765625 0.52109375 0.04453125 0.04765625
0 0.61953125 0.653125 0.04375 0.0609375
0 0.71015625 0.6015625 0.03984375 0.05625
0 0.5546875 0.5796875 0.046875 0.0515625
0 0.35625 0.56953125 0.0359375 0.05234375
0 0.45546875 0.52421875 0.0375 0.053125
0 0.46015625 0.45703125 0.046875 0.04921875
0 0.35625 0.44453125 0.03671875 0.0515625
0 0.41328125 0.58046875 0.0453125 0.04921875