0 0.6765625 0.16953125 0.0375 0.065625
0 0.8484375 0.33984375 0.03984375 0.0640625
0 0.5515625 0.76875 0.0375 0.059375
0 0.46875 0.76875 0.0375 0.059375
0 0.3765625 0.7703125 0.040625 0.0625
0 0.16015625 0.15625 0.0515625 0.04765625
0 0.7140625 0.390625 0.0390625 0.0578125
0 0.659375 0.390625 0.0390625 0.0578125
0 0.22890625 0.58046875 0.04375 0.04765625
0 0.22890625 0.5171875 0.04375 0.04609375
0 0.38125 0.64609375 0.04296875 0.059375
0 0.29375 0.59609375 0.0390625 0.0546875
0 0.44453125 0.57421875 0.0453125 0.05
0 0.63828125 0.56484375 0.03515625 0.05078125
0 0.54140625 0.5203125 0.0359375 0.0515625
0 0.53671875 0.4546875 0.0453125 0.0484375
0 0.63828125 0.44375 0.03515625 0.05078125
0 0.5828125 0.57578125 0.04453125 0.0484375