0 0.471875 0.23359375 0.06796875 0.034375
0 0.52265625 0.23359375 0.0671875 0.034375
0 0.44140625 0.67421875 0.05703125 0.0453125
0 0.4796875 0.6609375 0.01796875 0.01875
0 0.690625 0.7578125 0.06328125 0.0328125
0 0.409375 0.53125 0.03828125 0.02109375
0 0.61796875 0.53515625 0.05234375 0.040625
0 0.78125 0.534375 0.0515625 0.03984375
0 0.15703125 0.48828125 0.05078125 0.028125
0 0.5203125 0.403125 0.0359375 0.01953125
0 0.5203125 0.38359375 0.0359375 0.0203125
0 0.43984375 0.61953125 0.059375 0.0453125
0 0.47890625 0.60625 0.01875 0.01796875
0 0.91171875 0.1890625 0.04375 0.03671875
0 0.68359375 0.04453125 0.0546875 0.03125
0 0.54609375 0.0953125 0.03828125 0.03046875
0 0.65546875 0.09765625 0.0453125 0.0359375
0 0.8046875 0.46484375 0.04921875 0.02734375
0 0.84609375 0.25234375 0.05390625 0.03046875