0 0.25546875 0.7140625 0.05546875 0.06484375
0 0.26875 0.1921875 0.053125 0.0671875
0 0.26875 0.23984375 0.053125 0.06640625
0 0.27890625 0.79296875 0.0546875 0.04140625
0 0.171875 0.353125 0.05390625 0.0421875
0 0.25703125 0.6296875 0.0515625 0.0515625
0 0.33515625 0.634375 0.04296875 0.0328125
0 0.7109375 0.2375 0.0484375 0.059375
0 0.5828125 0.61328125 0.0375 0.04140625
0 0.65390625 0.5703125 0.04375 0.04453125
0 0.7390625 0.5703125 0.04453125 0.04453125
0 0.63671875 0.471875 0.046875 0.03515625
0 0.65 0.4 0.04609375 0.04765625
0 0.709375 0.4609375 0.04921875 0.05