0 0.46015625 0.73828125 0.03359375 0.06953125
0 0.46015625 0.67890625 0.03359375 0.06953125
0 0.77734375 0.29375 0.03984375 0.06015625
0 0.6921875 0.19921875 0.03671875 0.05546875
0 0.50078125 0.51015625 0.03125 0.0453125
0 0.49765625 0.5625 0.03828125 0.05703125
0 0.37578125 0.49921875 0.02578125 0.05625
0 0.44453125 0.45078125 0.028125 0.0609375
0 0.3234375 0.34375 0.03203125 0.046875
0 0.321875 0.24140625 0.03515625 0.05234375
0 0.315625 0.18046875 0.0296875 0.0625
0 0.30859375 0.6734375 0.03515625 0.0515625
0 0.4453125 0.2640625 0.03046875 0.06328125