0 0.5390625 0.753125 0.0328125 0.06796875
0 0.5390625 0.6953125 0.0328125 0.06796875
0 0.22890625 0.31953125 0.03828125 0.05859375
0 0.3125 0.2265625 0.0359375 0.05390625
0 0.49921875 0.53046875 0.03046875 0.04453125
0 0.50234375 0.58203125 0.0375 0.05625
0 0.62109375 0.51953125 0.025 0.05546875
0 0.55390625 0.47265625 0.028125 0.059375
0 0.67265625 0.36796875 0.03125 0.04609375
0 0.67421875 0.26796875 0.034375 0.0515625
0 0.6796875 0.20859375 0.02890625 0.06171875
0 0.6875 0.68984375 0.034375 0.05078125
0 0.553125 0.290625 0.0296875 0.06171875