0 0.33984375 0.1109375 0.04140625 0.09140625
0 0.7984375 0.9171875 0.04921875 0.10390625
0 0.153125 0.9125 0.04375 0.09453125
0 0.290625 0.209375 0.05390625 0.06015625
0 0.85078125 0.39296875 0.06484375 0.1046875
0 0.959375 0.5453125 0.03203125 0.06328125
0 0.8796875 0.66953125 0.05078125 0.06875
0 0.84140625 0.48828125 0.040625 0.053125
0 0.796875 0.7546875 0.04921875 0.08984375
0 0.5015625 0.69296875 0.05234375 0.07265625
0 0.4578125 0.25703125 0.05 0.06796875
0 0.340625 0.27421875 0.040625 0.08125
0 0.353125 0.49921875 0.04140625 0.0546875