0 0.3578125 0.04765625 0.04140625 0.09140625
0 0.8125 0.84921875 0.04921875 0.103125
0 0.171875 0.84453125 0.04296875 0.09375
0 0.30859375 0.14453125 0.053125 0.059375
0 0.86484375 0.32734375 0.06484375 0.1046875
0 0.9734375 0.47890625 0.03203125 0.06328125
0 0.89375 0.60234375 0.05078125 0.06875
0 0.85546875 0.42265625 0.03984375 0.05234375
0 0.81171875 0.6875 0.04921875 0.08984375
0 0.51796875 0.6265625 0.05234375 0.071875
0 0.47421875 0.1921875 0.04921875 0.0671875
0 0.35859375 0.209375 0.040625 0.08046875
0 0.3703125 0.43359375 0.04140625 0.0546875