0 0.59453125 0.80234375 0.0421875 0.05546875
0 0.55234375 0.80234375 0.0421875 0.05546875
0 0.63515625 0.6796875 0.06796875 0.05390625
0 0.6859375 0.5328125 0.06171875 0.046875
0 0.6375 0.4140625 0.0625 0.04765625
0 0.775 0.47109375 0.04765625 0.05546875
0 0.76328125 0.678125 0.0578125 0.05
0 0.69921875 0.73828125 0.04609375 0.053125
0 0.83046875 0.534375 0.05390625 0.0453125
0 0.2046875 0.28671875 0.05234375 0.059375
0 0.209375 0.7078125 0.05234375 0.059375
0 0.215625 0.41328125 0.05 0.04375
0 0.22265625 0.36484375 0.0359375 0.02890625
0 0.22265625 0.3359375 0.0359375 0.02890625