0 0.209375 0.29140625 0.06171875 0.06484375
0 0.278125 0.84765625 0.065625 0.0625
0 0.278125 0.8953125 0.065625 0.0625
0 0.31484375 0.64453125 0.065625 0.04140625
0 0.315625 0.75546875 0.06484375 0.04140625
0 0.31875 0.590625 0.05703125 0.0359375
0 0.884375 0.29140625 0.0625 0.06328125
0 0.87890625 0.74765625 0.0578125 0.053125
0 0.8078125 0.67421875 0.06484375 0.04140625
0 0.78828125 0.49453125 0.05546875 0.04609375
0 0.80078125 0.7421875 0.05703125 0.04765625
0 0.72265625 0.659375 0.0640625 0.04140625