0 0.02578125 0.5375 0.0515625 0.07109375
0 0.0671875 0.5375 0.0609375 0.07109375
0 0.77734375 0.07734375 0.040625 0.09296875
0 0.77734375 0.13984375 0.040625 0.09296875
0 0.8265625 0.42109375 0.05 0.0703125
0 0.82578125 0.51015625 0.04921875 0.06875
0 0.5703125 0.51875 0.034375 0.06171875
0 0.48671875 0.51953125 0.0359375 0.0640625
0 0.778125 0.34140625 0.040625 0.07109375
0 0.421875 0.65703125 0.03828125 0.053125
0 0.63359375 0.6515625 0.04296875 0.05546875
0 0.39921875 0.8046875 0.04453125 0.0859375
0 0.39921875 0.73515625 0.04453125 0.0859375
0 0.715625 0.6171875 0.034375 0.06171875