0 0.15546875 0.62421875 0.05078125 0.05234375
0 0.21484375 0.20234375 0.05 0.053125
0 0.21484375 0.240625 0.05 0.053125
0 0.27734375 0.46875 0.05 0.0328125
0 0.14375 0.58203125 0.04296875 0.02890625
0 0.14140625 0.509375 0.0390625 0.02578125
0 0.15546875 0.5640625 0.05 0.04375
0 0.10078125 0.65078125 0.04765625 0.0421875
0 0.65546875 0.2046875 0.0484375 0.05234375
0 0.65546875 0.2421875 0.0484375 0.0515625
0 0.6953125 0.51875 0.0359375 0.03671875
0 0.64921875 0.47890625 0.04609375 0.03046875
0 0.6484375 0.43046875 0.04765625 0.03203125
0 0.75 0.36953125 0.0359375 0.0328125
0 0.64140625 0.39296875 0.0453125 0.040625
0 0.584375 0.39296875 0.0453125 0.03984375
0 0.5625 0.47890625 0.0484375 0.04296875