0 0.284375 0.6203125 0.034375 0.02734375
0 0.2625 0.6203125 0.03359375 0.02734375
0 0.109375 0.65625 0.021875 0.0390625
0 0.11328125 0.61875 0.021875 0.02265625
0 0.146875 0.65625 0.01484375 0.02265625
0 0.103125 0.66171875 0.0203125 0.02109375
0 0.10390625 0.69140625 0.0234375 0.025
0 0.18671875 0.6578125 0.021875 0.03828125
0 0.19140625 0.68671875 0.02109375 0.02109375
0 0.1921875 0.66015625 0.01875 0.01875
0 0.25625 0.63515625 0.0140625 0.02734375
0 0.4984375 0.62265625 0.03359375 0.028125
0 0.5203125 0.62265625 0.034375 0.028125
0 0.66796875 0.6203125 0.02265625 0.021875
0 0.64375 0.53671875 0.015625 0.025
0 0.6734375 0.65859375 0.021875 0.0375
0 0.678125 0.69375 0.02421875 0.0234375
0 0.67890625 0.66484375 0.021875 0.02109375
0 0.52578125 0.63828125 0.01171875 0.025
0 0.58984375 0.6625 0.02109375 0.01953125
0 0.58984375 0.68828125 0.02109375 0.0203125
0 0.59609375 0.659375 0.02109375 0.0359375
0 0.63515625 0.65703125 0.01328125 0.02109375
0 0.0203125 0.6046875 0.0234375 0.021875
0 0.76171875 0.6078125 0.01875 0.01875
0 0.26875 0.1078125 0.02734375 0.02265625
0 0.26875 0.13046875 0.02734375 0.02265625
0 0.08828125 0.36328125 0.0078125 0.0171875
0 0.10234375 0.37109375 0.01953125 0.0328125
0 0.303125 0.33828125 0.02734375 0.02265625
0 0.1046875 0.20625 0.01484375 0.03046875
0 0.11953125 0.20625 0.01484375 0.03046875
0 0.04765625 0.20625 0.01484375 0.03046875
0 0.0625 0.20625 0.01484375 0.03046875
0 0.19609375 0.16640625 0.01796875 0.01796875
0 0.22890625 0.1609375 0.01953125 0.02890625
0 0.08984375 0.271875 0.02265625 0.02421875
0 0.14921875 0.30625 0.01796875 0.0171875
0 0.08828125 0.32421875 0.00859375 0.0140625
0 0.10234375 0.33046875 0.01796875 0.0265625
0 0.16953125 0.309375 0.01484375 0.02265625
0 0.246875 0.325 0.01015625 0.0171875
0 0.27578125 0.30625 0.0171875 0.02578125
0 0.31875 0.2890625 0.01015625 0.0171875
0 0.334375 0.2890625 0.01015625 0.0171875
0 0.28671875 0.30625 0.0125 0.01171875
0 0.26953125 0.278125 0.02890625 0.025
0 0.3609375 0.1703125 0.025 0.025
0 0.340625 0.1703125 0.025 0.025
0 0.19609375 0.30625 0.02109375 0.0203125
0 0.521875 0.134375 0.02734375 0.02265625
0 0.521875 0.11171875 0.02734375 0.02265625
0 0.6890625 0.37109375 0.01875 0.03203125
0 0.70234375 0.36484375 0.0078125 0.01875
0 0.4875 0.33984375 0.02890625 0.02265625
0 0.52265625 0.315625 0.02734375 0.02265625
0 0.521875 0.2796875 0.02734375 0.0234375
0 0.54296875 0.3265625 0.00859375 0.015625
0 0.45703125 0.29140625 0.009375 0.0171875
0 0.471875 0.290625 0.01015625 0.0171875
0 0.51484375 0.30703125 0.01484375 0.02265625
0 0.50546875 0.30625 0.0125 0.01171875
0 0.59375 0.30703125 0.01953125 0.01953125
0 0.59375 0.1671875 0.01953125 0.01953125
0 0.56171875 0.16171875 0.01875 0.0296875
0 0.72890625 0.20859375 0.015625 0.0296875
0 0.74453125 0.20859375 0.015625 0.0296875
0 0.671875 0.20859375 0.015625 0.0296875
0 0.6875 0.20859375 0.01484375 0.0296875
0 0.70078125 0.27265625 0.0234375 0.02578125
0 0.64140625 0.30625 0.01953125 0.0171875
0 0.621875 0.3109375 0.0140625 0.02109375
0 0.68984375 0.33203125 0.01875 0.02734375
0 0.703125 0.325 0.0078125 0.0140625
0 0.4296875 0.17109375 0.02578125 0.0265625
0 0.45078125 0.17109375 0.02578125 0.0265625