0 0.7078125 0.62578125 0.03359375 0.02734375
0 0.7296875 0.62578125 0.03359375 0.02734375
0 0.88203125 0.66171875 0.02109375 0.0390625
0 0.878125 0.6234375 0.021875 0.02265625
0 0.84453125 0.6609375 0.01484375 0.02265625
0 0.88828125 0.66640625 0.0203125 0.02109375
0 0.88671875 0.69609375 0.02265625 0.02421875
0 0.8046875 0.6625 0.021875 0.0375
0 0.8 0.69140625 0.0203125 0.02109375
0 0.79921875 0.66484375 0.01875 0.01875
0 0.7359375 0.63984375 0.0140625 0.02734375
0 0.4953125 0.62734375 0.03359375 0.028125
0 0.4734375 0.62734375 0.03359375 0.028125
0 0.3265625 0.62578125 0.021875 0.021875
0 0.35078125 0.54296875 0.015625 0.02421875
0 0.321875 0.6640625 0.02109375 0.03671875
0 0.31640625 0.6984375 0.0234375 0.0234375
0 0.315625 0.66953125 0.021875 0.02109375
0 0.46796875 0.64375 0.01171875 0.02421875
0 0.40390625 0.66796875 0.0203125 0.01953125
0 0.40390625 0.69296875 0.0203125 0.0203125
0 0.39765625 0.6640625 0.02109375 0.03515625
0 0.359375 0.66171875 0.01328125 0.0203125
0 0.9703125 0.61015625 0.0234375 0.021875
0 0.23359375 0.61328125 0.01875 0.01875
0 0.7234375 0.11640625 0.02734375 0.02265625
0 0.7234375 0.1390625 0.02734375 0.02265625
0 0.90234375 0.36953125 0.00703125 0.0171875
0 0.8890625 0.378125 0.01953125 0.0328125
0 0.6890625 0.3453125 0.02734375 0.02265625
0 0.88671875 0.21328125 0.01484375 0.0296875
0 0.871875 0.21328125 0.01484375 0.0296875
0 0.94296875 0.21328125 0.01484375 0.0296875
0 0.928125 0.21328125 0.01484375 0.0296875
0 0.79609375 0.17421875 0.01796875 0.01796875
0 0.7625 0.16875 0.01953125 0.02890625
0 0.9015625 0.27890625 0.02265625 0.02421875
0 0.8421875 0.31328125 0.01796875 0.0171875
0 0.90234375 0.33125 0.00859375 0.0140625
0 0.8890625 0.33671875 0.01796875 0.0265625
0 0.82265625 0.31640625 0.01484375 0.021875
0 0.7453125 0.33203125 0.01015625 0.0171875
0 0.71640625 0.31328125 0.0171875 0.02578125
0 0.6734375 0.29609375 0.01015625 0.0171875
0 0.65859375 0.29609375 0.01015625 0.0171875
0 0.70546875 0.31328125 0.0125 0.0109375
0 0.72265625 0.28515625 0.02890625 0.02421875
0 0.63203125 0.178125 0.025 0.025
0 0.65234375 0.178125 0.025 0.025
0 0.7953125 0.31328125 0.0203125 0.0203125
0 0.471875 0.1421875 0.02734375 0.021875
0 0.471875 0.11953125 0.02734375 0.02265625
0 0.30625 0.378125 0.01796875 0.03125
0 0.29296875 0.37109375 0.0078125 0.01875
0 0.50625 0.346875 0.02890625 0.02265625
0 0.47109375 0.32265625 0.02734375 0.02265625
0 0.471875 0.28671875 0.02734375 0.0234375
0 0.45078125 0.33359375 0.00859375 0.015625
0 0.5359375 0.2984375 0.009375 0.01640625
0 0.52109375 0.29765625 0.01015625 0.0171875
0 0.47890625 0.3140625 0.01484375 0.02265625
0 0.48828125 0.31328125 0.0125 0.01171875
0 0.40078125 0.3140625 0.01953125 0.01953125
0 0.40078125 0.175 0.01953125 0.01875
0 0.43203125 0.16953125 0.01875 0.0296875
0 0.26640625 0.215625 0.015625 0.0296875
0 0.25078125 0.215625 0.015625 0.0296875
0 0.32265625 0.215625 0.015625 0.0296875
0 0.3078125 0.215625 0.01484375 0.0296875
0 0.29375 0.2796875 0.0234375 0.02578125
0 0.353125 0.31328125 0.01953125 0.0171875
0 0.37265625 0.31796875 0.0140625 0.02109375
0 0.3046875 0.33828125 0.01875 0.02734375
0 0.29140625 0.33203125 0.0078125 0.0140625
0 0.56328125 0.17890625 0.025 0.02578125
0 0.54296875 0.17890625 0.025 0.02578125