0 0.8140625 0.76484375 0.01640625 0.05859375
0 0.73984375 0.76796875 0.01875 0.0640625
0 0.7578125 0.2453125 0.01953125 0.06640625
0 0.77109375 0.2609375 0.00703125 0.0359375
0 0.8859375 0.8078125 0.021875 0.04375
0 0.90234375 0.33515625 0.025 0.04765625
0 0.95078125 0.375 0.02578125 0.078125
0 0.925 0.375 0.02578125 0.078125
0 0.77109375 0.3703125 0.00625 0.0234375
0 0.7578125 0.38828125 0.0203125 0.059375
0 0.78984375 0.5296875 0.0203125 0.04296875
0 0.80625 0.3953125 0.0203125 0.04296875
0 0.84140625 0.42421875 0.02265625 0.059375
0 0.85546875 0.47734375 0.0171875 0.05234375
0 0.85390625 0.609375 0.01484375 0.04453125
0 0.4375 0.246875 0.0171875 0.06171875
0 0.4078125 0.56328125 0.01953125 0.04140625
0 0.4078125 0.4390625 0.0203125 0.04375
0 0.4890625 0.4921875 0.021875 0.04609375
0 0.48359375 0.459375 0.0109375 0.01875
0 0.471875 0.5828125 0.0203125 0.04375
0 0.54609375 0.534375 0.015625 0.04765625