0 0.8875 0.08671875 0.0375 0.08046875
0 0.9296875 0.73515625 0.04921875 0.1015625
0 0.8796875 0.73515625 0.05 0.1015625
0 0.81171875 0.72578125 0.03828125 0.08203125
0 0.56875 0.86953125 0.0390625 0.0828125
0 0.3453125 0.6328125 0.03984375 0.05703125
0 0.3453125 0.57578125 0.03984375 0.05625
0 0.31328125 0.2046875 0.03671875 0.05078125
0 0.22734375 0.46953125 0.0296875 0.0578125
0 0.234375 0.4015625 0.034375 0.04921875
0 0.23046875 0.2703125 0.028125 0.05625
0 0.22890625 0.20703125 0.0375 0.05390625
0 0.66171875 0.31640625 0.03359375 0.06484375
0 0.6109375 0.31640625 0.03359375 0.06484375
0 0.5515625 0.725 0.03671875 0.0796875
0 0.55234375 0.56796875 0.0375 0.07109375
0 0.58359375 0.55625 0.046875 0.078125
0 0.66328125 0.46328125 0.03515625 0.065625
0 0.7375 0.45859375 0.0296875 0.05703125
0 0.14609375 0.20625 0.0453125 0.05625