0 0.93671875 0.0953125 0.0390625 0.084375
0 0.97734375 0.775 0.0453125 0.10625
0 0.92890625 0.775 0.05234375 0.10625
0 0.8578125 0.76484375 0.03984375 0.0859375
0 0.603125 0.915625 0.040625 0.08671875
0 0.36875 0.6671875 0.04140625 0.06015625
0 0.36875 0.6078125 0.04140625 0.059375
0 0.334375 0.21875 0.03828125 0.053125
0 0.24453125 0.49609375 0.03125 0.0609375
0 0.25234375 0.425 0.0359375 0.0515625
0 0.2484375 0.28828125 0.0296875 0.05859375
0 0.24609375 0.22109375 0.0390625 0.05625
0 0.70078125 0.3359375 0.03515625 0.06796875
0 0.646875 0.3359375 0.03515625 0.06796875
0 0.584375 0.7640625 0.03828125 0.08359375
0 0.5859375 0.59921875 0.0390625 0.07421875
0 0.61875 0.58671875 0.04921875 0.08203125
0 0.7015625 0.48984375 0.03671875 0.06875
0 0.7796875 0.48515625 0.03125 0.06015625
0 0.159375 0.22109375 0.046875 0.05859375