0 0.28359375 0.15625 0.04296875 0.0796875
0 0.15703125 0.15390625 0.04609375 0.08515625
0 0.69453125 0.80625 0.0484375 0.08671875
0 0.34453125 0.88828125 0.04609375 0.08828125
0 0.20546875 0.9 0.06328125 0.11171875
0 0.1421875 0.9 0.06328125 0.11171875
0 0.2546875 0.40546875 0.03671875 0.05703125
0 0.25859375 0.48828125 0.04453125 0.053125
0 0.35 0.68125 0.0359375 0.05546875
0 0.75859375 0.56953125 0.04296875 0.05
0 0.759375 0.378125 0.04375 0.05234375
0 0.71484375 0.2875 0.03671875 0.05859375
0 0.66640625 0.33515625 0.03359375 0.053125
0 0.69453125 0.65078125 0.0484375 0.0734375
0 0.70703125 0.10390625 0.040625 0.0484375