0 0.7796875 0.09921875 0.04453125 0.0828125
0 0.9109375 0.096875 0.0484375 0.08828125
0 0.353125 0.77265625 0.05 0.08984375
0 0.7171875 0.85703125 0.0484375 0.09140625
0 0.8609375 0.86953125 0.065625 0.115625
0 0.9265625 0.86953125 0.065625 0.115625
0 0.81015625 0.35703125 0.03828125 0.059375
0 0.80625 0.44296875 0.046875 0.0546875
0 0.7109375 0.64296875 0.03671875 0.0578125
0 0.28671875 0.52734375 0.04453125 0.0515625
0 0.28671875 0.3296875 0.0453125 0.05390625
0 0.3328125 0.23515625 0.03828125 0.06015625
0 0.3828125 0.28515625 0.034375 0.0546875
0 0.353125 0.6109375 0.05 0.07578125
0 0.340625 0.04453125 0.0421875 0.05