0 0.94609375 0.7015625 0.01640625 0.04609375
0 0.65 0.37109375 0.01328125 0.03984375
0 0.9171875 0.37109375 0.0140625 0.03984375
0 0.71953125 0.80625 0.015625 0.0453125
0 0.70078125 0.72890625 0.01640625 0.04140625
0 0.603125 0.5625 0.0109375 0.02734375
0 0.63515625 0.5375 0.0140625 0.0328125
0 0.6921875 0.6078125 0.021875 0.04453125
0 0.67265625 0.6328125 0.01640625 0.02734375
0 0.6359375 0.625 0.0125 0.0296875
0 0.6328125 0.57109375 0.01640625 0.02890625
0 0.95234375 0.57890625 0.0171875 0.0296875
0 0.953125 0.64453125 0.015625 0.02578125
0 0.475 0.37109375 0.01328125 0.0390625
0 0.3546875 0.36953125 0.0140625 0.04140625
0 0.459375 0.5359375 0.0140625 0.0328125
0 0.52265625 0.5609375 0.0109375 0.02578125
0 0.42734375 0.525 0.009375 0.01484375
0 0.4265625 0.4609375 0.01015625 0.01875
0 0.48984375 0.48671875 0.0109375 0.0265625
0 0.4765625 0.5703125 0.01640625 0.028125
0 0.371875 0.6015625 0.01328125 0.03046875
0 0.43125 0.571875 0.015625 0.02734375
0 0.33359375 0.57734375 0.01875 0.03515625