0 0.27734375 0.67734375 0.03671875 0.03203125
0 0.1421875 0.63046875 0.0234375 0.03828125
0 0.56796875 0.475 0.0234375 0.04375
0 0.3890625 0.296875 0.034375 0.03203125
0 0.525 0.1734375 0.02421875 0.04453125
0 0.74609375 0.23203125 0.03671875 0.0359375
0 0.525 0.340625 0.025 0.0375
0 0.4921875 0.35078125 0.02734375 0.03203125
0 0.51640625 0.29375 0.02734375 0.03203125
0 0.51640625 0.21328125 0.02734375 0.03203125
0 0.4625 0.21171875 0.025 0.02890625
0 0.265625 0.30390625 0.025 0.028125
0 0.265625 0.3453125 0.025 0.028125
0 0.22734375 0.37734375 0.0203125 0.03203125