0 0.3859375 0.48671875 0.03203125 0.06484375
0 0.3078125 0.65625 0.02890625 0.06015625
0 0.0234375 0.2875 0.03046875 0.06328125
0 0.3671875 0.409375 0.03984375 0.0515625
0 0.3078125 0.4375 0.028125 0.04921875
0 0.25 0.4359375 0.0296875 0.0515625
0 0.18125 0.43671875 0.02890625 0.05078125
0 0.23125 0.54921875 0.03515625 0.04453125
0 0.225 0.31875 0.03359375 0.0578125
0 0.5359375 0.35390625 0.0453125 0.05078125
0 0.67109375 0.27421875 0.03046875 0.05234375
0 0.71484375 0.27578125 0.028125 0.04921875
0 0.7234375 0.48828125 0.02890625 0.04921875
0 0.6203125 0.48828125 0.028125 0.04921875
0 0.73984375 0.40703125 0.034375 0.04453125
0 0.8484375 0.13125 0.03515625 0.0453125
0 0.84921875 0.60234375 0.03046875 0.03828125