0 0.41171875 0.525 0.03203125 0.06484375
0 0.33359375 0.69375 0.028125 0.059375
0 0.015625 0.83671875 0.03046875 0.05
0 0.0515625 0.3265625 0.03046875 0.0625
0 0.39296875 0.44765625 0.0390625 0.0515625
0 0.334375 0.47578125 0.028125 0.04921875
0 0.27578125 0.47421875 0.02890625 0.0515625
0 0.2078125 0.47421875 0.02890625 0.05078125
0 0.2578125 0.58671875 0.03515625 0.04453125
0 0.2515625 0.35703125 0.0328125 0.05703125
0 0.5609375 0.3921875 0.04453125 0.05078125
0 0.69453125 0.31328125 0.03046875 0.0515625
0 0.7390625 0.31484375 0.028125 0.0484375
0 0.746875 0.5265625 0.028125 0.0484375
0 0.64453125 0.5265625 0.028125 0.0484375
0 0.76328125 0.4453125 0.03359375 0.04453125
0 0.87109375 0.17109375 0.034375 0.0453125
0 0.871875 0.63984375 0.0296875 0.0375