0 0.61875 0.22890625 0.040625 0.084375
0 0.61875 0.28515625 0.040625 0.08359375
0 0.2046875 0.225 0.03984375 0.07421875
0 0.1109375 0.86328125 0.0609375 0.1
0 0.17109375 0.86328125 0.0609375 0.1
0 0.68125 0.846875 0.0453125 0.0890625
0 0.21171875 0.64921875 0.0625 0.0625
0 0.3609375 0.36953125 0.0484375 0.05625
0 0.55234375 0.678125 0.046875 0.05625
0 0.68046875 0.68671875 0.04453125 0.07265625
0 0.62734375 0.69375 0.03515625 0.05859375
0 0.765625 0.67890625 0.0484375 0.0578125
0 0.31328125 0.43515625 0.03515625 0.05859375
0 0.2015625 0.48671875 0.0390625 0.06484375