0 0.3890625 0.28125 0.05234375 0.08125
0 0.1734375 0.81171875 0.034375 0.103125
0 0.1234375 0.32265625 0.03359375 0.0796875
0 0.1203125 0.571875 0.04609375 0.09765625
0 0.1171875 0.40390625 0.034375 0.06484375
0 0.175 0.63671875 0.0359375 0.08671875
0 0.90390625 0.29140625 0.0515625 0.08125
0 0.68515625 0.3546875 0.028125 0.075
0 0.64921875 0.33828125 0.03984375 0.0703125
0 0.61328125 0.66015625 0.03984375 0.0703125
0 0.61484375 0.4328125 0.0375 0.06640625
0 0.72109375 0.43515625 0.03671875 0.06796875
0 0.6671875 0.44921875 0.03515625 0.08671875
0 0.778125 0.43046875 0.03203125 0.05546875