0 0.27578125 0.1546875 0.02578125 0.08515625
0 0.02109375 0.6 0.03984375 0.065625
0 0.1328125 0.57265625 0.02578125 0.07109375
0 0.22109375 0.57265625 0.02578125 0.07109375
0 0.23203125 0.378125 0.02265625 0.046875
0 0.23203125 0.33125 0.02265625 0.04609375
0 0.09453125 0.36171875 0.0265625 0.08125
0 0.12734375 0.4703125 0.03125 0.06875
0 0.27265625 0.8546875 0.02890625 0.08125
0 0.17890625 0.8484375 0.0234375 0.06875
0 0.7796875 0.184375 0.025 0.08203125
0 0.71640625 0.4578125 0.02890625 0.06171875
0 0.71640625 0.54375 0.02890625 0.06171875
0 0.84609375 0.63515625 0.0296875 0.06171875
0 0.80234375 0.64609375 0.0265625 0.06796875