0 0.284375 0.24140625 0.02578125 0.084375
0 0.0328125 0.68125 0.03984375 0.06484375
0 0.14296875 0.6546875 0.02578125 0.0703125
0 0.23046875 0.6546875 0.02578125 0.0703125
0 0.24140625 0.4625 0.02265625 0.046875
0 0.24140625 0.41640625 0.02265625 0.04609375
0 0.10546875 0.44609375 0.0265625 0.08046875
0 0.13828125 0.55390625 0.03125 0.06796875
0 0.28125 0.93359375 0.028125 0.08046875
0 0.1890625 0.92734375 0.02265625 0.06796875
0 0.7828125 0.27109375 0.02421875 0.08125
0 0.7203125 0.54140625 0.02890625 0.0609375
0 0.7203125 0.62578125 0.02890625 0.0609375
0 0.8484375 0.71640625 0.02890625 0.0609375
0 0.8046875 0.72734375 0.0265625 0.0671875