0 0.18046875 0.2125 0.03828125 0.06171875
0 0.5703125 0.21328125 0.0375 0.06015625
0 0.7875 0.5171875 0.05234375 0.04375
0 0.24296875 0.5859375 0.0421875 0.040625
0 0.27890625 0.52890625 0.0421875 0.040625
0 0.15078125 0.578125 0.03359375 0.04453125
0 0.57734375 0.52109375 0.04296875 0.0421875
0 0.6546875 0.559375 0.0359375 0.0484375
0 0.71796875 0.56015625 0.03515625 0.046875
0 0.66015625 0.68984375 0.046875 0.04375
0 0.32109375 0.7953125 0.04140625 0.0625
0 0.37109375 0.5859375 0.04296875 0.0421875
0 0.5703125 0.5796875 0.0375 0.05
0 0.8859375 0.07734375 0.0359375 0.05546875
0 0.80078125 0.26796875 0.03671875 0.053125