0 0.1953125 0.94609375 0.02734375 0.06875
0 0.1546875 0.2703125 0.0390625 0.0546875
0 0.125 0.2703125 0.0390625 0.0546875
0 0.15625 0.07265625 0.0421875 0.06171875
0 0.42734375 0.2265625 0.03359375 0.05390625
0 0.4375 0.8953125 0.03203125 0.06796875
0 0.528125 0.90703125 0.04453125 0.09140625
0 0.48359375 0.90703125 0.04453125 0.09140625
0 0.43828125 0.47265625 0.03046875 0.0640625
0 0.27265625 0.55703125 0.02578125 0.0546875
0 0.259375 0.703125 0.02734375 0.05859375
0 0.3296875 0.7015625 0.02578125 0.05625
0 0.196875 0.85390625 0.02890625 0.06171875
0 0.12421875 0.34609375 0.0296875 0.04765625
0 0.05546875 0.3515625 0.02578125 0.03984375
0 0.05 0.184375 0.0234375 0.05234375
0 0.340625 0.609375 0.02578125 0.04140625
0 0.64765625 0.63125 0.0265625 0.040625
0 0.86484375 0.6296875 0.03125 0.05078125
0 0.92578125 0.6265625 0.02734375 0.04375
0 0.92578125 0.5703125 0.0265625 0.040625