0 0.21328125 0.959375 0.02890625 0.071875
0 0.16953125 0.24765625 0.04140625 0.0578125
0 0.1390625 0.24765625 0.04140625 0.0578125
0 0.17109375 0.03984375 0.04453125 0.06484375
0 0.45703125 0.20234375 0.03515625 0.05703125
0 0.46796875 0.90625 0.03359375 0.07109375
0 0.56328125 0.91875 0.046875 0.09609375
0 0.51640625 0.91875 0.046875 0.09609375
0 0.46875 0.4609375 0.03203125 0.06796875
0 0.29453125 0.55 0.02734375 0.0578125
0 0.28046875 0.70390625 0.02890625 0.0625
0 0.3546875 0.70234375 0.02734375 0.059375
0 0.2140625 0.86328125 0.03046875 0.06484375
0 0.13828125 0.328125 0.03125 0.05
0 0.065625 0.33359375 0.02734375 0.0421875
0 0.06015625 0.1578125 0.02421875 0.05546875
0 0.36640625 0.60546875 0.02734375 0.04375
0 0.6890625 0.628125 0.028125 0.04296875
0 0.9171875 0.62734375 0.03359375 0.05390625
0 0.98203125 0.6234375 0.02890625 0.04609375
0 0.98203125 0.5640625 0.028125 0.04296875