0 0.703125 0.253125 0.046875 0.05078125
0 0.4140625 0.2046875 0.0109375 0.03203125
0 0.43203125 0.19375 0.02578125 0.05390625
0 0.38359375 0.559375 0.03359375 0.06796875
0 0.66640625 0.625 0.05078125 0.0546875
0 0.89140625 0.775 0.03671875 0.046875
0 0.70703125 0.48984375 0.0546875 0.0625
0 0.72890625 0.425 0.03046875 0.05390625
0 0.853125 0.425 0.0296875 0.053125
0 0.9515625 0.4171875 0.03515625 0.0453125
0 0.77734375 0.6390625 0.03125 0.053125
0 0.5296875 0.403125 0.03515625 0.0421875
0 0.475 0.371875 0.03046875 0.05546875
0 0.59921875 0.24921875 0.03515625 0.04453125
0 0.16796875 0.50078125 0.04140625 0.053125
0 0.165625 0.28046875 0.03671875 0.046875
0 0.57734375 0.44375 0.0390625 0.0609375
0 0.39375 0.50078125 0.0296875 0.03671875
0 0.6984375 0.17421875 0.03671875 0.04453125
0 0.990625 0.2078125 0.01875 0.05
0 0.98984375 0.175 0.01640625 0.0140625