0 0.86640625 0.7890625 0.025 0.0703125
0 0.903125 0.22421875 0.021875 0.05625
0 0.903125 0.26796875 0.021875 0.05625
0 0.90234375 0.159375 0.03046875 0.05078125
0 0.83828125 0.2765625 0.02578125 0.0421875
0 0.7921875 0.284375 0.02109375 0.04765625
0 0.790625 0.3890625 0.01640625 0.04296875
0 0.89453125 0.62734375 0.02578125 0.04375
0 0.86640625 0.6984375 0.025 0.05703125
0 0.815625 0.61484375 0.01796875 0.0421875
0 0.7859375 0.6140625 0.01640625 0.03984375
0 0.3515625 0.22578125 0.02578125 0.06796875
0 0.3515625 0.27578125 0.02578125 0.06796875
0 0.3 0.63203125 0.02578125 0.04453125
0 0.37734375 0.63359375 0.025 0.04453125
0 0.34375 0.66015625 0.01796875 0.03984375