0 0.7 0.7671875 0.0265625 0.059375
0 0.7 0.7171875 0.0265625 0.059375
0 0.8484375 0.77890625 0.02734375 0.0421875
0 0.80234375 0.79453125 0.02265625 0.05234375
0 0.771875 0.79765625 0.0203125 0.04609375
0 0.7546875 0.69609375 0.02578125 0.040625
0 0.69921875 0.59609375 0.0265625 0.05703125
0 0.7625 0.6625 0.021875 0.04921875
0 0.76875 0.29140625 0.01875 0.0390625
0 0.75078125 0.29140625 0.01796875 0.0390625
0 0.490625 0.50234375 0.03984375 0.0609375
0 0.4578125 0.50234375 0.03984375 0.0609375
0 0.48984375 0.390625 0.03828125 0.0578125
0 0.45859375 0.390625 0.03828125 0.0578125
0 0.315625 0.403125 0.0296875 0.06875
0 0.31953125 0.74609375 0.03515625 0.05390625
0 0.31953125 0.54609375 0.03515625 0.053125
0 0.22265625 0.346875 0.03671875 0.05546875
0 0.12109375 0.56484375 0.0296875 0.0671875
0 0.11953125 0.41953125 0.03125 0.0703125
0 0.1046875 0.49140625 0.03125 0.0453125
0 0.27734375 0.75703125 0.0296875 0.0671875