0 0.66171875 0.75625 0.02734375 0.06015625
0 0.66171875 0.70546875 0.02734375 0.06015625
0 0.8125 0.76875 0.02734375 0.0421875
0 0.76484375 0.78359375 0.0234375 0.053125
0 0.734375 0.78671875 0.0203125 0.046875
0 0.71640625 0.68515625 0.0265625 0.04140625
0 0.6609375 0.58359375 0.0265625 0.0578125
0 0.725 0.65078125 0.021875 0.05
0 0.73125 0.275 0.01875 0.03984375
0 0.7125 0.275 0.01875 0.03984375
0 0.45 0.4890625 0.040625 0.06171875
0 0.4171875 0.4890625 0.03984375 0.06171875
0 0.44921875 0.375 0.03828125 0.05859375
0 0.41796875 0.375 0.03828125 0.05859375
0 0.2734375 0.38828125 0.03046875 0.06953125
0 0.27734375 0.73515625 0.0359375 0.0546875
0 0.27734375 0.5328125 0.0359375 0.05390625
0 0.17890625 0.33125 0.03671875 0.05625
0 0.07578125 0.55234375 0.0296875 0.06796875
0 0.075 0.4046875 0.03125 0.07109375
0 0.06015625 0.47734375 0.03125 0.04609375
0 0.234375 0.74609375 0.0296875 0.06796875