0 0.3171875 0.80234375 0.05234375 0.10078125
0 0.74765625 0.95859375 0.0609375 0.0828125
0 0.01484375 0.253125 0.0296875 0.06875
0 0.3734375 0.62265625 0.0640625 0.08125
0 0.290625 0.40703125 0.05546875 0.1015625
0 0.26796875 0.61640625 0.06015625 0.078125
0 0.14921875 0.646875 0.05 0.06328125
0 0.67421875 0.5375 0.06953125 0.09375
0 0.74296875 0.428125 0.0578125 0.10546875
0 0.31328125 0.96171875 0.0546875 0.0765625
0 0.096875 0.25546875 0.05234375 0.06875
0 0.05625 0.64140625 0.04375 0.08203125
0 0.35 0.60234375 0.03984375 0.07421875