0 0.01328125 0.884375 0.0265625 0.0578125
0 0.70859375 0.88359375 0.03359375 0.0796875
0 0.5109375 0.33671875 0.04609375 0.10234375
0 0.55625 0.33671875 0.04609375 0.10234375
0 0.6921875 0.77890625 0.03046875 0.04609375
0 0.5359375 0.91640625 0.02265625 0.05234375
0 0.64296875 0.7921875 0.028125 0.0625
0 0.6515625 0.47734375 0.0234375 0.053125
0 0.7015625 0.52578125 0.02890625 0.06328125
0 0.7734375 0.525 0.028125 0.0625
0 0.9015625 0.5234375 0.02734375 0.059375
0 0.7515625 0.725 0.021875 0.04765625
0 0.709375 0.71484375 0.03359375 0.06875
0 0.690625 0.6140625 0.02734375 0.03984375
0 0.69296875 0.68046875 0.03125 0.04765625