0 0.91953125 0.44765625 0.02109375 0.04765625
0 0.9515625 0.446875 0.0203125 0.04609375
0 0.90234375 0.8109375 0.03359375 0.05234375
0 0.97265625 0.6546875 0.02734375 0.059375
0 0.2625 0.81015625 0.03046875 0.07265625
0 0.44375 0.31171875 0.0421875 0.09375
0 0.4015625 0.31171875 0.0421875 0.09375
0 0.27734375 0.71484375 0.028125 0.0421875
0 0.4203125 0.83984375 0.02109375 0.04765625
0 0.32265625 0.7265625 0.02578125 0.05703125
0 0.31484375 0.43984375 0.02109375 0.0484375
0 0.26875 0.48359375 0.0265625 0.0578125
0 0.203125 0.48359375 0.02578125 0.05703125
0 0.08671875 0.48203125 0.025 0.0546875
0 0.2234375 0.665625 0.01953125 0.04296875
0 0.2625 0.65625 0.03046875 0.0625
0 0.27890625 0.5640625 0.025 0.0359375
0 0.27734375 0.625 0.02890625 0.04296875