0 0.590625 0.5640625 0.028125 0.0390625
0 0.6625 0.65703125 0.0328125 0.028125
0 0.4046875 0.7140625 0.02890625 0.03828125
0 0.62734375 0.7453125 0.02890625 0.0390625
0 0.58984375 0.80234375 0.02890625 0.025
0 0.496875 0.8359375 0.02421875 0.02890625
0 0.4875 0.7015625 0.03359375 0.0296875
0 0.5171875 0.69296875 0.02421875 0.03203125
0 0.6125 0.66484375 0.021875 0.01875
0 0.434375 0.10078125 0.02890625 0.0390625
0 0.51171875 0.21015625 0.03671875 0.034375
0 0.17890625 0.55390625 0.0484375 0.05703125
0 0.13046875 0.55390625 0.0484375 0.05703125
0 0.0765625 0.553125 0.0484375 0.05625
0 0.02890625 0.553125 0.04765625 0.05625
0 0.2484375 0.28046875 0.025 0.0328125
0 0.428125 0.25234375 0.028125 0.03515625
0 0.3625 0.1984375 0.03046875 0.02734375
0 0.46484375 0.21171875 0.03515625 0.03359375
0 0.37109375 0.1546875 0.02890625 0.0359375
0 0.378125 0.20859375 0.01953125 0.02578125
0 0.55859375 0.25078125 0.03125 0.0375
0 0.821875 0.3109375 0.0203125 0.0296875
0 0.7859375 0.31328125 0.02421875 0.03359375
0 0.82734375 0.25390625 0.02265625 0.0203125
0 0.76796875 0.215625 0.03125 0.028125
0 0.84609375 0.1796875 0.02578125 0.0234375