0 0.64140625 0.16640625 0.0390625 0.08359375
0 0.67734375 0.9609375 0.0453125 0.078125
0 0.6765625 0.8734375 0.04453125 0.07890625
0 0.68984375 0.80078125 0.04453125 0.06171875
0 0.69453125 0.6578125 0.03515625 0.04765625
0 0.62890625 0.80078125 0.046875 0.06328125
0 0.8625 0.1140625 0.0484375 0.06484375
0 0.3375 0.96171875 0.040625 0.0765625
0 0.3921875 0.6796875 0.0609375 0.0953125
0 0.32734375 0.68828125 0.059375 0.09453125
0 0.325 0.58984375 0.0453125 0.06171875
0 0.28046875 0.3484375 0.040625 0.07421875