0 0.46015625 0.08515625 0.05546875 0.09375
0 0.46015625 0.03203125 0.05546875 0.0640625
0 0.21171875 0.76796875 0.0546875 0.08984375
0 0.73203125 0.771875 0.06171875 0.09765625
0 0.42265625 0.63671875 0.059375 0.06015625
0 0.28125 0.3140625 0.0390625 0.0609375
0 0.28125 0.57109375 0.0453125 0.06640625
0 0.26875 0.50390625 0.05078125 0.0515625
0 0.37109375 0.23515625 0.065625 0.06796875
0 0.88046875 0.52421875 0.0625 0.065625
0 0.83984375 0.28203125 0.0640625 0.0671875
0 0.73125 0.6265625 0.06171875 0.0875
0 0.79765625 0.56328125 0.04140625 0.0625