0 0.61953125 0.37890625 0.05078125 0.06171875
0 0.57578125 0.37890625 0.05 0.06171875
0 0.66015625 0.78671875 0.03828125 0.0640625
0 0.81640625 0.7921875 0.04609375 0.075
0 0.7703125 0.7921875 0.04609375 0.075
0 0.62109375 0.66015625 0.04921875 0.05859375
0 0.58359375 0.446875 0.034375 0.04296875
0 0.2578125 0.72109375 0.0375 0.059375
0 0.3828125 0.7203125 0.03515625 0.05703125
0 0.42890625 0.675 0.028125 0.046875
0 0.475 0.7203125 0.0359375 0.05703125
0 0.53046875 0.565625 0.0328125 0.0515625
0 0.63203125 0.459375 0.02734375 0.0453125
0 0.6671875 0.459375 0.02734375 0.0453125
0 0.7296875 0.425 0.03359375 0.04140625
0 0.82578125 0.28984375 0.02578125 0.04296875
0 0.678125 0.6609375 0.046875 0.05703125
0 0.7140625 0.59140625 0.03515625 0.04296875