0 0.64140625 0.384375 0.0484375 0.059375
0 0.6 0.384375 0.0484375 0.059375
0 0.7171875 0.009375 0.034375 0.01875
0 0.68046875 0.7765625 0.03671875 0.0609375
0 0.83125 0.78203125 0.04375 0.071875
0 0.78671875 0.78203125 0.04453125 0.071875
0 0.64375 0.65546875 0.04765625 0.05703125
0 0.60703125 0.45078125 0.0328125 0.04140625
0 0.29453125 0.7140625 0.0359375 0.05703125
0 0.41484375 0.7125 0.034375 0.0546875
0 0.45859375 0.66953125 0.02734375 0.04453125
0 0.503125 0.7125 0.034375 0.0546875
0 0.55625 0.5640625 0.03125 0.05
0 0.65390625 0.4625 0.0265625 0.04375
0 0.68671875 0.4625 0.0265625 0.04375
0 0.74765625 0.42890625 0.03203125 0.03984375
0 0.83984375 0.29921875 0.025 0.04140625
0 0.69765625 0.65625 0.04453125 0.0546875
0 0.7328125 0.5890625 0.03359375 0.04140625