0 0.4171875 0.778125 0.04453125 0.04609375
0 0.40625 0.7359375 0.0375 0.02109375
0 0.4078125 0.68515625 0.040625 0.0234375
0 0.40859375 0.60859375 0.0421875 0.02421875
0 0.62890625 0.68515625 0.03515625 0.03046875
0 0.6203125 0.71796875 0.03984375 0.02265625
0 0.434375 0.62265625 0.03984375 0.02265625
0 0.4328125 0.7421875 0.0421875 0.025
0 0.13671875 0.4515625 0.0421875 0.04140625
0 0.19453125 0.20625 0.04140625 0.0328125
0 0.15625 0.2078125 0.0421875 0.02578125
0 0.15546875 0.25546875 0.03984375 0.02421875
0 0.13515625 0.39765625 0.04609375 0.0359375
0 0.11640625 0.40703125 0.0359375 0.02109375
0 0.7078125 0.16328125 0.04453125 0.02734375
0 0.725 0.25234375 0.0421875 0.02578125
0 0.72265625 0.2140625 0.04609375 0.02890625
0 0.73046875 0.45625 0.04453125 0.04453125
0 0.73046875 0.42421875 0.04453125 0.04453125