0 0.3953125 0.790625 0.04453125 0.0453125
0 0.38515625 0.7484375 0.0375 0.02109375
0 0.3859375 0.69765625 0.040625 0.0234375
0 0.38671875 0.621875 0.04140625 0.02421875
0 0.60625 0.69765625 0.03515625 0.0296875
0 0.59765625 0.73046875 0.0390625 0.02265625
0 0.4125 0.63515625 0.03984375 0.02265625
0 0.4109375 0.7546875 0.0421875 0.025
0 0.11640625 0.465625 0.0421875 0.040625
0 0.17421875 0.221875 0.04140625 0.0328125
0 0.13671875 0.2234375 0.04140625 0.02578125
0 0.1359375 0.2703125 0.03984375 0.02421875
0 0.11484375 0.4125 0.0453125 0.0359375
0 0.096875 0.42109375 0.03515625 0.02109375
0 0.684375 0.17890625 0.04453125 0.02734375
0 0.7015625 0.2671875 0.04140625 0.02578125
0 0.69921875 0.2296875 0.04609375 0.02890625
0 0.70703125 0.4703125 0.04453125 0.04453125
0 0.70703125 0.4390625 0.04453125 0.04453125