0 0.42265625 0.8 0.04765625 0.0796875
0 0.42265625 0.73984375 0.04765625 0.0796875
0 0.67265625 0.246875 0.0671875 0.05625
0 0.134375 0.52734375 0.06796875 0.059375
0 0.85390625 0.57265625 0.04765625 0.0484375
0 0.88984375 0.7484375 0.0421875 0.06015625
0 0.65234375 0.6953125 0.04375 0.0625
0 0.91796875 0.58359375 0.04375 0.05
0 0.9234375 0.47109375 0.0328125 0.0359375
0 0.9234375 0.50703125 0.0328125 0.0359375
0 0.83203125 0.49921875 0.0421875 0.0609375
0 0.7125 0.66171875 0.04453125 0.06328125