0 0.23828125 0.575 0.0359375 0.07734375
0 0.034375 0.2328125 0.0453125 0.05
0 0.0125 0.2328125 0.025 0.05
0 0.36640625 0.9640625 0.04765625 0.07109375
0 0.31875 0.9640625 0.046875 0.07109375
0 0.2671875 0.64609375 0.04453125 0.0578125
0 0.17890625 0.65 0.0328125 0.06796875
0 0.23203125 0.85625 0.03984375 0.04765625
0 0.25078125 0.41640625 0.03046875 0.040625
0 0.246875 0.34453125 0.03828125 0.05234375
0 0.23828125 0.47109375 0.03515625 0.0625
0 0.38671875 0.39140625 0.0234375 0.0515625
0 0.3328125 0.3484375 0.0328125 0.04375
0 0.26171875 0.93125 0.0359375 0.06328125
0 0.2328125 0.91796875 0.0203125 0.0375
0 0.52734375 0.34140625 0.05078125 0.0578125
0 0.5640625 0.34140625 0.05078125 0.0578125
0 0.80703125 0.40234375 0.0296875 0.0390625
0 0.81015625 0.34453125 0.0359375 0.0484375
0 0.8109375 0.28046875 0.0375 0.0515625
0 0.64609375 0.34375 0.0375 0.05
0 0.73671875 0.26875 0.025 0.04765625
0 0.6109375 0.35703125 0.025 0.04765625
0 0.76953125 0.1859375 0.02578125 0.05
0 0.840625 0.10390625 0.021875 0.03984375
0 0.8390625 0.46015625 0.021875 0.03984375