0 0.23515625 0.50234375 0.03515625 0.075
0 0.0375 0.1703125 0.04375 0.0484375
0 0.0140625 0.16953125 0.028125 0.0484375
0 0.359375 0.8890625 0.04609375 0.08671875
0 0.31328125 0.8890625 0.0453125 0.08671875
0 0.26328125 0.571875 0.04375 0.05546875
0 0.17734375 0.575 0.03125 0.065625
0 0.22890625 0.775 0.03828125 0.04609375
0 0.24765625 0.3484375 0.0296875 0.03984375
0 0.24375 0.27890625 0.0375 0.05078125
0 0.2359375 0.4015625 0.034375 0.06015625
0 0.3796875 0.32421875 0.0234375 0.05
0 0.3265625 0.2828125 0.03203125 0.0421875
0 0.2578125 0.84765625 0.03515625 0.0609375
0 0.23046875 0.83515625 0.01953125 0.0359375
0 0.515625 0.275 0.04921875 0.05546875
0 0.5515625 0.275 0.04921875 0.05546875
0 0.78671875 0.334375 0.02890625 0.0375
0 0.78984375 0.278125 0.03515625 0.046875
0 0.790625 0.21640625 0.03671875 0.05
0 0.63125 0.27734375 0.0359375 0.0484375
0 0.71953125 0.20546875 0.02421875 0.04609375
0 0.596875 0.290625 0.02421875 0.04609375
0 0.75078125 0.12421875 0.025 0.0484375
0 0.81953125 0.0453125 0.02109375 0.0390625
0 0.81796875 0.390625 0.02109375 0.0390625