0 0.45703125 0.53828125 0.04375 0.04921875
0 0.87265625 0.7703125 0.05703125 0.0375
0 0.44453125 0.96640625 0.0515625 0.05625
0 0.715625 0.88359375 0.05703125 0.04453125
0 0.78203125 0.76484375 0.046875 0.0453125
0 0.81171875 0.65234375 0.0453125 0.04296875
0 0.3203125 0.78203125 0.046875 0.04453125
0 0.25 0.7734375 0.05625 0.04375
0 0.309375 0.72265625 0.05078125 0.0484375
0 0.25234375 0.89375 0.05234375 0.04140625
0 0.871875 0.2234375 0.05859375 0.0375
0 0.51328125 0.26328125 0.03984375 0.0390625
0 0.5765625 0.23203125 0.05234375 0.040625