0 0.5984375 0.31875 0.0390625 0.06328125
0 0.56796875 0.31875 0.0390625 0.06328125
0 0.4515625 0.63125 0.0390625 0.05859375
0 0.8734375 0.3421875 0.03046875 0.071875
0 0.58515625 0.6375 0.03203125 0.05625
0 0.63359375 0.63125 0.0296875 0.05390625
0 0.63203125 0.51484375 0.03203125 0.059375
0 0.78359375 0.5265625 0.028125 0.06640625
0 0.88515625 0.528125 0.0296875 0.0703125
0 0.8921875 0.46640625 0.02578125 0.04765625
0 0.72265625 0.8546875 0.03046875 0.08671875
0 0.67890625 0.6796875 0.0234375 0.05703125
0 0.52421875 0.67421875 0.03046875 0.06640625