0 0.528125 0.66015625 0.02890625 0.0546875
0 0.715625 0.834375 0.021875 0.0890625
0 0.715625 0.72109375 0.021875 0.06875
0 0.65625 0.6625 0.0203125 0.0640625
0 0.57734375 0.59453125 0.01953125 0.0609375
0 0.55546875 0.64296875 0.01484375 0.04765625
0 0.57734375 0.45703125 0.0203125 0.0625
0 0.95703125 0.58671875 0.02265625 0.08359375
0 0.26328125 0.2515625 0.02890625 0.05390625
0 0.34765625 0.6078125 0.02265625 0.05625
0 0.3890625 0.42578125 0.021875 0.05546875
0 0.38984375 0.35703125 0.02265625 0.05703125
0 0.28671875 0.53828125 0.02265625 0.05703125
0 0.26640625 0.46875 0.02265625 0.0578125
0 0.26640625 0.63515625 0.02265625 0.05703125