0 0.89140625 0.3484375 0.02109375 0.03984375
0 0.87578125 0.34140625 0.009375 0.02578125
0 0.73046875 0.028125 0.021875 0.04375
0 0.890625 0.2578125 0.02109375 0.03125
0 0.87578125 0.25 0.00859375 0.015625
0 0.90234375 0.1375 0.02421875 0.028125
0 0.81484375 0.1890625 0.02109375 0.03203125
0 0.878125 0.134375 0.02109375 0.03203125
0 0.35390625 0.6 0.0265625 0.04609375
0 0.275 0.5796875 0.02890625 0.05
0 0.2453125 0.92265625 0.02265625 0.03359375
0 0.2265625 0.91875 0.02265625 0.03359375
0 0.25390625 0.6796875 0.02578125 0.0375
0 0.24375 0.775 0.02578125 0.03828125
0 0.4578125 0.34921875 0.0203125 0.040625
0 0.4375 0.34921875 0.0203125 0.040625
0 0.515625 0.35078125 0.02265625 0.04375
0 0.50859375 0.18828125 0.0203125 0.03125
0 0.534375 0.1609375 0.02109375 0.03203125
0 0.5375 0.28203125 0.02578125 0.0296875
0 0.121875 0.35546875 0.025 0.04609375
0 0.13671875 0.16640625 0.02109375 0.03203125
0 0.1109375 0.16640625 0.02109375 0.03125
0 0.1640625 0.30234375 0.02421875 0.028125