0 0.92890625 0.45546875 0.0609375 0.0390625
0 0.66484375 0.79609375 0.04375 0.05390625
0 0.4546875 0.3296875 0.0671875 0.04375
0 0.50546875 0.3296875 0.0671875 0.04375
0 0.19375 0.4140625 0.059375 0.04453125
0 0.00859375 0.49140625 0.0171875 0.03203125
0 0.459375 0.675 0.05078125 0.03984375
0 0.675 0.49296875 0.04609375 0.034375
0 0.71328125 0.38359375 0.04453125 0.0328125
0 0.71640625 0.190625 0.05078125 0.03828125
0 0.59453125 0.146875 0.04609375 0.0453125
0 0.81875 0.3875 0.03828125 0.0390625
0 0.53828125 0.68828125 0.03515625 0.03671875
0 0.66328125 0.68359375 0.04609375 0.04609375
0 0.7203125 0.32890625 0.03984375 0.04296875