0 0.7453125 0.34921875 0.0515625 0.05625
0 0.20625 0.1796875 0.03984375 0.0875
0 0.51015625 0.828125 0.04609375 0.09375
0 0.74140625 0.53125 0.04375 0.06015625
0 0.82890625 0.71484375 0.034375 0.0609375
0 0.76796875 0.7171875 0.03046875 0.0546875
0 0.2265625 0.4171875 0.0390625 0.071875
0 0.234375 0.3 0.03984375 0.05390625
0 0.3140625 0.23828125 0.034375 0.0609375
0 0.34140625 0.59453125 0.0375 0.0671875
0 0.23515625 0.59453125 0.03828125 0.06796875
0 0.22109375 0.490625 0.04609375 0.0625
0 0.6390625 0.103125 0.0671875 0.09296875