0 0.76015625 0.3703125 0.053125 0.0578125
0 0.20625 0.19609375 0.04140625 0.08984375
0 0.51796875 0.86328125 0.046875 0.096875
0 0.75625 0.55859375 0.04453125 0.06171875
0 0.8453125 0.746875 0.03515625 0.0625
0 0.7828125 0.75 0.03125 0.05625
0 0.2265625 0.44140625 0.03984375 0.0734375
0 0.23515625 0.3203125 0.040625 0.05546875
0 0.31640625 0.25625 0.03515625 0.0625
0 0.3453125 0.62265625 0.0390625 0.06953125
0 0.2359375 0.6234375 0.0390625 0.0703125
0 0.22109375 0.515625 0.04765625 0.0640625
0 0.65078125 0.1171875 0.06953125 0.09609375