0 0.50078125 0.6515625 0.03046875 0.046875
0 0.49921875 0.06015625 0.03203125 0.03671875
0 0.57890625 0.67890625 0.0421875 0.05546875
0 0.59765625 0.528125 0.021875 0.03515625
0 0.59921875 0.43359375 0.021875 0.03515625
0 0.54921875 0.428125 0.02890625 0.03203125
0 0.571875 0.35 0.02578125 0.02890625
0 0.5015625 0.5734375 0.03125 0.04765625
0 0.54609375 0.53828125 0.02109375 0.034375
0 0.46484375 0.51171875 0.03203125 0.0359375
0 0.5 0.421875 0.03203125 0.03671875
0 0.5 0.2171875 0.03203125 0.03671875