0 0.61640625 0.1625 0.09453125 0.07265625
0 0.61640625 0.10859375 0.09453125 0.07265625
0 0.52578125 0.765625 0.10234375 0.07734375
0 0.18046875 0.2484375 0.09296875 0.06796875
0 0.18046875 0.1953125 0.09296875 0.0671875
0 0.5078125 0.878125 0.11171875 0.0546875
0 0.30859375 0.25703125 0.1 0.0515625
0 0.16640625 0.33671875 0.0921875 0.0578125
0 0.17421875 0.4609375 0.0703125 0.05
0 0.4015625 0.62109375 0.10078125 0.05078125
0 0.48046875 0.56328125 0.08203125 0.03984375
0 0.51015625 0.6796875 0.090625 0.0578125
0 0.68203125 0.54296875 0.103125 0.0515625
0 0.8203125 0.53125 0.0703125 0.046875