0 0.534375 0.209375 0.0328125 0.05234375
0 0.5125 0.22421875 0.0109375 0.021875
0 0.68828125 0.39296875 0.0328125 0.05234375
0 0.63984375 0.39296875 0.0328125 0.05234375
0 0.88671875 0.43359375 0.02890625 0.05390625
0 0.365625 0.50703125 0.028125 0.0453125
0 0.29375 0.5109375 0.03359375 0.053125
0 0.53125 0.46328125 0.03359375 0.053125
0 0.4734375 0.45703125 0.0359375 0.04453125
0 0.37265625 0.5359375 0.0375 0.040625
0 0.53828125 0.4578125 0.03671875 0.0453125
0 0.509375 0.5359375 0.0328125 0.040625
0 0.33203125 0.45625 0.03671875 0.0453125
0 0.365625 0.3265625 0.028125 0.0453125
0 0.39921875 0.43203125 0.02578125 0.0421875
0 0.78984375 0.8828125 0.0109375 0.02890625
0 0.76796875 0.8984375 0.0328125 0.06015625
0 0.790625 0.7890625 0.01171875 0.0375
0 0.76796875 0.77421875 0.0328125 0.0671875
0 0.4359375 0.80546875 0.01171875 0.0375
0 0.4140625 0.8203125 0.0328125 0.0671875
0 0.4140625 0.72421875 0.03359375 0.053125