0 0.53359375 0.190625 0.0328125 0.05234375
0 0.55546875 0.20546875 0.0109375 0.021875
0 0.3796875 0.37421875 0.0328125 0.05234375
0 0.428125 0.37421875 0.0328125 0.05234375
0 0.18125 0.41484375 0.02890625 0.05390625
0 0.70234375 0.48828125 0.028125 0.0453125
0 0.77421875 0.4921875 0.03359375 0.053125
0 0.53671875 0.4453125 0.03359375 0.053125
0 0.59453125 0.43828125 0.0359375 0.04453125
0 0.69609375 0.5171875 0.0375 0.040625
0 0.5296875 0.4390625 0.03671875 0.0453125
0 0.55859375 0.5171875 0.0328125 0.040625
0 0.73671875 0.4375 0.03671875 0.0453125
0 0.70234375 0.3078125 0.028125 0.0453125
0 0.66875 0.41328125 0.02578125 0.0421875
0 0.278125 0.8640625 0.0109375 0.02890625
0 0.3 0.8796875 0.0328125 0.06015625
0 0.278125 0.7703125 0.01171875 0.0375
0 0.3 0.75546875 0.0328125 0.0671875
0 0.63203125 0.78671875 0.01171875 0.0375
0 0.65390625 0.8015625 0.0328125 0.0671875
0 0.65390625 0.70546875 0.03359375 0.053125