0 0.4375 0.1953125 0.05078125 0.05
0 0.5875 0.3046875 0.03828125 0.0734375
0 0.86171875 0.29921875 0.046875 0.08515625
0 0.2765625 0.2171875 0.040625 0.065625
0 0.209375 0.17734375 0.03515625 0.040625
0 0.3125 0.5984375 0.04453125 0.0515625
0 0.5453125 0.63671875 0.0375 0.05859375
0 0.69921875 0.63671875 0.03828125 0.059375
0 0.3890625 0.696875 0.04375 0.0671875
0 0.43515625 0.68125 0.05703125 0.07734375
0 0.2328125 0.43046875 0.03515625 0.03828125
0 0.2453125 0.3390625 0.040625 0.06484375
0 0.8609375 0.4453125 0.04296875 0.06796875
0 0.38828125 0.84921875 0.04375 0.06796875
0 0.0953125 0.32109375 0.0515625 0.04921875