0 0.83203125 0.38046875 0.0484375 0.059375
0 0.78359375 0.38046875 0.04921875 0.059375
0 0.53671875 0.2140625 0.05 0.04609375
0 0.44921875 0.9015625 0.05234375 0.06328125
0 0.684375 0.73203125 0.04609375 0.05390625
0 0.8109375 0.73125 0.0453125 0.053125
0 0.4171875 0.65390625 0.05234375 0.04609375
0 0.1984375 0.578125 0.0421875 0.034375
0 0.2328125 0.578125 0.0421875 0.034375
0 0.58125 0.56796875 0.04609375 0.05390625
0 0.4234375 0.321875 0.03984375 0.04765625
0 0.3390625 0.43203125 0.0375 0.04609375
0 0.3453125 0.246875 0.03984375 0.04765625
0 0.33203125 0.16484375 0.05 0.04609375
0 0.4421875 0.7765625 0.05234375 0.059375
0 0.32578125 0.31328125 0.03359375 0.03046875