0 0.47109375 0.47421875 0.03046875 0.071875
0 0.346875 0.7265625 0.03359375 0.05078125
0 0.55703125 0.7390625 0.03046875 0.06328125
0 0.38125 0.740625 0.0296875 0.06171875
0 0.44453125 0.85625 0.03359375 0.05078125
0 0.38046875 0.6625 0.02890625 0.06171875
0 0.42421875 0.675 0.0375 0.0578125
0 0.3859375 0.19453125 0.04453125 0.0578125
0 0.41796875 0.19453125 0.04453125 0.0578125
0 0.1703125 0.4453125 0.03359375 0.078125
0 0.134375 0.2296875 0.02734375 0.040625
0 0.1703125 0.321875 0.03359375 0.06640625
0 0.75859375 0.1984375 0.0421875 0.05625
0 0.78984375 0.1984375 0.0421875 0.05625
0 0.5578125 0.1375 0.0265625 0.0390625
0 0.53515625 0.24453125 0.02578125 0.03828125
0 0.6140625 0.29921875 0.02578125 0.0390625
0 0.69140625 0.3109375 0.02734375 0.040625
0 0.57265625 0.2484375 0.02265625 0.046875
0 0.59921875 0.1640625 0.03125 0.04921875