0 0.4 0.6703125 0.040625 0.07109375
0 0.73671875 0.7921875 0.0375 0.078125
0 0.0359375 0.19140625 0.046875 0.05703125
0 0.09375 0.7140625 0.05546875 0.10546875
0 0.14921875 0.7140625 0.05546875 0.10546875
0 0.459375 0.55703125 0.03984375 0.06875
0 0.33203125 0.46796875 0.046875 0.0609375
0 0.37890625 0.36640625 0.03828125 0.06640625
0 0.4546875 0.42109375 0.03515625 0.0609375
0 0.46015625 0.3546875 0.04140625 0.05234375
0 0.45625 0.2609375 0.03046875 0.0546875
0 0.53671875 0.1859375 0.0375 0.04375
0 0.60234375 0.4140625 0.028125 0.05
0 0.6890625 0.4140625 0.02890625 0.05078125
0 0.7625 0.36484375 0.0375 0.0640625
0 0.69609375 0.1640625 0.02890625 0.0359375