0 0.5984375 0.66796875 0.040625 0.07109375
0 0.26015625 0.790625 0.0375 0.078125
0 0.96328125 0.1875 0.046875 0.05703125
0 0.90546875 0.71171875 0.05625 0.10546875
0 0.85 0.71171875 0.05625 0.10546875
0 0.53828125 0.55390625 0.03984375 0.06953125
0 0.66640625 0.46484375 0.04765625 0.0609375
0 0.61875 0.36328125 0.03828125 0.0671875
0 0.54296875 0.4171875 0.03515625 0.0609375
0 0.5375 0.35078125 0.0421875 0.053125
0 0.54140625 0.25703125 0.03046875 0.0546875
0 0.46015625 0.18203125 0.03828125 0.04375
0 0.39453125 0.4109375 0.028125 0.05078125
0 0.30703125 0.4109375 0.02890625 0.0515625
0 0.23359375 0.3609375 0.0375 0.06484375
0 0.3 0.159375 0.02890625 0.03671875