0 0.265625 0.28046875 0.0359375 0.05703125
0 0.265625 0.2390625 0.0359375 0.05703125
0 0.3703125 0.759375 0.04609375 0.04609375
0 0.25390625 0.846875 0.040625 0.059375
0 0.2546875 0.7734375 0.040625 0.05234375
0 0.2125 0.734375 0.0265625 0.03671875
0 0.37265625 0.60625 0.0328125 0.03203125
0 0.30390625 0.56015625 0.0359375 0.03671875
0 0.76171875 0.41640625 0.02890625 0.03828125
0 0.65390625 0.41171875 0.0359375 0.046875
0 0.609375 0.4109375 0.03671875 0.0484375
0 0.56796875 0.55703125 0.040625 0.04296875
0 0.6 0.45390625 0.03203125 0.03125
0 0.69296875 0.52578125 0.03984375 0.040625
0 0.66171875 0.47890625 0.03125 0.03125