0 0.74375 0.209375 0.02421875 0.0671875
0 0.86640625 0.515625 0.02890625 0.0515625
0 0.71875 0.51953125 0.02578125 0.05625
0 0.8046875 0.7671875 0.02734375 0.07421875
0 0.71796875 0.7640625 0.025 0.06875
0 0.53671875 0.5171875 0.034375 0.046875
0 0.63125 0.6640625 0.03203125 0.0515625
0 0.6453125 0.57421875 0.02265625 0.0515625
0 0.66796875 0.51328125 0.02890625 0.05
0 0.3421875 0.51953125 0.02890625 0.05
0 0.34296875 0.4546875 0.02890625 0.05
0 0.28203125 0.5328125 0.02578125 0.05546875
0 0.1859375 0.49609375 0.02734375 0.0578125
0 0.1359375 0.475 0.02890625 0.05078125