0 0.7359375 0.23046875 0.02265625 0.06484375
0 0.85390625 0.525 0.028125 0.04921875
0 0.71171875 0.52890625 0.025 0.05390625
0 0.79453125 0.7671875 0.0265625 0.07109375
0 0.71015625 0.76484375 0.02421875 0.065625
0 0.5359375 0.5265625 0.0328125 0.0453125
0 0.62734375 0.66796875 0.03046875 0.04921875
0 0.64140625 0.58125 0.021875 0.04921875
0 0.6625 0.52265625 0.02734375 0.0484375
0 0.3484375 0.52890625 0.02734375 0.0484375
0 0.34921875 0.465625 0.028125 0.0484375
0 0.290625 0.54140625 0.02421875 0.053125
0 0.19765625 0.50625 0.02578125 0.05625
0 0.14921875 0.4859375 0.028125 0.04921875