0 0.775 0.29765625 0.015625 0.021875
0 0.7640625 0.29765625 0.01484375 0.021875
0 0.8078125 0.8109375 0.01015625 0.0265625
0 0.80703125 0.4875 0.0109375 0.02734375
0 0.6984375 0.54296875 0.0140625 0.02109375
0 0.6984375 0.52265625 0.0140625 0.02109375
0 0.69765625 0.3671875 0.01328125 0.02265625
0 0.69453125 0.440625 0.01171875 0.0328125
0 0.734375 0.36796875 0.0140625 0.021875
0 0.6640625 0.371875 0.0125 0.021875
0 0.675 0.378125 0.009375 0.02265625
0 0.69453125 0.39453125 0.0125 0.02890625
0 0.58203125 0.32734375 0.0140625 0.02109375
0 0.57109375 0.32734375 0.0140625 0.02109375
0 0.48828125 0.3296875 0.0125 0.02109375
0 0.48828125 0.2671875 0.0125 0.021875
0 0.4984375 0.3375 0.009375 0.02265625
0 0.521875 0.3265625 0.0125 0.0203125
0 0.53046875 0.23203125 0.009375 0.01484375