0 0.22890625 0.86953125 0.05234375 0.03203125
0 0.2671875 0.86953125 0.0515625 0.03203125
0 0.6140625 0.91484375 0.04453125 0.04765625
0 0.8875 0.8109375 0.05390625 0.03515625
0 0.88359375 0.61953125 0.0453125 0.028125
0 0.66328125 0.7484375 0.0421875 0.03046875
0 0.6625 0.6953125 0.04140625 0.0296875
0 0.61328125 0.83984375 0.03984375 0.03828125
0 0.5734375 0.7515625 0.05546875 0.046875
0 0.61640625 0.66171875 0.03671875 0.03515625
0 0.8390625 0.725 0.02734375 0.02734375
0 0.7265625 0.75859375 0.04140625 0.03125
0 0.2328125 0.73828125 0.04296875 0.0328125
0 0.19765625 0.6046875 0.03828125 0.0328125
0 0.06328125 0.171875 0.0515625 0.03203125
0 0.2328125 0.26953125 0.04140625 0.0296875
0 0.23125 0.18046875 0.04453125 0.0328125
0 0.6734375 0.23203125 0.0421875 0.03046875
0 0.67265625 0.19140625 0.04140625 0.02890625
0 0.621875 0.184375 0.0296875 0.02890625
0 0.5515625 0.18359375 0.02734375 0.02734375
0 0.6 0.23828125 0.028125 0.02890625