0 0.49921875 0.0359375 0.0390625 0.071875
0 0.98515625 0.84609375 0.0296875 0.11953125
0 0.93984375 0.84609375 0.059375 0.11953125
0 0.69921875 0.83125 0.0453125 0.1046875
0 0.08515625 0.478125 0.06015625 0.06875
0 0.9953125 0.271875 0.009375 0.08125
0 0.98359375 0.190625 0.0328125 0.075
0 0.4390625 0.10625 0.04375 0.0609375
0 0.51953125 0.459375 0.040625 0.07578125
0 0.75546875 0.33984375 0.0421875 0.078125
0 0.703125 0.33984375 0.0421875 0.078125
0 0.76484375 0.55859375 0.0625 0.10234375
0 0.76484375 0.44921875 0.0375 0.0515625
0 0.37734375 0.11015625 0.04375 0.0625
0 0.37890625 0.271875 0.046875 0.0671875
0 0.0921875 0.09921875 0.03671875 0.05078125
0 0.0921875 0.3625 0.03671875 0.05078125
0 0.2359375 0.10390625 0.040625 0.05390625
0 0.22578125 0.3640625 0.040625 0.078125