0 0.684375 0.196875 0.053125 0.0890625
0 0.684375 0.26484375 0.053125 0.08828125
0 0.35234375 0.85390625 0.05390625 0.0890625
0 0.97890625 0.71484375 0.04140625 0.065625
0 0.940625 0.71484375 0.06953125 0.065625
0 0.75703125 0.71484375 0.05390625 0.059375
0 0.759375 0.44140625 0.0578125 0.06484375
0 0.88203125 0.70546875 0.05 0.0703125
0 0.87265625 0.5890625 0.0515625 0.05703125
0 0.25 0.49609375 0.04921875 0.071875
0 0.19453125 0.565625 0.05625 0.0625
0 0.35234375 0.72890625 0.05546875 0.078125
0 0.28515625 0.66640625 0.04375 0.0640625