0 0.05390625 0.1578125 0.03125 0.1015625
0 0.10234375 0.24296875 0.03203125 0.11171875
0 0.10234375 0.16171875 0.03203125 0.11171875
0 0.24453125 0.38125 0.03046875 0.0625
0 0.31484375 0.39296875 0.025 0.07890625
0 0.22890625 0.653125 0.02890625 0.065625
0 0.69921875 0.8609375 0.034375 0.11640625
0 0.68359375 0.14453125 0.0421875 0.07890625
0 0.65234375 0.14453125 0.0421875 0.07890625
0 0.88828125 0.56484375 0.03203125 0.07421875
0 0.84609375 0.58671875 0.02109375 0.06328125
0 0.69921875 0.66171875 0.03359375 0.09375