0 0.33203125 0.621875 0.046875 0.03203125
0 0.5515625 0.7828125 0.03828125 0.02890625
0 0.4859375 0.8265625 0.0328125 0.03671875
0 0.565625 0.6984375 0.034375 0.0375
0 0.5203125 0.54921875 0.03828125 0.0296875
0 0.6609375 0.58125 0.02578125 0.0296875
0 0.47578125 0.778125 0.03203125 0.0234375
0 0.4796875 0.7390625 0.03984375 0.03046875
0 0.38359375 0.75 0.02421875 0.02890625
0 0.57890625 0.78125 0.0375 0.03125
0 0.49609375 0.30390625 0.03828125 0.04375
0 0.09140625 0.2234375 0.04609375 0.03046875
0 0.4640625 0.18515625 0.04609375 0.034375
0 0.38515625 0.121875 0.0328125 0.03515625
0 0.315625 0.3 0.03203125 0.03515625
0 0.34375 0.33046875 0.04375 0.03984375
0 0.80078125 0.0953125 0.02890625 0.021875
0 0.80078125 0.190625 0.02890625 0.02265625
0 0.74921875 0.1515625 0.0328125 0.03515625
0 0.728125 0.3 0.0328125 0.034375
0 0.77578125 0.30078125 0.0328125 0.03515625
0 0.7171875 0.22890625 0.02890625 0.021875