0 0.84765625 0.65234375 0.028125 0.04921875
0 0.709375 0.209375 0.028125 0.04765625
0 0.8234375 0.2 0.028125 0.04765625
0 0.82109375 0.4046875 0.01640625 0.0484375
0 0.6875 0.37421875 0.02265625 0.04296875
0 0.6875 0.33125 0.02265625 0.04296875
0 0.7078125 0.64609375 0.02421875 0.04921875
0 0.6890625 0.5453125 0.01953125 0.03671875
0 0.7734375 0.60078125 0.02109375 0.05625
0 0.66015625 0.8765625 0.02421875 0.075
0 0.6734375 0.753125 0.02421875 0.06796875
0 0.85234375 0.2578125 0.02109375 0.05546875
0 0.26484375 0.75234375 0.02265625 0.06953125
0 0.32890625 0.546875 0.02421875 0.046875
0 0.425 0.43125 0.015625 0.04375
0 0.290625 0.41953125 0.02265625 0.04375
0 0.2609375 0.3609375 0.01875 0.05078125
0 0.2421875 0.3609375 0.01875 0.05078125
0 0.19375 0.41328125 0.02421875 0.0484375
0 0.19375 0.525 0.02421875 0.04765625