0 0.26328125 0.128125 0.05 0.08828125
0 0.26328125 0.18515625 0.05 0.08828125
0 0.25546875 0.43984375 0.04296875 0.0578125
0 0.196875 0.440625 0.0421875 0.05703125
0 0.075 0.44375 0.03515625 0.05
0 0.25859375 0.57890625 0.04296875 0.0578125
0 0.14765625 0.6375 0.04921875 0.04765625
0 0.1921875 0.56796875 0.05234375 0.0515625
0 0.73359375 0.77890625 0.0515625 0.08359375
0 0.73359375 0.7203125 0.0515625 0.084375
0 0.74765625 0.1265625 0.05234375 0.08828125
0 0.74765625 0.1859375 0.05234375 0.0875
0 0.6765625 0.5765625 0.0515625 0.0515625
0 0.753125 0.64375 0.05390625 0.05