0 0.71640625 0.82109375 0.0390625 0.1046875
0 0.85546875 0.225 0.04375 0.065625
0 0.690625 0.16328125 0.03828125 0.0484375
0 0.6921875 0.30234375 0.03203125 0.04453125
0 0.70234375 0.23671875 0.034375 0.075
0 0.73203125 0.38359375 0.03671875 0.05546875
0 0.76328125 0.5046875 0.03984375 0.05859375
0 0.671875 0.53984375 0.040625 0.06015625
0 0.85078125 0.4859375 0.02578125 0.0578125
0 0.98359375 0.28984375 0.03203125 0.0671875
0 0.71640625 0.696875 0.03671875 0.0765625
0 0.29765625 0.82578125 0.0375 0.096875
0 0.29765625 0.75859375 0.0375 0.09609375
0 0.38515625 0.0546875 0.0359375 0.09609375
0 0.38515625 0.11796875 0.0359375 0.09609375
0 0.34609375 0.546875 0.0375 0.0578125
0 0.39921875 0.21640625 0.040625 0.06015625
0 0.4484375 0.296875 0.02734375 0.06171875
0 0.33203125 0.3875 0.0359375 0.05546875