0 0.43984375 0.19765625 0.03515625 0.06640625
0 0.64140625 0.1984375 0.03359375 0.06484375
0 0.5609375 0.85 0.04140625 0.07421875
0 0.365625 0.51640625 0.034375 0.05
0 0.5109375 0.503125 0.053125 0.06875
0 0.38515625 0.39140625 0.0359375 0.05234375
0 0.459375 0.4375 0.034375 0.05078125
0 0.3953125 0.2609375 0.0421875 0.0453125
0 0.58125 0.3046875 0.034375 0.053125
0 0.490625 0.2640625 0.03984375 0.04765625
0 0.6 0.65859375 0.04140625 0.04609375
0 0.196875 0.33671875 0.03671875 0.06640625
0 0.35703125 0.44296875 0.03515625 0.03984375