0 0.42734375 0.18828125 0.03515625 0.06640625
0 0.63046875 0.1890625 0.034375 0.065625
0 0.54921875 0.84609375 0.0421875 0.075
0 0.3515625 0.509375 0.034375 0.05078125
0 0.4984375 0.49609375 0.053125 0.06875
0 0.371875 0.384375 0.03671875 0.053125
0 0.446875 0.43046875 0.03515625 0.05078125
0 0.38125 0.2515625 0.04296875 0.0453125
0 0.56953125 0.296875 0.03515625 0.053125
0 0.478125 0.25546875 0.040625 0.0484375
0 0.58828125 0.653125 0.0421875 0.046875
0 0.18125 0.328125 0.03671875 0.06640625
0 0.34296875 0.4359375 0.03515625 0.040625