0 0.95 0.225 0.03515625 0.0890625
0 0.55859375 0.50703125 0.04375 0.05546875
0 0.66875 0.2265625 0.03046875 0.08203125
0 0.82734375 0.23671875 0.03046875 0.06484375
0 0.78828125 0.2375 0.02890625 0.0625
0 0.625 0.43984375 0.03125 0.0671875
0 0.68046875 0.63046875 0.028125 0.04140625
0 0.9390625 0.4609375 0.03203125 0.06875
0 0.778125 0.46328125 0.0296875 0.0640625
0 0.7578125 0.54375 0.0296875 0.0453125
0 0.759375 0.6328125 0.0328125 0.04921875
0 0.915625 0.653125 0.03671875 0.05703125
0 0.89765625 0.44453125 0.0375 0.05859375
0 0.55078125 0.34609375 0.02890625 0.0625
0 0.6359375 0.48984375 0.01875 0.02890625
0 0.39140625 0.21796875 0.02890625 0.075
0 0.25546875 0.77578125 0.0328125 0.07890625
0 0.02265625 0.490625 0.0421875 0.0578125
0 0.340625 0.44921875 0.0328125 0.05078125
0 0.38984375 0.45703125 0.02890625 0.0609375
0 0.284375 0.67734375 0.0328125 0.05234375