0 0.06953125 0.27734375 0.0328125 0.08125
0 0.42890625 0.5359375 0.03984375 0.05078125
0 0.328125 0.27890625 0.028125 0.075
0 0.18203125 0.2875 0.028125 0.059375
0 0.2171875 0.28828125 0.0265625 0.0578125
0 0.36796875 0.47421875 0.02890625 0.06171875
0 0.3171875 0.64921875 0.02578125 0.0375
0 0.07890625 0.49375 0.0296875 0.0625
0 0.22734375 0.4953125 0.02734375 0.05859375
0 0.2453125 0.56953125 0.02734375 0.04140625
0 0.24375 0.6515625 0.0296875 0.0453125
0 0.1015625 0.66953125 0.03359375 0.05234375
0 0.11796875 0.47890625 0.034375 0.05390625
0 0.4359375 0.38828125 0.0265625 0.05703125
0 0.3578125 0.5203125 0.0171875 0.0265625
0 0.5828125 0.27109375 0.0265625 0.06875
0 0.70703125 0.78203125 0.0296875 0.07265625
0 0.92109375 0.52109375 0.0390625 0.053125
0 0.62890625 0.4828125 0.0296875 0.046875
0 0.58359375 0.48984375 0.0265625 0.05546875
0 0.68046875 0.6921875 0.03046875 0.0484375