0 0.6359375 0.16171875 0.059375 0.05390625
0 0.54375 0.471875 0.06015625 0.053125
0 0.8234375 0.953125 0.04765625 0.084375
0 0.71875 0.26171875 0.040625 0.065625
0 0.79609375 0.1578125 0.04765625 0.05234375
0 0.896875 0.12421875 0.0421875 0.0625
0 0.71875 0.14921875 0.0421875 0.06015625
0 0.8359375 0.7125 0.04765625 0.0546875
0 0.7359375 0.75390625 0.05078125 0.0546875
0 0.82421875 0.81953125 0.04765625 0.06640625
0 0.1171875 0.65 0.053125 0.05390625
0 0.16015625 0.575 0.05234375 0.0546875
0 0.2 0.67578125 0.04609375 0.05234375
0 0.19453125 0.75078125 0.04140625 0.05859375