0 0.48984375 0.40234375 0.03515625 0.0484375
0 0.703125 0.63125 0.02734375 0.0625
0 0.5765625 0.58984375 0.021875 0.05078125
0 0.53046875 0.58984375 0.021875 0.05078125
0 0.703125 0.7921875 0.028125 0.07734375
0 0.73828125 0.6125 0.028125 0.04765625
0 0.596875 0.4375 0.028125 0.04921875
0 0.571875 0.45 0.025 0.05625
0 0.77421875 0.4375 0.02890625 0.05
0 0.89296875 0.390625 0.03359375 0.05
0 0.3375 0.2859375 0.02421875 0.06484375
0 0.10546875 0.28515625 0.02421875 0.065625
0 0.321875 0.61015625 0.02734375 0.0484375
0 0.3109375 0.40859375 0.021875 0.0375
0 0.3109375 0.44609375 0.021875 0.03671875
0 0.2546875 0.65 0.03671875 0.0734375