0 0.93046875 0.23671875 0.04609375 0.05703125
0 0.26953125 0.76640625 0.03828125 0.08515625
0 0.45 0.12109375 0.04375 0.05625
0 0.60703125 0.55546875 0.03359375 0.04453125
0 0.69921875 0.34765625 0.02890625 0.05859375
0 0.79296875 0.1859375 0.03359375 0.04765625
0 0.678125 0.196875 0.02578125 0.053125
0 0.8578125 0.24453125 0.03359375 0.0671875
0 0.79375 0.40390625 0.034375 0.04765625
0 0.38359375 0.46484375 0.02890625 0.059375
0 0.5984375 0.4640625 0.028125 0.0578125
0 0.40078125 0.58203125 0.02890625 0.05859375
0 0.2265625 0.52421875 0.0375 0.05234375
0 0.26953125 0.5796875 0.03828125 0.075
0 0.65078125 0.4953125 0.02578125 0.0546875