0 0.49296875 0.115625 0.02734375 0.04375
0 0.7171875 0.52109375 0.028125 0.04453125
0 0.48515625 0.48359375 0.028125 0.04375
0 0.51328125 0.48359375 0.028125 0.04375
0 0.74921875 0.2125 0.0296875 0.0328125
0 0.74921875 0.33046875 0.0296875 0.0328125
0 0.74921875 0.40546875 0.0296875 0.0328125
0 0.709375 0.18125 0.02421875 0.03828125
0 0.76015625 0.69921875 0.03125 0.03515625
0 0.5796875 0.14609375 0.028125 0.03203125
0 0.49921875 0.1875 0.02265625 0.03671875
0 0.503125 0.22265625 0.0265625 0.02890625
0 0.49296875 0.1796875 0.0234375 0.02421875
0 0.27421875 0.4078125 0.02734375 0.04296875
0 0.265625 0.24140625 0.03203125 0.0359375
0 0.290625 0.21875 0.02578125 0.04140625