0 0.61015625 0.825 0.04453125 0.0515625
0 0.78515625 0.83046875 0.05546875 0.06328125
0 0.840625 0.83046875 0.05546875 0.06328125
0 0.61171875 0.38671875 0.046875 0.03828125
0 0.61171875 0.19765625 0.046875 0.03828125
0 0.38125 0.71640625 0.0390625 0.0453125
0 0.271875 0.71640625 0.03828125 0.04453125
0 0.2796875 0.7984375 0.0390625 0.0328125
0 0.3734375 0.7546875 0.0390625 0.0328125
0 0.61953125 0.6421875 0.04140625 0.03515625
0 0.66015625 0.59140625 0.03671875 0.04453125
0 0.65703125 0.6875 0.03359375 0.04296875
0 0.82578125 0.43671875 0.03828125 0.04375
0 0.1984375 0.62421875 0.03359375 0.0390625
0 0.27109375 0.621875 0.03671875 0.04296875
0 0.82265625 0.20546875 0.0328125 0.0375
0 0.609375 0.7109375 0.04296875 0.05
0 0.53203125 0.715625 0.03359375 0.03984375