0 0.41875 0.78359375 0.04375 0.05078125
0 0.24609375 0.7890625 0.05546875 0.0625
0 0.190625 0.7890625 0.0546875 0.0625
0 0.4171875 0.35078125 0.04609375 0.0375
0 0.4171875 0.16328125 0.046875 0.0375
0 0.64453125 0.6765625 0.03828125 0.04453125
0 0.753125 0.6765625 0.03828125 0.04453125
0 0.74609375 0.75703125 0.03828125 0.0328125
0 0.653125 0.71484375 0.03828125 0.0328125
0 0.409375 0.603125 0.04140625 0.03515625
0 0.36953125 0.55234375 0.0359375 0.04375
0 0.371875 0.6484375 0.0328125 0.0421875
0 0.20546875 0.4 0.03828125 0.04296875
0 0.82578125 0.58515625 0.0328125 0.03828125
0 0.75390625 0.5828125 0.03671875 0.04296875
0 0.20859375 0.17109375 0.03203125 0.0375
0 0.41953125 0.6703125 0.04296875 0.04921875
0 0.49609375 0.67578125 0.0328125 0.0390625