0 0.28515625 0.85390625 0.03203125 0.0921875
0 0.2734375 0.2 0.028125 0.08359375
0 0.11953125 0.19921875 0.0296875 0.0859375
0 0.32109375 0.6453125 0.03203125 0.05859375
0 0.29296875 0.56953125 0.0328125 0.059375
0 0.32109375 0.44296875 0.0328125 0.06015625
0 0.08203125 0.35078125 0.0234375 0.05859375
0 0.084375 0.471875 0.02421875 0.0640625
0 0.12265625 0.27734375 0.0328125 0.0609375
0 0.7921875 0.46875 0.028125 0.06875
0 0.8578125 0.46875 0.028125 0.06875
0 0.578125 0.31171875 0.03203125 0.059375