0 0.2953125 0.76953125 0.0359375 0.0609375
0 0.30078125 0.8125 0.03125 0.0421875
0 0.29609375 0.5890625 0.03125 0.040625
0 0.265625 0.5265625 0.0359375 0.03671875
0 0.26484375 0.4703125 0.03515625 0.0359375
0 0.15703125 0.46640625 0.02734375 0.02734375
0 0.1578125 0.5140625 0.0328125 0.03203125
0 0.2515625 0.59453125 0.034375 0.03515625
0 0.3140625 0.60234375 0.03046875 0.028125
0 0.8734375 0.615625 0.0296875 0.0390625
0 0.80390625 0.5734375 0.034375 0.0359375
0 0.9203125 0.61875 0.0296875 0.03984375
0 0.603125 0.42265625 0.03203125 0.046875
0 0.48828125 0.4234375 0.03359375 0.04765625