0 0.27578125 0.77265625 0.03359375 0.05625
0 0.28125 0.81171875 0.02890625 0.0390625
0 0.2765625 0.60546875 0.02890625 0.0375
0 0.24765625 0.54765625 0.0328125 0.034375
0 0.24765625 0.49609375 0.03203125 0.0328125
0 0.14765625 0.4921875 0.025 0.025
0 0.1484375 0.53671875 0.03046875 0.0296875
0 0.23515625 0.61015625 0.03125 0.0328125
0 0.29296875 0.61796875 0.028125 0.02578125
0 0.809375 0.6296875 0.02734375 0.0359375
0 0.7453125 0.590625 0.03203125 0.0328125
0 0.853125 0.6328125 0.02734375 0.03671875
0 0.56015625 0.45234375 0.0296875 0.04296875
0 0.45390625 0.453125 0.03125 0.04453125