0 0.1984375 0.171875 0.03984375 0.07421875
0 0.59765625 0.884375 0.05546875 0.09609375
0 0.23515625 0.37578125 0.0546875 0.06640625
0 0.23671875 0.84609375 0.053125 0.06328125
0 0.2296875 0.47734375 0.04140625 0.06328125
0 0.12578125 0.48046875 0.0375 0.05703125
0 0.13671875 0.6265625 0.0421875 0.04921875
0 0.125 0.7796875 0.0453125 0.06796875
0 0.74140625 0.43671875 0.04453125 0.06640625
0 0.6796875 0.43671875 0.04375 0.0671875
0 0.69140625 0.628125 0.071875 0.0953125
0 0.60078125 0.67890625 0.05234375 0.078125
0 0.75859375 0.53515625 0.05234375 0.06328125
0 0.0234375 0.83515625 0.046875 0.06484375