0 0.2171875 0.1578125 0.0390625 0.07265625
0 0.60546875 0.85078125 0.05390625 0.09375
0 0.253125 0.35625 0.053125 0.06484375
0 0.25390625 0.8140625 0.0515625 0.0609375
0 0.246875 0.45546875 0.040625 0.0609375
0 0.14609375 0.4578125 0.03671875 0.05546875
0 0.15703125 0.6 0.04140625 0.04765625
0 0.1453125 0.74921875 0.04375 0.06640625
0 0.7453125 0.415625 0.04375 0.06484375
0 0.68515625 0.415625 0.04296875 0.065625
0 0.696875 0.60234375 0.06953125 0.09296875
0 0.60859375 0.6515625 0.05078125 0.0765625
0 0.7625 0.51171875 0.05078125 0.0609375
0 0.03828125 0.803125 0.0625 0.06328125