0 0.19765625 0.6578125 0.0234375 0.0671875
0 0.56796875 0.11875 0.0234375 0.071875
0 0.6609375 0.11953125 0.02265625 0.0703125
0 0.9109375 0.30859375 0.0359375 0.04921875
0 0.70390625 0.66796875 0.02578125 0.0765625
0 0.88046875 0.40078125 0.0265625 0.046875
0 0.9078125 0.5328125 0.02109375 0.05
0 0.95703125 0.5328125 0.0203125 0.0484375
0 0.7046875 0.53671875 0.02578125 0.059375
0 0.6171875 0.47890625 0.0234375 0.05390625
0 0.53046875 0.565625 0.0234375 0.0421875
0 0.56796875 0.39609375 0.03203125 0.06875
0 0.49609375 0.29609375 0.0203125 0.05390625
0 0.54296875 0.30703125 0.02734375 0.0484375
0 0.5296875 0.42421875 0.0265625 0.04765625
0 0.5703125 0.4296875 0.02421875 0.05625