0 0.2046875 0.64296875 0.02265625 0.065625
0 0.5671875 0.115625 0.02265625 0.0703125
0 0.65859375 0.11640625 0.02265625 0.06875
0 0.90390625 0.30078125 0.03515625 0.0484375
0 0.70078125 0.653125 0.02578125 0.075
0 0.8734375 0.3921875 0.02578125 0.04609375
0 0.90078125 0.5203125 0.0203125 0.04921875
0 0.9484375 0.52109375 0.0203125 0.04765625
0 0.7015625 0.525 0.025 0.0578125
0 0.615625 0.46796875 0.02265625 0.053125
0 0.53125 0.553125 0.0234375 0.040625
0 0.5671875 0.38671875 0.03125 0.0671875
0 0.496875 0.2890625 0.0203125 0.053125
0 0.54296875 0.3 0.02734375 0.04765625
0 0.5296875 0.41484375 0.02578125 0.046875
0 0.5703125 0.4203125 0.02421875 0.0546875