0 0.38515625 0.840625 0.03046875 0.0421875
0 0.6421875 0.83828125 0.0265625 0.0375
0 0.1703125 0.6578125 0.040625 0.0328125
0 0.8140625 0.515625 0.0359375 0.028125
0 0.653125 0.73359375 0.02734375 0.025
0 0.653125 0.75859375 0.02734375 0.025
0 0.678125 0.5171875 0.03046875 0.028125
0 0.73359375 0.6984375 0.02578125 0.03125
0 0.25234375 0.609375 0.0296875 0.0265625
0 0.74375 0.55390625 0.02578125 0.03125
0 0.73984375 0.625 0.03125 0.028125
0 0.340625 0.725 0.02890625 0.034375
0 0.384375 0.75546875 0.02890625 0.034375
0 0.2953125 0.71640625 0.0296875 0.02734375
0 0.32578125 0.61640625 0.02734375 0.034375
0 0.36796875 0.6171875 0.0265625 0.03359375
0 0.271875 0.64296875 0.0234375 0.02890625
0 0.4453125 0.2578125 0.03671875 0.02890625
0 0.3 0.25 0.03125 0.02890625