0 0.75546875 0.6515625 0.0453125 0.0484375
0 0.75546875 0.6109375 0.0453125 0.04765625
0 0.4234375 0.5671875 0.06484375 0.06484375
0 0.359375 0.5671875 0.06484375 0.06484375
0 0.26875 0.5671875 0.0640625 0.06484375
0 0.2046875 0.5671875 0.06484375 0.06484375
0 0.509375 0.921875 0.04765625 0.03515625
0 0.35546875 0.92421875 0.0484375 0.0359375
0 0.79765625 0.74375 0.05078125 0.053125
0 0.69609375 0.65703125 0.0421875 0.03046875
0 0.82421875 0.703125 0.04296875 0.03046875
0 0.82421875 0.6640625 0.04375 0.03203125
0 0.378125 0.1 0.0453125 0.04765625
0 0.378125 0.059375 0.0453125 0.04765625
0 0.3265625 0.4734375 0.05 0.05078125
0 0.95 0.315625 0.04765625 0.0359375
0 0.24375 0.3609375 0.0453125 0.04765625
0 0.10390625 0.359375 0.03984375 0.04296875
0 0.36171875 0.31640625 0.053125 0.03984375
0 0.67265625 0.3203125 0.0453125 0.04609375
0 0.85859375 0.3203125 0.04609375 0.04765625
0 0.7375 0.31484375 0.0484375 0.0359375
0 0.77734375 0.31484375 0.0484375 0.0359375
0 0.73984375 0.13515625 0.04375 0.03203125
0 0.903125 0.20234375 0.0359375 0.03828125
0 0.69453125 0.23984375 0.03984375 0.04296875
0 0.24375 0.24296875 0.04375 0.046875
0 0.234375 0.3078125 0.04375 0.03203125
0 0.3265625 0.3875 0.05078125 0.05234375