0 0.5828125 0.2703125 0.025 0.07421875
0 0.62578125 0.2734375 0.021875 0.06875
0 0.69453125 0.271875 0.02265625 0.0703125
0 0.7375 0.2703125 0.025 0.07421875
0 0.7671875 0.9390625 0.021875 0.0546875
0 0.6984375 0.8359375 0.025 0.07421875
0 0.62109375 0.8359375 0.025 0.075
0 0.55234375 0.93984375 0.021875 0.05625
0 0.628125 0.6359375 0.021875 0.05390625
0 0.6921875 0.6359375 0.021875 0.05390625
0 0.62578125 0.4859375 0.021875 0.053125
0 0.69453125 0.4859375 0.021875 0.05390625
0 0.1953125 0.26875 0.025 0.07421875
0 0.35859375 0.26875 0.025 0.07421875
0 0.16328125 0.4515625 0.02109375 0.053125
0 0.190625 0.45078125 0.021875 0.0546875
0 0.36328125 0.45 0.02265625 0.05625
0 0.39140625 0.45078125 0.021875 0.0546875
0 0.39140625 0.61796875 0.02265625 0.0546875
0 0.39453125 0.5328125 0.02578125 0.04765625
0 0.21875 0.63515625 0.02109375 0.05390625
0 0.3359375 0.634375 0.02109375 0.05234375
0 0.33359375 0.546875 0.025 0.046875
0 0.22109375 0.546875 0.02578125 0.046875
0 0.16328125 0.6171875 0.021875 0.0546875
0 0.16015625 0.5328125 0.025 0.046875