0 0.88203125 0.6015625 0.0375 0.05625
0 0.91953125 0.6015625 0.0375 0.05625
0 0.8546875 0.3109375 0.028125 0.03125
0 0.878125 0.3109375 0.028125 0.03125
0 0.70859375 0.35234375 0.025 0.0390625
0 0.61953125 0.36953125 0.01875 0.03046875
0 0.5796875 0.37890625 0.028125 0.03203125
0 0.63359375 0.3859375 0.02109375 0.034375
0 0.58125 0.4859375 0.025 0.025
0 0.83359375 0.378125 0.0296875 0.03203125
0 0.64765625 0.3203125 0.02421875 0.03828125
0 0.6328125 0.4734375 0.021875 0.03515625
0 0.3734375 0.31171875 0.03046875 0.0328125
0 0.39765625 0.31171875 0.03046875 0.0328125
0 0.2390625 0.5953125 0.0296875 0.04609375
0 0.12109375 0.3375 0.02421875 0.0390625
0 0.15078125 0.36640625 0.01953125 0.0328125
0 0.12734375 0.21015625 0.02421875 0.025
0 0.1078125 0.40390625 0.02578125 0.02734375
0 0.1125 0.43828125 0.021875 0.03671875
0 0.14296875 0.43828125 0.021875 0.03671875
0 0.375 0.515625 0.0265625 0.028125
0 0.2984375 0.4453125 0.028125 0.03046875
0 0.2390625 0.49375 0.0265625 0.04296875