0 0.11328125 0.59609375 0.0375 0.05625
0 0.075 0.59609375 0.0375 0.05625
0 0.13984375 0.30546875 0.028125 0.03125
0 0.11640625 0.30546875 0.028125 0.03125
0 0.2859375 0.346875 0.025 0.0390625
0 0.375 0.36484375 0.01875 0.03046875
0 0.41484375 0.3734375 0.028125 0.03203125
0 0.36171875 0.38046875 0.02109375 0.034375
0 0.41328125 0.48046875 0.025 0.025
0 0.16171875 0.37265625 0.0296875 0.03203125
0 0.34765625 0.31484375 0.02421875 0.03828125
0 0.3625 0.46796875 0.021875 0.03515625
0 0.621875 0.30625 0.03046875 0.0328125
0 0.596875 0.30625 0.03046875 0.0328125
0 0.75546875 0.590625 0.0296875 0.04609375
0 0.8734375 0.33203125 0.02421875 0.0390625
0 0.84453125 0.3609375 0.01953125 0.0328125
0 0.8671875 0.20546875 0.02421875 0.025
0 0.8875 0.3984375 0.02578125 0.02734375
0 0.88203125 0.43359375 0.021875 0.03671875
0 0.8515625 0.43359375 0.021875 0.03671875
0 0.61953125 0.5109375 0.0265625 0.028125
0 0.696875 0.440625 0.028125 0.03046875
0 0.75625 0.48828125 0.0265625 0.04296875