0 0.42109375 0.46640625 0.03984375 0.05859375
0 0.29375 0.03046875 0.05234375 0.0328125
0 0.32578125 0.03046875 0.053125 0.0328125
0 0.12265625 0.53125 0.04296875 0.03828125
0 0.075 0.58984375 0.028125 0.034375
0 0.30546875 0.3921875 0.0328125 0.02734375
0 0.225 0.39296875 0.03125 0.0265625
0 0.13203125 0.3921875 0.03125 0.02578125
0 0.0671875 0.37734375 0.034375 0.02890625
0 0.1328125 0.21015625 0.03671875 0.03203125
0 0.1328125 0.2421875 0.03671875 0.03203125
0 0.08046875 0.13203125 0.03359375 0.05625
0 0.08046875 0.096875 0.03359375 0.05625
0 0.46484375 0.325 0.04140625 0.03671875
0 0.43359375 0.25546875 0.03203125 0.0265625
0 0.421875 0.37890625 0.04140625 0.0484375
0 0.890625 0.2984375 0.0421875 0.03671875
0 0.85546875 0.30859375 0.02734375 0.034375
0 0.803125 0.29765625 0.03984375 0.0359375