0 0.5546875 0.509375 0.03984375 0.0578125
0 0.68125 0.07890625 0.05234375 0.03203125
0 0.64921875 0.07890625 0.05234375 0.03203125
0 0.84921875 0.5734375 0.04296875 0.0375
0 0.89609375 0.63125 0.028125 0.034375
0 0.66875 0.43671875 0.03203125 0.02734375
0 0.7484375 0.43671875 0.03125 0.02578125
0 0.83984375 0.43671875 0.03046875 0.02578125
0 0.9046875 0.421875 0.03359375 0.02890625
0 0.83984375 0.25625 0.03671875 0.03125
0 0.83984375 0.28828125 0.03671875 0.03125
0 0.890625 0.17890625 0.03359375 0.05546875
0 0.890625 0.14453125 0.03359375 0.05546875
0 0.51171875 0.3703125 0.040625 0.03671875
0 0.5421875 0.30078125 0.03203125 0.0265625
0 0.55390625 0.4234375 0.040625 0.04765625
0 0.09140625 0.34375 0.04140625 0.0359375
0 0.12578125 0.35390625 0.0265625 0.03359375
0 0.17734375 0.34296875 0.0390625 0.0359375