0 0.1421875 0.13359375 0.065625 0.0640625
0 0.15859375 0.17578125 0.034375 0.021875
0 0.43203125 0.725 0.046875 0.08203125
0 0.38125 0.55 0.046875 0.05390625
0 0.5890625 0.58671875 0.04609375 0.053125
0 0.4328125 0.58828125 0.0484375 0.071875
0 0.52421875 0.6 0.03203125 0.05
0 0.6359375 0.590625 0.046875 0.0546875
0 0.58984375 0.471875 0.04765625 0.05546875
0 0.58984375 0.31796875 0.0484375 0.05625
0 0.20625 0.12578125 0.059375 0.05703125
0 0.21640625 0.16953125 0.03828125 0.03046875
0 0.4609375 0.79921875 0.05 0.05703125