0 0.17109375 0.1515625 0.0640625 0.06171875
0 0.1859375 0.19296875 0.03359375 0.021875
0 0.45234375 0.7265625 0.0453125 0.08046875
0 0.40234375 0.55625 0.04609375 0.05234375
0 0.6046875 0.5921875 0.04453125 0.0515625
0 0.453125 0.59453125 0.046875 0.0703125
0 0.54140625 0.6046875 0.03125 0.0484375
0 0.65 0.59609375 0.04609375 0.053125
0 0.60546875 0.48125 0.04609375 0.05390625
0 0.60546875 0.33125 0.046875 0.0546875
0 0.2328125 0.14375 0.05703125 0.05546875
0 0.24296875 0.18671875 0.0375 0.0296875
0 0.4796875 0.79921875 0.0484375 0.05546875