0 0.61875 0.84375 0.046875 0.0890625
0 0.4203125 0.19296875 0.0390625 0.078125
0 0.38125 0.19296875 0.03828125 0.078125
0 0.10234375 0.71328125 0.059375 0.0609375
0 0.31640625 0.71484375 0.046875 0.06015625
0 0.353125 0.32734375 0.0359375 0.04453125
0 0.353125 0.37265625 0.0359375 0.0453125
0 0.20859375 0.6546875 0.04296875 0.0671875
0 0.225 0.54765625 0.0359375 0.0421875
0 0.61875 0.7203125 0.046875 0.07265625
0 0.715625 0.42890625 0.04140625 0.065625
0 0.765625 0.60390625 0.0484375 0.06171875
0 0.72265625 0.52734375 0.046875 0.0609375