0 0.3640625 0.07578125 0.04140625 0.0453125
0 0.38359375 0.1828125 0.0328125 0.0625
0 0.38359375 0.1359375 0.0328125 0.0625
0 0.6765625 0.45859375 0.0328125 0.06015625
0 0.740625 0.89609375 0.03046875 0.05859375
0 0.440625 0.86640625 0.03515625 0.065625
0 0.2046875 0.38125 0.0390625 0.03984375
0 0.66484375 0.80859375 0.03828125 0.04453125
0 0.3453125 0.73125 0.03125 0.03671875
0 0.3453125 0.6421875 0.03125 0.03828125
0 0.26171875 0.3828125 0.03359375 0.04140625
0 0.28203125 0.246875 0.01953125 0.034375
0 0.3734375 0.22890625 0.03046875 0.03671875
0 0.45078125 0.2953125 0.0265625 0.04453125
0 0.3921875 0.7390625 0.0234375 0.03984375
0 0.4375 0.778125 0.03203125 0.0515625