0 0.56171875 0.28515625 0.0421875 0.03984375
0 0.9078125 0.2734375 0.03203125 0.06484375
0 0.94609375 0.12734375 0.02734375 0.046875
0 0.9 0.11953125 0.03359375 0.04140625
0 0.8328125 0.1703125 0.02890625 0.04609375
0 0.74140625 0.1703125 0.02890625 0.04609375
0 0.64609375 0.0734375 0.02578125 0.03125
0 0.6109375 0.2015625 0.04296875 0.06015625
0 0.48125 0.20078125 0.0390625 0.04140625
0 0.05 0.2625 0.028125 0.0546875
0 0.14296875 0.209375 0.03359375 0.04140625
0 0.14609375 0.06796875 0.02734375 0.03203125
0 0.3265625 0.2203125 0.02890625 0.04609375
0 0.38203125 0.2046875 0.03203125 0.03984375
0 0.3140625 0.16875 0.04296875 0.06015625