0 0.71171875 0.4796875 0.04765625 0.0375
0 0.71171875 0.50546875 0.04765625 0.0375
0 0.6 0.8859375 0.0453125 0.03671875
0 0.73515625 0.88671875 0.04921875 0.03828125
0 0.80078125 0.06015625 0.06171875 0.028125
0 0.6625 0.77578125 0.05625 0.02578125
0 0.72421875 0.83125 0.0484375 0.03125
0 0.23359375 0.48046875 0.04921875 0.03828125
0 0.23359375 0.5078125 0.04921875 0.0390625
0 0.3140625 0.646875 0.046875 0.0328125
0 0.23359375 0.64609375 0.04921875 0.03359375
0 0.3171875 0.76953125 0.04453125 0.0296875
0 0.23671875 0.7703125 0.04609375 0.03125
0 0.38515625 0.76953125 0.04375 0.0296875
0 0.33046875 0.68828125 0.0578125 0.0265625