0 0.30234375 0.475 0.046875 0.0375
0 0.30234375 0.50078125 0.046875 0.0375
0 0.41328125 0.8796875 0.0453125 0.03671875
0 0.27890625 0.88046875 0.0484375 0.03828125
0 0.21328125 0.0578125 0.06171875 0.028125
0 0.3515625 0.76953125 0.05625 0.025
0 0.28984375 0.82421875 0.04765625 0.03125
0 0.77734375 0.47578125 0.04921875 0.03828125
0 0.77734375 0.50234375 0.04921875 0.0390625
0 0.69765625 0.640625 0.046875 0.0328125
0 0.778125 0.640625 0.0484375 0.03359375
0 0.69453125 0.76328125 0.04453125 0.0296875
0 0.775 0.7640625 0.04609375 0.03125
0 0.6265625 0.76328125 0.04296875 0.0296875
0 0.68125 0.6828125 0.05703125 0.0265625