0 0.665625 0.175 0.0421875 0.08671875
0 0.665625 0.23828125 0.0421875 0.08671875
0 0.878125 0.79921875 0.04375 0.075
0 0.7578125 0.371875 0.03203125 0.05546875
0 0.85703125 0.58203125 0.034375 0.03828125
0 0.8890625 0.57109375 0.03984375 0.04765625
0 0.75703125 0.3265625 0.03046875 0.053125
0 0.778125 0.8828125 0.0515625 0.0640625
0 0.36640625 0.61640625 0.04140625 0.07265625
0 0.24140625 0.68203125 0.0390625 0.0484375
0 0.20859375 0.42578125 0.0375 0.04765625
0 0.23515625 0.59140625 0.04765625 0.06328125
0 0.3515625 0.50625 0.0421875 0.07109375