0 0.24296875 0.7046875 0.0671875 0.05703125
0 0.29921875 0.228125 0.059375 0.05234375
0 0.29921875 0.265625 0.059375 0.05234375
0 0.24453125 0.59453125 0.06484375 0.0453125
0 0.19453125 0.5859375 0.08828125 0.05703125
0 0.72265625 0.228125 0.06171875 0.0546875
0 0.7234375 0.2671875 0.06171875 0.0546875
0 0.67421875 0.54375 0.05859375 0.0421875
0 0.74609375 0.54375 0.05859375 0.0421875
0 0.79140625 0.34765625 0.04765625 0.03671875
0 0.73359375 0.43203125 0.05859375 0.03359375
0 0.7234375 0.38984375 0.06015625 0.04765625
0 0.7609375 0.4921875 0.04765625 0.02734375