0 0.27265625 0.38671875 0.0203125 0.10078125
0 0.284375 0.359375 0.00390625 0.04609375
0 0.01640625 0.615625 0.02421875 0.11875
0 0.22421875 0.53671875 0.021875 0.1125
0 0.0796875 0.63515625 0.02421875 0.07890625
0 0.22421875 0.30390625 0.021875 0.08203125
0 0.24140625 0.19609375 0.02109375 0.08125
0 0.51875 0.59921875 0.0203125 0.1046875
0 0.509375 0.325 0.02109375 0.08125
0 0.509375 0.1671875 0.01953125 0.075
0 0.47109375 0.23046875 0.01953125 0.075
0 0.4484375 0.30625 0.0234375 0.06953125
0 0.384375 0.5 0.0203125 0.07578125
0 0.5578125 0.23203125 0.01796875 0.07109375
0 0.58046875 0.30859375 0.02421875 0.071875
0 0.8453125 0.521875 0.021875 0.065625
0 0.83671875 0.35859375 0.02421875 0.07421875