0 0.534375 0.11171875 0.03359375 0.075
0 0.87109375 0.70625 0.03203125 0.0578125
0 0.3515625 0.65390625 0.0171875 0.04140625
0 0.32578125 0.6671875 0.034375 0.06796875
0 0.209375 0.478125 0.0390625 0.0484375
0 0.3515625 0.54296875 0.01640625 0.03203125
0 0.325 0.52734375 0.03671875 0.06328125
0 0.27109375 0.53203125 0.03046875 0.05390625
0 0.66875 0.3875 0.03515625 0.04453125
0 0.703125 0.3203125 0.04375 0.05703125
0 0.8359375 0.6109375 0.04921875 0.0515625
0 0.7078125 0.51796875 0.03515625 0.06171875
0 0.41484375 0.4671875 0.034375 0.0609375
0 0.5875 0.4171875 0.03203125 0.05703125
0 0.6625 0.4171875 0.03203125 0.05625
0 0.625 0.56640625 0.034375 0.04296875