0 0.19921875 0.45 0.009375 0.0265625
0 0.20546875 0.44453125 0.00390625 0.015625
0 0.20859375 0.5578125 0.0171875 0.02109375
0 0.06875 0.34296875 0.01171875 0.01796875
0 0.18828125 0.36484375 0.0171875 0.03125
0 0.134375 0.3546875 0.00859375 0.01953125
0 0.12578125 0.3546875 0.00859375 0.01953125
0 0.11015625 0.371875 0.009375 0.0203125
0 0.2078125 0.378125 0.01484375 0.02109375
0 0.2078125 0.33984375 0.01328125 0.01875
0 0.22421875 0.403125 0.01015625 0.02265625
0 0.234375 0.55078125 0.009375 0.02109375
0 0.26015625 0.5515625 0.01015625 0.0234375
0 0.30546875 0.55078125 0.009375 0.02109375
0 0.32265625 0.55078125 0.009375 0.02109375
0 0.24765625 0.4609375 0.0125 0.01953125
0 0.234375 0.38203125 0.01015625 0.015625
0 0.08125 0.31171875 0.01015625 0.02109375
0 0.0984375 0.3109375 0.01015625 0.02265625
0 0.1578125 0.31171875 0.009375 0.02109375
0 0.196875 0.3296875 0.01015625 0.02265625
0 0.36640625 0.459375 0.0109375 0.01640625
0 0.75234375 0.51328125 0.0109375 0.01640625