0 0.3609375 0.14921875 0.040625 0.0734375
0 0.3609375 0.09140625 0.040625 0.07265625
0 0.43515625 0.69765625 0.040625 0.07265625
0 0.43515625 0.6078125 0.040625 0.0640625
0 0.39140625 0.53828125 0.05390625 0.07890625
0 0.7453125 0.15078125 0.04140625 0.07265625
0 0.7453125 0.09296875 0.04140625 0.07265625
0 0.859375 0.52890625 0.0359375 0.05703125
0 0.81875 0.440625 0.04140625 0.0515625
0 0.8234375 0.30390625 0.0328125 0.0390625
0 0.7875 0.496875 0.0359375 0.05859375
0 0.81171875 0.325 0.03671875 0.05859375
0 0.76796875 0.325 0.03671875 0.05859375