0 0.31015625 0.03359375 0.053125 0.0671875
0 0.925 0.23046875 0.09765625 0.09375
0 0.69140625 0.88203125 0.05 0.096875
0 0.80625 0.90625 0.0890625 0.14609375
0 0.8953125 0.90625 0.08984375 0.14609375
0 0.34375 0.84765625 0.05546875 0.08359375
0 0.2453125 0.7046875 0.06484375 0.07109375
0 0.246875 0.54296875 0.06015625 0.065625
0 0.24765625 0.20703125 0.05859375 0.0625
0 0.66015625 0.5296875 0.0453125 0.06953125
0 0.34609375 0.715625 0.0609375 0.08515625
0 0.37890625 0.6078125 0.04921875 0.05234375
0 0.4203125 0.7203125 0.05 0.05390625
0 0.53203125 0.70703125 0.034375 0.0546875
0 0.64296875 0.809375 0.03984375 0.03984375