0 0.70234375 0.05390625 0.05390625 0.10234375
0 0.0765625 0.271875 0.09921875 0.0953125
0 0.31484375 0.93515625 0.0515625 0.0984375
0 0.196875 0.94296875 0.090625 0.1140625
0 0.10625 0.94296875 0.09140625 0.1140625
0 0.66796875 0.90078125 0.05703125 0.08515625
0 0.76875 0.7546875 0.065625 0.071875
0 0.76640625 0.58984375 0.06171875 0.06640625
0 0.765625 0.2484375 0.059375 0.06328125
0 0.34609375 0.5765625 0.04609375 0.0703125
0 0.665625 0.765625 0.0625 0.08671875
0 0.63203125 0.65625 0.05 0.053125
0 0.58984375 0.77109375 0.0515625 0.0546875
0 0.4765625 0.75703125 0.03515625 0.05546875
0 0.36328125 0.86171875 0.040625 0.040625