0 0.2375 0.265625 0.03125 0.05703125
0 0.228125 0.79375 0.03828125 0.0625
0 0.08515625 0.63671875 0.046875 0.04140625
0 0.2140625 0.63671875 0.0390625 0.04375
0 0.21484375 0.5203125 0.040625 0.0453125
0 0.0578125 0.89296875 0.03359375 0.04921875
0 0.12578125 0.74296875 0.02734375 0.03984375
0 0.1296875 0.678125 0.03515625 0.05
0 0.265625 0.65 0.03828125 0.04140625
0 0.27421875 0.61875 0.02109375 0.0203125
0 0.7125 0.25703125 0.03671875 0.03828125
0 0.77421875 0.26875 0.03125 0.0578125
0 0.734375 0.54453125 0.0390625 0.04296875
0 0.79140625 0.615625 0.05 0.0609375
0 0.74375 0.61015625 0.0515625 0.065625