0 0.7671875 0.28203125 0.0328125 0.0609375
0 0.77734375 0.8421875 0.040625 0.06640625
0 0.928125 0.67578125 0.04921875 0.04375
0 0.7921875 0.675 0.04140625 0.04609375
0 0.790625 0.5515625 0.04296875 0.0484375
0 0.9578125 0.946875 0.03515625 0.0515625
0 0.8859375 0.78828125 0.02890625 0.0421875
0 0.88203125 0.71953125 0.03671875 0.053125
0 0.7375 0.6890625 0.040625 0.04375
0 0.728125 0.65625 0.02265625 0.02109375
0 0.2640625 0.2734375 0.0390625 0.040625
0 0.1984375 0.28515625 0.03359375 0.0609375
0 0.240625 0.578125 0.04140625 0.0453125
0 0.18046875 0.653125 0.053125 0.06484375
0 0.23046875 0.64765625 0.0546875 0.06953125