0 0.4609375 0.49453125 0.046875 0.01953125
0 0.43125 0.49453125 0.04609375 0.01953125
0 0.478125 0.5171875 0.040625 0.03671875
0 0.65078125 0.54296875 0.03515625 0.03359375
0 0.65078125 0.51875 0.03515625 0.03359375
0 0.8375 0.4625 0.05234375 0.04296875
0 0.88984375 0.4625 0.05234375 0.04296875
0 0.65390625 0.64296875 0.03125 0.02578125
0 0.6984375 0.62109375 0.0328125 0.02734375
0 0.740625 0.68359375 0.03125 0.02578125
0 0.528125 0.69296875 0.03515625 0.01953125
0 0.52734375 0.66640625 0.03515625 0.01953125
0 0.6109375 0.62109375 0.0328125 0.02734375
0 0.32578125 0.58203125 0.0515625 0.02734375
0 0.79140625 0.15 0.05078125 0.02421875
0 0.82890625 0.15 0.05078125 0.02421875
0 0.8234375 0.28828125 0.03984375 0.02421875
0 0.82421875 0.246875 0.040625 0.02421875
0 0.61015625 0.28515625 0.0359375 0.0265625
0 0.71953125 0.303125 0.034375 0.01953125
0 0.75078125 0.33203125 0.040625 0.02890625
0 0.5640625 0.225 0.04140625 0.025
0 0.490625 0.23125 0.02890625 0.021875
0 0.7515625 0.3828125 0.040625 0.03671875