0 0.28671875 0.5609375 0.02734375 0.03359375
0 0.3359375 0.48671875 0.0296875 0.03515625
0 0.190625 0.128125 0.025 0.03125
0 0.2421875 0.48671875 0.0296875 0.0359375
0 0.2328125 0.3703125 0.03046875 0.0234375
0 0.18046875 0.20546875 0.0296875 0.02265625
0 0.15625 0.159375 0.0296875 0.02265625
0 0.1859375 0.37578125 0.02421875 0.02734375
0 0.11015625 0.18828125 0.02578125 0.028125
0 0.109375 0.22578125 0.02578125 0.02890625
0 0.34921875 0.64140625 0.02890625 0.03671875
0 0.240625 0.64140625 0.02890625 0.03671875
0 0.63125 0.48359375 0.028125 0.03515625
0 0.60390625 0.12421875 0.02734375 0.034375
0 0.60390625 0.15 0.02734375 0.034375
0 0.575 0.38046875 0.0328125 0.0265625
0 0.63125 0.4265625 0.02734375 0.03046875
0 0.6390625 0.38515625 0.03125 0.025
0 0.6390625 0.5265625 0.03203125 0.02578125
0 0.85 0.1234375 0.0296875 0.0359375
0 0.85 0.1515625 0.0296875 0.0359375
0 0.86953125 0.34296875 0.02578125 0.02734375
0 0.859375 0.27265625 0.02421875 0.0265625
0 0.85390625 0.29921875 0.028125 0.021875