0 0.27578125 0.57265625 0.028125 0.034375
0 0.32578125 0.49765625 0.03046875 0.0359375
0 0.17734375 0.13203125 0.02578125 0.03203125
0 0.2296875 0.49765625 0.03046875 0.03671875
0 0.22109375 0.378125 0.03125 0.02421875
0 0.1671875 0.2109375 0.03046875 0.0234375
0 0.1421875 0.1640625 0.03046875 0.0234375
0 0.17265625 0.384375 0.025 0.028125
0 0.0953125 0.19296875 0.02578125 0.02890625
0 0.09453125 0.23046875 0.0265625 0.0296875
0 0.3390625 0.65546875 0.0296875 0.0375
0 0.228125 0.65546875 0.0296875 0.0375
0 0.628125 0.49375 0.02890625 0.03515625
0 0.59921875 0.12734375 0.028125 0.03515625
0 0.59921875 0.15390625 0.028125 0.03515625
0 0.5703125 0.3890625 0.03359375 0.0265625
0 0.62734375 0.4359375 0.028125 0.03125
0 0.63515625 0.39375 0.03203125 0.02578125
0 0.63515625 0.53828125 0.0328125 0.0265625
0 0.85078125 0.1265625 0.03046875 0.03671875
0 0.85078125 0.15546875 0.03046875 0.03671875
0 0.8703125 0.35 0.02578125 0.028125
0 0.86015625 0.27890625 0.02421875 0.0265625
0 0.8546875 0.30625 0.02890625 0.02265625