0 0.3734375 0.29140625 0.04375 0.0546875
0 0.10234375 0.5609375 0.05625 0.034375
0 0.09453125 0.61171875 0.07109375 0.046875
0 0.09453125 0.659375 0.07109375 0.04765625
0 0.31015625 0.615625 0.04375 0.0328125
0 0.34453125 0.55625 0.03984375 0.02890625
0 0.21953125 0.60859375 0.0296875 0.0328125
0 0.44140625 0.5921875 0.04453125 0.03359375
0 0.54375 0.4453125 0.04453125 0.03359375
0 0.54375 0.51640625 0.04609375 0.034375
0 0.61484375 0.5890625 0.04296875 0.034375
0 0.61875 0.73125 0.0390625 0.05
0 0.35625 0.73359375 0.04375 0.0546875