0 0.378125 0.246875 0.046875 0.05859375
0 0.08828125 0.534375 0.059375 0.03671875
0 0.08046875 0.5890625 0.07578125 0.05
0 0.08046875 0.63984375 0.07578125 0.05078125
0 0.31015625 0.59375 0.046875 0.034375
0 0.34765625 0.5296875 0.0421875 0.03125
0 0.2140625 0.5859375 0.03203125 0.034375
0 0.45 0.56796875 0.04765625 0.0359375
0 0.559375 0.41171875 0.04765625 0.03515625
0 0.559375 0.4875 0.0484375 0.03671875
0 0.63515625 0.56484375 0.04609375 0.03671875
0 0.63984375 0.71640625 0.04140625 0.053125
0 0.359375 0.71875 0.04609375 0.05859375