0 0.553125 0.1734375 0.084375 0.0515625
0 0.553125 0.1296875 0.084375 0.05078125
0 0.5 0.64375 0.09375 0.05625
0 0.7109375 0.65234375 0.10703125 0.04921875
0 0.35703125 0.49296875 0.078125 0.03515625
0 0.42734375 0.4859375 0.05390625 0.034375
0 0.70234375 0.27578125 0.059375 0.03671875
0 0.91171875 0.39921875 0.071875 0.04296875
0 0.76796875 0.434375 0.07734375 0.034375
0 0.49921875 0.5328125 0.090625 0.05234375
0 0.646875 0.4359375 0.078125 0.03515625
0 0.65078125 0.52890625 0.08515625 0.0390625
0 0.64765625 0.2390625 0.07890625 0.03515625