0 0.53359375 0.18984375 0.08828125 0.053125
0 0.53359375 0.14375 0.08828125 0.053125
0 0.478125 0.68046875 0.09765625 0.05859375
0 0.69765625 0.6890625 0.11171875 0.05078125
0 0.3296875 0.5234375 0.08125 0.03671875
0 0.40234375 0.515625 0.05625 0.03515625
0 0.6890625 0.296875 0.0625 0.03828125
0 0.90703125 0.42578125 0.07421875 0.04453125
0 0.75703125 0.4625 0.08046875 0.03515625
0 0.47734375 0.56484375 0.09453125 0.0546875
0 0.63125 0.46328125 0.08125 0.03671875
0 0.63515625 0.5609375 0.0890625 0.040625
0 0.63203125 0.2578125 0.08203125 0.03671875