0 0.39453125 0.63984375 0.04375 0.0390625
0 0.15546875 0.8515625 0.0390625 0.03125
0 0.2828125 0.85 0.04453125 0.03359375
0 0.40859375 0.84921875 0.04453125 0.034375
0 0.15859375 0.940625 0.03515625 0.02890625
0 0.47109375 0.8484375 0.03828125 0.03046875
0 0.63984375 0.846875 0.0421875 0.03359375
0 0.71953125 0.84140625 0.0515625 0.02734375
0 0.70625 0.7265625 0.04140625 0.03203125
0 0.640625 0.72734375 0.0390625 0.03125
0 0.103125 0.52265625 0.07578125 0.06015625
0 0.17890625 0.52265625 0.07578125 0.06015625
0 0.3890625 0.4265625 0.046875 0.03671875
0 0.425 0.41875 0.0234375 0.021875
0 0.4015625 0.12109375 0.0453125 0.04140625
0 0.3890625 0.378125 0.046875 0.03828125
0 0.4265625 0.37109375 0.02421875 0.0234375
0 0.478125 0.33203125 0.03671875 0.02890625
0 0.59921875 0.33125 0.03828125 0.03046875
0 0.76640625 0.36328125 0.0453125 0.0234375
0 0.72578125 0.321875 0.053125 0.028125
0 0.840625 0.1921875 0.04140625 0.03125