0 0.45 0.83203125 0.07734375 0.10859375
0 0.45 0.73828125 0.07734375 0.10859375
0 0.9 0.3453125 0.0859375 0.07734375
0 0.83515625 0.3453125 0.0859375 0.07734375
0 0.665625 0.64765625 0.06875 0.06953125
0 0.665625 0.7421875 0.06796875 0.06875
0 0.5875 0.8140625 0.04765625 0.07265625
0 0.39453125 0.6984375 0.06015625 0.059375
0 0.40234375 0.50859375 0.075 0.07734375
0 0.33828125 0.2875 0.075 0.0765625
0 0.11953125 0.30390625 0.0578125 0.08671875
0 0.12109375 0.5921875 0.05703125 0.07890625
0 0.22421875 0.696875 0.05703125 0.05703125