0 0.56953125 0.82265625 0.078125 0.109375
0 0.56953125 0.728125 0.078125 0.109375
0 0.11640625 0.334375 0.0859375 0.078125
0 0.18203125 0.334375 0.0859375 0.078125
0 0.35234375 0.63671875 0.06953125 0.0703125
0 0.353125 0.7328125 0.06875 0.06875
0 0.43125 0.8046875 0.04765625 0.07265625
0 0.62578125 0.68828125 0.06015625 0.06015625
0 0.61796875 0.49765625 0.075 0.078125
0 0.68203125 0.27578125 0.075 0.07734375
0 0.90234375 0.2921875 0.05859375 0.08671875
0 0.90078125 0.58125 0.0578125 0.07890625
0 0.796875 0.68671875 0.0578125 0.05703125