0 0.253125 0.7109375 0.03984375 0.06015625
0 0.26484375 0.61640625 0.03515625 0.0890625
0 0.515625 0.34375 0.04375 0.06171875
0 0.26484375 0.47578125 0.03515625 0.0796875
0 0.12109375 0.4 0.02578125 0.0640625
0 0.15625 0.4625 0.03671875 0.0625
0 0.2265625 0.4609375 0.0359375 0.0609375
0 0.15703125 0.26796875 0.0234375 0.05625
0 0.1625 0.20546875 0.03671875 0.0609375
0 0.19765625 0.1921875 0.03046875 0.0703125
0 0.6625 0.1546875 0.04453125 0.06171875
0 0.80390625 0.28828125 0.03046875 0.06796875
0 0.84453125 0.2890625 0.03046875 0.06875
0 0.76796875 0.21953125 0.03515625 0.06015625
0 0.803125 0.175 0.03125 0.06953125