0 0.50078125 0.3421875 0.03828125 0.03515625
0 0.596875 0.409375 0.02734375 0.0484375
0 0.84609375 0.2234375 0.0359375 0.0328125
0 0.6109375 0.2296875 0.02578125 0.03828125
0 0.59140625 0.29609375 0.028125 0.0328125
0 0.50546875 0.82421875 0.034375 0.03515625
0 0.68984375 0.8234375 0.034375 0.03515625
0 0.18359375 0.40546875 0.0265625 0.04765625
0 0.33359375 0.28984375 0.028125 0.0328125
0 0.33359375 0.25 0.028125 0.0328125
0 0.2640625 0.22421875 0.02578125 0.03671875
0 0.2953125 0.29453125 0.02578125 0.0359375
0 0.20546875 0.225 0.021875 0.025
0 0.20859375 0.29140625 0.028125 0.03359375
0 0.15234375 0.2703125 0.025 0.03515625
0 0.153125 0.1875 0.021875 0.03203125