0 0.5 0.34375 0.0390625 0.0359375
0 0.59765625 0.41171875 0.028125 0.04921875
0 0.853125 0.22265625 0.03671875 0.03359375
0 0.61171875 0.228125 0.0265625 0.0390625
0 0.5921875 0.296875 0.02890625 0.03359375
0 0.50390625 0.8359375 0.03515625 0.0359375
0 0.69296875 0.83515625 0.03515625 0.0359375
0 0.17578125 0.4078125 0.02734375 0.04921875
0 0.32890625 0.28984375 0.02890625 0.03359375
0 0.32890625 0.24921875 0.02890625 0.03359375
0 0.2578125 0.2234375 0.0265625 0.0375
0 0.28984375 0.2953125 0.02578125 0.03671875
0 0.1984375 0.22421875 0.02265625 0.02578125
0 0.20078125 0.29140625 0.02890625 0.034375
0 0.14296875 0.2703125 0.02578125 0.0359375
0 0.14453125 0.18515625 0.02265625 0.03203125