0 0.278125 0.1375 0.025 0.05234375
0 0.35625 0.65078125 0.025 0.04453125
0 0.36171875 0.48046875 0.0296875 0.03359375
0 0.14375 0.24296875 0.025 0.0296875
0 0.14375 0.21328125 0.025 0.03046875
0 0.32734375 0.43203125 0.02890625 0.034375
0 0.29609375 0.51328125 0.02890625 0.04765625
0 0.23515625 0.4734375 0.02578125 0.04296875
0 0.190625 0.43046875 0.028125 0.03515625
0 0.44609375 0.415625 0.0375 0.034375
0 0.296875 0.57890625 0.02890625 0.059375
0 0.77421875 0.45703125 0.025 0.0421875
0 0.8359375 0.43359375 0.028125 0.03671875
0 0.746875 0.43359375 0.028125 0.034375