0 0.41015625 0.2984375 0.059375 0.05
0 0.21171875 0.74140625 0.040625 0.07265625
0 0.20546875 0.34296875 0.04140625 0.059375
0 0.10390625 0.34609375 0.0359375 0.053125
0 0.28359375 0.62109375 0.0421875 0.04375
0 0.28359375 0.396875 0.0421875 0.04296875
0 0.10703125 0.29453125 0.046875 0.04921875
0 0.2265625 0.26171875 0.04140625 0.0546875
0 0.27265625 0.20625 0.04609375 0.04375
0 0.28515625 0.30546875 0.0453125 0.04921875
0 0.21015625 0.2109375 0.03984375 0.0421875
0 0.95390625 0.34765625 0.0546875 0.0484375
0 0.7484375 0.75703125 0.040625 0.0640625
0 0.8125 0.275 0.03671875 0.05
0 0.71953125 0.275 0.03671875 0.05
0 0.61640625 0.28046875 0.028125 0.0390625
0 0.7109375 0.35625 0.0421875 0.04296875