0 0.38359375 0.2078125 0.06015625 0.05234375
0 0.38359375 0.1671875 0.06015625 0.0515625
0 0.3734375 0.75859375 0.0671875 0.05546875
0 0.2984375 0.60078125 0.06875 0.040625
0 0.3578125 0.53125 0.065625 0.0390625
0 0.29765625 0.47890625 0.0703125 0.04140625
0 0.50390625 0.57734375 0.06328125 0.0484375
0 0.73984375 0.6171875 0.05078125 0.0421875
0 0.7875 0.475 0.04453125 0.03359375
0 0.67109375 0.53046875 0.06953125 0.040625
0 0.78671875 0.365625 0.04453125 0.03515625
0 0.37109375 0.65859375 0.065625 0.04921875
0 0.37578125 0.82421875 0.06171875 0.05