0 0.78828125 0.70546875 0.04765625 0.07734375
0 0.78203125 0.1828125 0.04765625 0.078125
0 0.596875 0.29375 0.04765625 0.07734375
0 0.76171875 0.9 0.05234375 0.0515625
0 0.65546875 0.39765625 0.05703125 0.0515625
0 0.5859375 0.5421875 0.03984375 0.05703125
0 0.546875 0.4421875 0.04453125 0.059375
0 0.74609375 0.63671875 0.04765625 0.05078125
0 0.58203125 0.59453125 0.04375 0.046875
0 0.20390625 0.65390625 0.040625 0.06875
0 0.19921875 0.23828125 0.0421875 0.071875
0 0.25234375 0.559375 0.04375 0.04609375
0 0.2515625 0.42578125 0.04296875 0.04453125
0 0.20625 0.3734375 0.03828125 0.0515625
0 0.18515625 0.61640625 0.04375 0.0453125