0 0.19609375 0.6875 0.04765625 0.07734375
0 0.203125 0.16484375 0.04765625 0.078125
0 0.3875 0.27578125 0.04765625 0.07734375
0 0.2234375 0.88203125 0.05234375 0.0515625
0 0.3296875 0.3796875 0.05703125 0.0515625
0 0.39921875 0.52421875 0.03984375 0.05703125
0 0.4375 0.42421875 0.04453125 0.059375
0 0.23828125 0.61953125 0.04765625 0.05078125
0 0.40234375 0.57734375 0.04375 0.046875
0 0.78046875 0.63671875 0.040625 0.06875
0 0.78515625 0.2203125 0.0421875 0.071875
0 0.7328125 0.5421875 0.04375 0.04609375
0 0.7328125 0.40859375 0.04296875 0.04453125
0 0.778125 0.35625 0.03828125 0.0515625
0 0.79921875 0.5984375 0.04375 0.0453125