0 0.22578125 0.62109375 0.046875 0.04375
0 0.44375 0.775 0.03046875 0.02578125
0 0.3578125 0.79453125 0.04140625 0.025
0 0.3546875 0.63828125 0.0359375 0.0203125
0 0.2390625 0.78984375 0.03359375 0.01953125
0 0.18359375 0.79609375 0.0203125 0.01953125
0 0.15 0.7921875 0.0296875 0.01640625
0 0.38125 0.69453125 0.021875 0.01953125
0 0.37578125 0.515625 0.03125 0.03359375
0 0.17421875 0.3265625 0.02890625 0.025
0 0.17421875 0.30625 0.02890625 0.025
0 0.3703125 0.36015625 0.0234375 0.02109375
0 0.3140625 0.3578125 0.028125 0.025
0 0.42890625 0.29609375 0.0296875 0.01640625
0 0.43125 0.41796875 0.0328125 0.01875
0 0.4296875 0.3796875 0.03125 0.0171875
0 0.20078125 0.4625 0.0359375 0.02109375
0 0.32109375 0.46171875 0.0359375 0.0203125
0 0.375 0.46328125 0.0328125 0.0265625