0 0.55390625 0.453125 0.0296875 0.06171875
0 0.55390625 0.4078125 0.0296875 0.0609375
0 0.4140625 0.40703125 0.03125 0.0625
0 0.4015625 0.38046875 0.03359375 0.04140625
0 0.365625 0.77890625 0.0296875 0.05390625
0 0.77734375 0.715625 0.03359375 0.06796875
0 0.59765625 0.46875 0.0375 0.04765625
0 0.8265625 0.57265625 0.03359375 0.04609375
0 0.8265625 0.46484375 0.03203125 0.04375
0 0.8265625 0.21875 0.03359375 0.0453125
0 0.76171875 0.5546875 0.0296875 0.03984375
0 0.68359375 0.61484375 0.02890625 0.03828125
0 0.775 0.61015625 0.034375 0.05703125
0 0.56015625 0.6 0.02890625 0.04921875
0 0.45390625 0.5328125 0.03125 0.03984375
0 0.4828125 0.65234375 0.03203125 0.04375