0 0.71484375 0.253125 0.05390625 0.0515625
0 0.46484375 0.75 0.05703125 0.053125
0 0.740625 0.70703125 0.03203125 0.0578125
0 0.6015625 0.65859375 0.0375 0.0359375
0 0.771875 0.6546875 0.04140625 0.03984375
0 0.6671875 0.765625 0.0484375 0.04921875
0 0.67109375 0.65625 0.040625 0.0390625
0 0.41640625 0.453125 0.0375 0.05625
0 0.27890625 0.453125 0.03671875 0.0546875
0 0.23359375 0.4046875 0.04453125 0.0453125
0 0.346875 0.396875 0.03828125 0.0578125
0 0.40703125 0.39375 0.034375 0.0515625
0 0.4671875 0.396875 0.03828125 0.0578125
0 0.4859375 0.33828125 0.034375 0.03671875