0 0.5234375 0.56171875 0.04921875 0.0671875
0 0.5234375 0.615625 0.04921875 0.0671875
0 0.6578125 0.23359375 0.05859375 0.03515625
0 0.6578125 0.26875 0.05859375 0.0359375
0 0.4296875 0.42578125 0.04921875 0.084375
0 0.396875 0.26796875 0.05078125 0.03515625
0 0.396875 0.2328125 0.05078125 0.03515625
0 0.19609375 0.66015625 0.046875 0.07265625
0 0.16953125 0.5546875 0.05390625 0.046875
0 0.3296875 0.32578125 0.0484375 0.05859375
0 0.303125 0.4125 0.04609375 0.04453125
0 0.1953125 0.721875 0.0484375 0.059375
0 0.30546875 0.721875 0.0484375 0.05859375
0 0.1125 0.7703125 0.0390625 0.0484375