0 0.30234375 0.50234375 0.05390625 0.05078125
0 0.38046875 0.94609375 0.0640625 0.05703125
0 0.91875 0.74453125 0.0703125 0.03984375
0 0.80546875 0.7390625 0.06015625 0.0484375
0 0.21015625 0.69609375 0.059375 0.04765625
0 0.14453125 0.86640625 0.05859375 0.0375
0 0.140625 0.74453125 0.065625 0.0421875
0 0.22734375 0.75703125 0.053125 0.04296875
0 0.72421875 0.8625 0.06484375 0.0421875
0 0.840625 0.61796875 0.05078125 0.04140625
0 0.615625 0.65703125 0.065625 0.0421875
0 0.6296875 0.20234375 0.06484375 0.04140625
0 0.4578125 0.20703125 0.05078125 0.040625
0 0.359375 0.215625 0.0640625 0.0421875