0 0.66171875 0.46640625 0.0546875 0.0515625
0 0.58359375 0.915625 0.06484375 0.0578125
0 0.0375 0.71171875 0.071875 0.03984375
0 0.15234375 0.70625 0.0609375 0.04921875
0 0.75546875 0.6625 0.06015625 0.0484375
0 0.821875 0.83515625 0.059375 0.03828125
0 0.82578125 0.71171875 0.06640625 0.0421875
0 0.73828125 0.72421875 0.05390625 0.04375
0 0.23515625 0.83046875 0.065625 0.0421875
0 0.1171875 0.58359375 0.0515625 0.0421875
0 0.3453125 0.6234375 0.06640625 0.04296875
0 0.33125 0.1625 0.065625 0.0421875
0 0.5046875 0.16796875 0.0515625 0.04140625
0 0.60390625 0.1765625 0.06484375 0.04296875