0 0.834375 0.2203125 0.053125 0.0734375
0 0.834375 0.27578125 0.053125 0.0734375
0 0.81171875 0.73125 0.05234375 0.046875
0 0.7625 0.56484375 0.0609375 0.05546875
0 0.83125 0.49453125 0.05546875 0.06796875
0 0.86953125 0.58359375 0.05546875 0.0484375
0 0.6671875 0.7171875 0.04765625 0.0578125
0 0.2625 0.8546875 0.05703125 0.0765625
0 0.22890625 0.95625 0.06484375 0.0578125
0 0.309375 0.21953125 0.0578125 0.07734375
0 0.309375 0.278125 0.0578125 0.07734375
0 0.13671875 0.628125 0.0578125 0.06875
0 0.12734375 0.73125 0.065625 0.06015625
0 0.25859375 0.74140625 0.0578125 0.0703125