0 0.7984375 0.065625 0.040625 0.08828125
0 0.75703125 0.065625 0.04140625 0.08828125
0 0.89609375 0.4140625 0.0296875 0.0578125
0 0.79921875 0.6890625 0.0296875 0.0421875
0 0.71171875 0.44921875 0.02734375 0.05390625
0 0.72890625 0.621875 0.0296875 0.04140625
0 0.79609375 0.60546875 0.021875 0.04453125
0 0.71328125 0.659375 0.0265625 0.05078125
0 0.85703125 0.4 0.03125 0.0421875
0 0.72421875 0.38203125 0.0265625 0.053125
0 0.65625 0.33984375 0.02421875 0.0484375
0 0.6984375 0.3953125 0.03203125 0.04453125
0 0.61875 0.39609375 0.04453125 0.04453125
0 0.36171875 0.4828125 0.03203125 0.07265625
0 0.30859375 0.3921875 0.0359375 0.0515625
0 0.44609375 0.38125 0.0265625 0.05078125
0 0.3984375 0.340625 0.02265625 0.04453125
0 0.4765625 0.32890625 0.03203125 0.04609375
0 0.3640625 0.2703125 0.02890625 0.0546875
0 0.31328125 0.3125 0.021875 0.04375
0 0.28046875 0.27265625 0.0265625 0.05078125
0 0.35546875 0.18203125 0.02421875 0.03203125
0 0.2828125 0.678125 0.02734375 0.05078125
0 0.13046875 0.678125 0.02734375 0.05078125
0 0.21171875 0.69453125 0.025 0.03515625
0 0.14921875 0.784375 0.0265625 0.0375