0 0.8265625 0.04375 0.0421875 0.0875
0 0.784375 0.04375 0.0421875 0.0875
0 0.9265625 0.40078125 0.03046875 0.06015625
0 0.828125 0.68359375 0.03046875 0.04296875
0 0.7375 0.43671875 0.028125 0.05546875
0 0.75546875 0.6140625 0.03046875 0.04296875
0 0.82421875 0.59765625 0.021875 0.0453125
0 0.7390625 0.653125 0.0265625 0.05234375
0 0.88671875 0.3859375 0.03203125 0.04296875
0 0.75078125 0.36796875 0.02734375 0.0546875
0 0.68046875 0.32421875 0.02421875 0.05
0 0.72421875 0.38203125 0.0328125 0.04609375
0 0.6421875 0.38203125 0.04609375 0.04609375
0 0.378125 0.471875 0.0328125 0.07421875
0 0.3234375 0.378125 0.03671875 0.053125
0 0.4640625 0.36640625 0.02734375 0.05234375
0 0.415625 0.325 0.0234375 0.0453125
0 0.49609375 0.31328125 0.0328125 0.04765625
0 0.38046875 0.253125 0.0296875 0.05625
0 0.32734375 0.29609375 0.02265625 0.0453125
0 0.29375 0.25546875 0.02734375 0.05234375
0 0.37109375 0.1625 0.02421875 0.0328125
0 0.29609375 0.67265625 0.028125 0.05234375
0 0.13984375 0.67265625 0.028125 0.05234375
0 0.2234375 0.6890625 0.02578125 0.03671875
0 0.15859375 0.78125 0.0265625 0.0390625