0 0.40390625 0.17890625 0.046875 0.09140625
0 0.40390625 0.121875 0.046875 0.090625
0 0.828125 0.60546875 0.0671875 0.04921875
0 0.86796875 0.60546875 0.06640625 0.04921875
0 0.62890625 0.61484375 0.04375 0.0453125
0 0.753125 0.4 0.04765625 0.06640625
0 0.74140625 0.4578125 0.0421875 0.0421875
0 0.74453125 0.609375 0.04765625 0.04921875
0 0.23828125 0.39921875 0.04765625 0.06796875
0 0.31640625 0.7359375 0.0515625 0.084375
0 0.25546875 0.54921875 0.04375 0.0625
0 0.31640625 0.61640625 0.0515625 0.071875
0 0.1828125 0.50390625 0.05078125 0.053125