0 0.59765625 0.6546875 0.040625 0.04296875
0 0.571875 0.5140625 0.02734375 0.0625
0 0.80078125 0.87890625 0.03203125 0.07109375
0 0.8015625 0.765625 0.03125 0.0546875
0 0.75 0.7625 0.02734375 0.0484375
0 0.74453125 0.66484375 0.03203125 0.04375
0 0.6546875 0.60625 0.025 0.04375
0 0.78515625 0.57578125 0.0296875 0.0375
0 0.69765625 0.41328125 0.03125 0.04296875
0 0.6296875 0.35859375 0.0328125 0.04296875
0 0.84140625 0.17890625 0.0328125 0.0421875
0 0.79609375 0.24609375 0.0265625 0.0640625
0 0.76015625 0.43203125 0.01328125 0.0265625
0 0.74609375 0.43203125 0.0140625 0.028125
0 0.77421875 0.45390625 0.0140625 0.01640625
0 0.65390625 0.50390625 0.0234375 0.0421875
0 0.20078125 0.24296875 0.03046875 0.06796875
0 0.23984375 0.65234375 0.03515625 0.04296875
0 0.23125 0.73984375 0.02734375 0.04921875
0 0.2234375 0.65859375 0.03125 0.04296875
0 0.15078125 0.41640625 0.02734375 0.03671875
0 0.15078125 0.3796875 0.02734375 0.03671875