0 0.74375 0.1203125 0.04375 0.084375
0 0.74375 0.1859375 0.04375 0.084375
0 0.78515625 0.9296875 0.0546875 0.06796875
0 0.246875 0.8171875 0.04296875 0.08203125
0 0.7609375 0.81953125 0.04609375 0.08671875
0 0.7609375 0.75 0.04609375 0.0875
0 0.82109375 0.69921875 0.04296875 0.0546875
0 0.12109375 0.3890625 0.03984375 0.06796875
0 0.17109375 0.3890625 0.03984375 0.06796875
0 0.121875 0.58203125 0.04140625 0.06875
0 0.2453125 0.6921875 0.03984375 0.0671875
0 0.1921875 0.63671875 0.034375 0.05859375
0 0.7453125 0.3921875 0.04140625 0.06953125
0 0.703125 0.60390625 0.0390625 0.0671875
0 0.671875 0.540625 0.03671875 0.04921875
0 0.69296875 0.3859375 0.0453125 0.06015625
0 0.82578125 0.440625 0.03671875 0.0640625
0 0.709375 0.69765625 0.04296875 0.05625
0 0.6171875 0.6765625 0.04140625 0.0546875
0 0.74921875 0.6875 0.0328125 0.05703125
0 0.2453125 0.97578125 0.04609375 0.0484375
0 0.1140625 0.49765625 0.04140625 0.05234375