0 0.78984375 0.58359375 0.06484375 0.04765625
0 0.74765625 0.2171875 0.0640625 0.04921875
0 0.74765625 0.934375 0.08203125 0.03515625
0 0.73671875 0.9703125 0.0609375 0.0234375
0 0.68046875 0.46953125 0.065625 0.03125
0 0.790625 0.528125 0.06328125 0.03984375
0 0.86171875 0.49921875 0.04296875 0.02890625
0 0.25859375 0.30078125 0.053125 0.03828125
0 0.284375 0.48359375 0.05234375 0.03359375
0 0.2140625 0.48359375 0.05234375 0.03359375
0 0.20390625 0.359375 0.059375 0.02734375
0 0.32890625 0.3515625 0.065625 0.03125
0 0.14921875 0.3953125 0.03984375 0.02734375