0 0.025 0.55078125 0.04921875 0.04296875
0 0.025 0.45078125 0.04921875 0.04296875
0 0.27265625 0.90078125 0.0515625 0.06171875
0 0.71875 0.44375 0.078125 0.06328125
0 0.3890625 0.25546875 0.065625 0.04375
0 0.13515625 0.17578125 0.07265625 0.065625
0 0.3328125 0.1984375 0.0375 0.0390625
0 0.328125 0.31953125 0.04921875 0.05234375
0 0.20390625 0.2078125 0.0515625 0.04140625
0 0.20234375 0.3265625 0.05390625 0.04296875
0 0.26640625 0.58203125 0.04609375 0.0484375
0 0.0734375 0.584375 0.03671875 0.0375
0 0.25859375 0.64765625 0.05546875 0.04453125
0 0.21015625 0.71015625 0.05390625 0.04296875
0 0.4 0.72890625 0.08125 0.0734375
0 0.271875 0.7625 0.0515625 0.05234375
0 0.81875 0.7 0.08046875 0.07265625