0 0.0578125 0.5546875 0.0625 0.04140625
0 0.0578125 0.45703125 0.0625 0.04140625
0 0.30546875 0.89296875 0.05 0.06015625
0 0.73671875 0.45078125 0.075 0.06171875
0 0.41796875 0.26875 0.06328125 0.0421875
0 0.171875 0.19140625 0.0703125 0.06328125
0 0.36328125 0.21328125 0.03671875 0.0375
0 0.35859375 0.33046875 0.04765625 0.05
0 0.23828125 0.22265625 0.05 0.03984375
0 0.2375 0.3375 0.0515625 0.04140625
0 0.29921875 0.584375 0.04453125 0.046875
0 0.11171875 0.58671875 0.03515625 0.03671875
0 0.29140625 0.6484375 0.05390625 0.04296875
0 0.24453125 0.70859375 0.0515625 0.04140625
0 0.428125 0.7265625 0.07890625 0.07109375
0 0.3046875 0.75859375 0.05 0.05
0 0.83359375 0.6984375 0.07734375 0.0703125