0 0.80234375 0.371875 0.05234375 0.06484375
0 0.8421875 0.371875 0.053125 0.06484375
0 0.4484375 0.58203125 0.0421875 0.0859375
0 0.4484375 0.65234375 0.0421875 0.08515625
0 0.4390625 0.3890625 0.034375 0.0625
0 0.5046875 0.303125 0.0296875 0.0546875
0 0.36796875 0.40234375 0.040625 0.0609375
0 0.37890625 0.5703125 0.0421875 0.0640625
0 0.38671875 0.74375 0.0390625 0.07734375
0 0.66015625 0.478125 0.03828125 0.07890625
0 0.52734375 0.528125 0.03359375 0.0484375
0 0.64609375 0.528125 0.034375 0.05