0 0.77421875 0.3921875 0.053125 0.065625
0 0.8140625 0.3921875 0.05390625 0.065625
0 0.41640625 0.6046875 0.0421875 0.08671875
0 0.41640625 0.67578125 0.0421875 0.0859375
0 0.40703125 0.409375 0.03515625 0.06328125
0 0.4734375 0.32265625 0.0296875 0.0546875
0 0.33515625 0.42265625 0.040625 0.06171875
0 0.34609375 0.5921875 0.04296875 0.06484375
0 0.35390625 0.76796875 0.03984375 0.078125
0 0.63046875 0.49921875 0.0390625 0.0796875
0 0.49609375 0.55078125 0.03359375 0.04921875
0 0.61640625 0.55078125 0.03515625 0.05078125