0 0.2703125 0.93671875 0.0484375 0.06328125
0 0.31328125 0.0984375 0.0421875 0.059375
0 0.23984375 0.31171875 0.0421875 0.05
0 0.2203125 0.465625 0.0484375 0.04375
0 0.15859375 0.59296875 0.040625 0.0484375
0 0.2125 0.5265625 0.0421875 0.05
0 0.2203125 0.7421875 0.04765625 0.04296875
0 0.37890625 0.73515625 0.04140625 0.0484375
0 0.38515625 0.6421875 0.046875 0.04296875
0 0.21875 0.36875 0.0484375 0.04296875
0 0.26875 0.8140625 0.0421875 0.05
0 0.171875 0.97578125 0.0484375 0.04453125
0 0.6265625 0.4421875 0.04296875 0.05625
0 0.628125 0.65390625 0.04140625 0.05546875
0 0.71953125 0.53671875 0.046875 0.04296875