0 0.46875 0.16015625 0.05859375 0.0953125
0 0.46875 0.09375 0.05859375 0.096875
0 0.16484375 0.46015625 0.0609375 0.0765625
0 0.14921875 0.5625 0.05078125 0.05
0 0.16484375 0.63125 0.0609375 0.075
0 0.4296875 0.7328125 0.04921875 0.0484375
0 0.43046875 0.85703125 0.04765625 0.046875
0 0.41171875 0.84765625 0.06328125 0.078125
0 0.68828125 0.665625 0.0578125 0.05859375
0 0.32578125 0.77265625 0.04296875 0.0546875
0 0.38359375 0.78046875 0.04921875 0.0484375
0 0.6046875 0.85 0.05390625 0.05078125
0 0.4125 0.95859375 0.06171875 0.0828125