0 0.46640625 0.83125 0.01875 0.071875
0 0.51015625 0.3328125 0.0140625 0.0359375
0 0.51015625 0.296875 0.0140625 0.0359375
0 0.484375 0.4921875 0.015625 0.05234375
0 0.57578125 0.50234375 0.02109375 0.04609375
0 0.50390625 0.50078125 0.0171875 0.04453125
0 0.52109375 0.58984375 0.015625 0.05234375
0 0.5265625 0.6484375 0.01484375 0.0359375
0 0.46640625 0.7109375 0.01796875 0.0640625
0 0.63125 0.715625 0.01796875 0.06796875
0 0.67109375 0.3875 0.021875 0.05390625
0 0.4875 0.51796875 0.01171875 0.04140625
0 0.340625 0.4578125 0.02109375 0.046875
0 0.26484375 0.42578125 0.01796875 0.046875
0 0.19375 0.42578125 0.0171875 0.0453125
0 0.19375 0.525 0.01640625 0.04375
0 0.22265625 0.53984375 0.0125 0.04296875
0 0.31640625 0.53984375 0.01171875 0.04140625