0 0.43046875 0.83359375 0.01953125 0.07734375
0 0.47734375 0.296875 0.01484375 0.03828125
0 0.47734375 0.25859375 0.01484375 0.03828125
0 0.44921875 0.46796875 0.01640625 0.05625
0 0.5484375 0.47890625 0.02265625 0.05
0 0.47109375 0.47734375 0.01796875 0.04765625
0 0.4890625 0.5734375 0.01640625 0.05625
0 0.4953125 0.63671875 0.01640625 0.03828125
0 0.43046875 0.70390625 0.01953125 0.06953125
0 0.60859375 0.70859375 0.01953125 0.07265625
0 0.6515625 0.35546875 0.0234375 0.05859375
0 0.45390625 0.49609375 0.0125 0.04453125
0 0.2953125 0.43203125 0.02265625 0.05078125
0 0.21328125 0.396875 0.01875 0.05
0 0.13671875 0.396875 0.01796875 0.0484375
0 0.13671875 0.50390625 0.01796875 0.046875
0 0.16796875 0.51953125 0.01328125 0.04609375
0 0.26875 0.51953125 0.0125 0.04453125