0 0.246875 0.16796875 0.10625 0.0375
0 0.54453125 0.17578125 0.09140625 0.04765625
0 0.57265625 0.65625 0.10625 0.03671875
0 0.47890625 0.65078125 0.103125 0.05390625
0 0.57421875 0.41171875 0.1046875 0.03671875
0 0.66484375 0.48984375 0.1046875 0.03671875
0 0.85625 0.4796875 0.071875 0.03359375
0 0.36171875 0.52421875 0.103125 0.03671875
0 0.44765625 0.48203125 0.09375 0.0328125
0 0.45390625 0.41328125 0.10546875 0.0375
0 0.19609375 0.42109375 0.0703125 0.03046875
0 0.4796875 0.58828125 0.10234375 0.04609375