0 0.87578125 0.23828125 0.0359375 0.07578125
0 0.78984375 0.2359375 0.03828125 0.0796875
0 0.81015625 0.63046875 0.03984375 0.04453125
0 0.775 0.68359375 0.02578125 0.04296875
0 0.871875 0.67109375 0.034375 0.05546875
0 0.81484375 0.67421875 0.0296875 0.05
0 0.87734375 0.5234375 0.0578125 0.07734375
0 0.86015625 0.2109375 0.0515625 0.0484375
0 0.5265625 0.86796875 0.0390625 0.0765625
0 0.44921875 0.2359375 0.03515625 0.0703125
0 0.5140625 0.6578125 0.04140625 0.04765625
0 0.56015625 0.721875 0.0421875 0.05
0 0.52578125 0.7328125 0.0375 0.059375
0 0.2 0.86875 0.0359375 0.07109375
0 0.1234375 0.6734375 0.03515625 0.05390625
0 0.19609375 0.6734375 0.0359375 0.05390625
0 0.11875 0.61875 0.0421875 0.0484375