0 0.98203125 0.75078125 0.0359375 0.07109375
0 0.7171875 0.09375 0.040625 0.09609375
0 0.43359375 0.8984375 0.04765625 0.109375
0 0.80078125 0.75 0.04453125 0.0703125
0 0.8015625 0.3546875 0.04609375 0.07265625
0 0.89140625 0.5046875 0.0390625 0.05859375
0 0.47265625 0.68046875 0.0578125 0.10390625
0 0.434375 0.775 0.04453125 0.0890625
0 0.428125 0.378125 0.0390625 0.0796875
0 0.38359375 0.63046875 0.04609375 0.07109375
0 0.38359375 0.4578125 0.04609375 0.0703125
0 0.34453125 0.61796875 0.03515625 0.07109375
0 0.2875 0.46875 0.034375 0.0703125
0 0.02890625 0.0984375 0.05234375 0.07109375
0 0.8984375 0.43515625 0.03671875 0.075
0 0.8984375 0.71875 0.03984375 0.08046875