0 0.134375 0.66484375 0.040625 0.046875
0 0.434375 0.73046875 0.03984375 0.0453125
0 0.74921875 0.5390625 0.040625 0.04609375
0 0.7375 0.51875 0.0546875 0.03515625
0 0.37109375 0.53203125 0.03984375 0.0296875
0 0.43828125 0.45234375 0.0375 0.02734375
0 0.43828125 0.425 0.0375 0.02734375
0 0.6796875 0.57421875 0.03359375 0.03515625
0 0.5171875 0.58046875 0.04140625 0.03046875
0 0.6796875 0.6453125 0.05234375 0.0453125
0 0.671875 0.6078125 0.0359375 0.0359375
0 0.25 0.1078125 0.0515625 0.03359375
0 0.73359375 0.1171875 0.03984375 0.0453125
0 0.29921875 0.1671875 0.05234375 0.04375
0 0.38125 0.19140625 0.0359375 0.0359375
0 0.534375 0.16015625 0.03671875 0.0359375
0 0.6203125 0.15703125 0.03984375 0.0296875