0 0.94140625 0.2078125 0.075 0.0640625
0 0.8890625 0.2078125 0.075 0.0640625
0 0.815625 0.96640625 0.0484375 0.06640625
0 0.815625 0.9109375 0.0484375 0.075
0 0.5546875 0.9921875 0.04375 0.015625
0 0.5546875 0.93359375 0.04375 0.06328125
0 0.53125 0.81171875 0.0421875 0.04453125
0 0.525 0.67734375 0.05546875 0.06015625
0 0.31328125 0.3890625 0.03203125 0.03515625
0 0.296875 0.23671875 0.0421875 0.06171875
0 0.2359375 0.22890625 0.0546875 0.0765625
0 0.39609375 0.12265625 0.04609375 0.0453125
0 0.66015625 0.29453125 0.0546875 0.075