0 0.175 0.896875 0.0359375 0.065625
0 0.14140625 0.60859375 0.03359375 0.05078125
0 0.13828125 0.840625 0.04140625 0.04140625
0 0.17578125 0.815625 0.0328125 0.0484375
0 0.2421875 0.77421875 0.03359375 0.05
0 0.178125 0.53046875 0.0359375 0.0375
0 0.14765625 0.28125 0.0328125 0.05703125
0 0.21328125 0.2140625 0.04296875 0.0375
0 0.5609375 0.06328125 0.0328125 0.05546875
0 0.73359375 0.44375 0.0296875 0.053125
0 0.7640625 0.44375 0.03046875 0.053125
0 0.61484375 0.43671875 0.0375 0.0390625
0 0.609375 0.2421875 0.0296875 0.0453125
0 0.64921875 0.24140625 0.03125 0.046875
0 0.54921875 0.15078125 0.02890625 0.0296875
0 0.60078125 0.29140625 0.03671875 0.040625
0 0.615625 0.4953125 0.0359375 0.0390625