0 0.93828125 0.95234375 0.02890625 0.0546875
0 0.76015625 0.84609375 0.0328125 0.05859375
0 0.78984375 0.58671875 0.0296875 0.0453125
0 0.79296875 0.7953125 0.03671875 0.0375
0 0.759375 0.77265625 0.02890625 0.04375
0 0.69921875 0.7359375 0.0296875 0.04453125
0 0.75703125 0.51640625 0.03203125 0.03359375
0 0.784375 0.2921875 0.02890625 0.0515625
0 0.72578125 0.23203125 0.03828125 0.03359375
0 0.4125 0.09609375 0.02890625 0.05
0 0.25703125 0.43828125 0.02734375 0.04765625
0 0.2296875 0.43828125 0.02734375 0.04765625
0 0.36484375 0.43203125 0.03359375 0.03515625
0 0.36875 0.25703125 0.02734375 0.040625
0 0.3328125 0.25625 0.028125 0.0421875
0 0.4234375 0.175 0.0265625 0.02734375
0 0.3765625 0.3015625 0.03359375 0.0359375
0 0.3640625 0.48515625 0.03203125 0.03515625