0 0.5546875 0.26875 0.0296875 0.053125
0 0.525 0.26875 0.0296875 0.053125
0 0.3796875 0.315625 0.03671875 0.0625
0 0.70625 0.84375 0.0421875 0.06875
0 0.765625 0.65859375 0.05546875 0.0703125
0 0.79765625 0.515625 0.0359375 0.0515625
0 0.69609375 0.515625 0.03671875 0.0515625
0 0.80625 0.58828125 0.0421875 0.046875
0 0.3328125 0.53203125 0.028125 0.0421875
0 0.4109375 0.5265625 0.03671875 0.05234375
0 0.39140625 0.66328125 0.0546875 0.06953125
0 0.3328125 0.6421875 0.028125 0.040625
0 0.2828125 0.6421875 0.02890625 0.04140625
0 0.29609375 0.47265625 0.03671875 0.0578125
0 0.3734375 0.48515625 0.0421875 0.04765625
0 0.70625 0.69375 0.04140625 0.059375