0 0.56796875 0.94765625 0.01875 0.06328125
0 0.53671875 0.9578125 0.0390625 0.08359375
0 0.75546875 0.128125 0.0546875 0.04921875
0 0.7875 0.128125 0.05390625 0.04921875
0 0.30234375 0.21484375 0.05078125 0.11328125
0 0.81015625 0.546875 0.0390625 0.078125
0 0.6125 0.67578125 0.06328125 0.07890625
0 0.79375 0.5328125 0.05 0.05625
0 0.81484375 0.7296875 0.04375 0.084375
0 0.68125 0.28515625 0.0453125 0.05390625
0 0.72109375 0.50703125 0.0296875 0.06328125
0 0.478125 0.68203125 0.053125 0.0671875
0 0.1390625 0.57265625 0.0609375 0.1140625
0 0.56796875 0.8109375 0.0171875 0.04453125
0 0.53671875 0.83125 0.0421875 0.08359375
0 0.1890625 0.81640625 0.05 0.06015625
0 0.3046875 0.66875 0.05 0.0609375