0 0.03515625 0.390625 0.028125 0.05546875
0 0.28515625 0.6671875 0.01875 0.06953125
0 0.3171875 0.6671875 0.01953125 0.06953125
0 0.321875 0.5765625 0.01328125 0.04375
0 0.6765625 0.7546875 0.02734375 0.05390625
0 0.41328125 0.32734375 0.021875 0.0703125
0 0.7015625 0.690625 0.01796875 0.06640625
0 0.5453125 0.49921875 0.0265625 0.0484375
0 0.50859375 0.5 0.021875 0.04921875
0 0.52578125 0.35078125 0.01953125 0.0421875
0 0.6640625 0.6328125 0.021875 0.04921875
0 0.69453125 0.51171875 0.01875 0.059375
0 0.6828125 0.5484375 0.0171875 0.0359375
0 0.70546875 0.5265625 0.02109375 0.04921875
0 0.871875 0.3671875 0.01640625 0.0546875
0 0.93828125 0.52421875 0.01796875 0.05859375
0 0.87265625 0.53671875 0.0234375 0.05078125
0 0.89140625 0.55234375 0.0140625 0.04609375
0 0.94453125 0.584375 0.0140625 0.04609375