0 0.8109375 0.25703125 0.05546875 0.084375
0 0.6765625 0.94296875 0.06015625 0.06328125
0 0.71640625 0.90625 0.05703125 0.0875
0 0.71640625 0.77578125 0.0578125 0.08125
0 0.78125 0.62578125 0.05859375 0.06328125
0 0.78125 0.54296875 0.05859375 0.06328125
0 0.62265625 0.7890625 0.04609375 0.0484375
0 0.621875 0.725 0.04375 0.046875
0 0.28515625 0.25234375 0.05859375 0.08828125
0 0.12578125 0.8203125 0.0546875 0.05703125
0 0.25703125 0.5 0.0578125 0.06328125
0 0.24609375 0.62890625 0.05703125 0.0609375
0 0.1796875 0.41875 0.05234375 0.075
0 0.159375 0.45234375 0.053125 0.05625
0 0.184375 0.6390625 0.046875 0.06875