0 0.13046875 0.27734375 0.05390625 0.08203125
0 0.2609375 0.94296875 0.05859375 0.06171875
0 0.221875 0.90625 0.05546875 0.08515625
0 0.22265625 0.7796875 0.05625 0.07890625
0 0.159375 0.63515625 0.05703125 0.06171875
0 0.159375 0.5546875 0.05703125 0.06171875
0 0.3140625 0.79296875 0.04453125 0.04765625
0 0.31484375 0.73046875 0.04296875 0.04609375
0 0.640625 0.271875 0.05703125 0.0859375
0 0.7953125 0.8234375 0.05234375 0.05546875
0 0.66875 0.51328125 0.05625 0.06171875
0 0.67890625 0.6375 0.05546875 0.059375
0 0.74375 0.43359375 0.05078125 0.07265625
0 0.76328125 0.465625 0.0515625 0.0546875
0 0.73828125 0.646875 0.0453125 0.06640625