0 0.33828125 0.84140625 0.07734375 0.07421875
0 0.28984375 0.52890625 0.05859375 0.0640625
0 0.38828125 0.525 0.05859375 0.0640625
0 0.38671875 0.64296875 0.06015625 0.06640625
0 0.67265625 0.51796875 0.053125 0.071875
0 0.68203125 0.2171875 0.059375 0.065625
0 0.7359375 0.44296875 0.059375 0.06484375
0 0.3546875 0.76875 0.06015625 0.096875
0 0.88515625 0.32578125 0.04765625 0.0640625
0 0.8265625 0.3890625 0.05859375 0.06484375
0 0.88828125 0.553125 0.053125 0.0734375
0 0.77578125 0.5640625 0.05390625 0.07265625