0 0.32265625 0.909375 0.075 0.06640625
0 0.703125 0.54609375 0.0578125 0.059375
0 0.6515625 0.34140625 0.05859375 0.06015625
0 0.8484375 0.43984375 0.0453125 0.059375
0 0.74296875 0.65703125 0.0515625 0.06640625
0 0.8515625 0.64609375 0.05234375 0.06640625
0 0.3375 0.84375 0.059375 0.0921875
0 0.79140625 0.496875 0.0578125 0.06015625
0 0.64375 0.61484375 0.05078125 0.065625
0 0.36953125 0.72890625 0.0578125 0.059375
0 0.36953125 0.621875 0.0578125 0.059375
0 0.27421875 0.62578125 0.05703125 0.059375