0 0.653125 0.82109375 0.0703125 0.06171875
0 0.3 0.484375 0.05390625 0.05546875
0 0.34765625 0.29453125 0.0546875 0.05625
0 0.16484375 0.3859375 0.0421875 0.05546875
0 0.2625 0.58671875 0.04765625 0.06171875
0 0.16171875 0.5765625 0.0484375 0.06171875
0 0.6390625 0.76015625 0.0546875 0.08515625
0 0.21796875 0.4390625 0.05390625 0.05625
0 0.3546875 0.5484375 0.04765625 0.0609375
0 0.609375 0.65390625 0.05390625 0.05546875
0 0.609375 0.55390625 0.05390625 0.05546875
0 0.69765625 0.55859375 0.053125 0.05546875