0 0.4984375 0.3703125 0.0296875 0.0546875
0 0.15234375 0.45078125 0.02421875 0.046875
0 0.203125 0.3890625 0.0203125 0.06171875
0 0.27890625 0.31171875 0.02265625 0.0453125
0 0.23671875 0.4890625 0.02265625 0.04453125
0 0.23125 0.38828125 0.021875 0.0640625
0 0.20078125 0.66484375 0.02421875 0.0484375
0 0.25625 0.61796875 0.01953125 0.05703125
0 0.25703125 0.70234375 0.01796875 0.05390625
0 0.2921875 0.56953125 0.02578125 0.05234375
0 0.390625 0.55859375 0.025 0.07109375
0 0.34296875 0.36796875 0.01796875 0.05234375
0 0.72421875 0.7359375 0.02578125 0.07265625
0 0.8015625 0.203125 0.028125 0.05078125
0 0.909375 0.48828125 0.0234375 0.065625
0 0.84609375 0.48671875 0.021875 0.0640625
0 0.75625 0.540625 0.01953125 0.05859375
0 0.909375 0.5375 0.02265625 0.0640625
0 0.7234375 0.53359375 0.02578125 0.071875
0 0.7015625 0.6703125 0.02421875 0.05
0 0.75625 0.6421875 0.0203125 0.0578125
0 0.9234375 0.51484375 0.01875 0.03671875
0 0.76171875 0.6140625 0.01953125 0.0390625
0 0.65234375 0.67109375 0.02421875 0.05078125