0 0.54921875 0.38359375 0.03046875 0.0546875
0 0.89765625 0.4640625 0.02421875 0.046875
0 0.846875 0.40234375 0.0203125 0.06171875
0 0.7703125 0.325 0.02265625 0.04609375
0 0.8125 0.503125 0.02265625 0.0453125
0 0.81875 0.4015625 0.021875 0.0640625
0 0.84921875 0.6796875 0.02421875 0.04921875
0 0.79375 0.63203125 0.0203125 0.0578125
0 0.79296875 0.7171875 0.01796875 0.05390625
0 0.75703125 0.58359375 0.02578125 0.053125
0 0.65859375 0.57265625 0.025 0.07109375
0 0.70625 0.38125 0.01796875 0.053125
0 0.32265625 0.75078125 0.02578125 0.0734375
0 0.2453125 0.21484375 0.028125 0.05078125
0 0.13671875 0.5015625 0.0234375 0.065625
0 0.2 0.50078125 0.021875 0.0640625
0 0.290625 0.55390625 0.0203125 0.05859375
0 0.13671875 0.5515625 0.02265625 0.06484375
0 0.32421875 0.54765625 0.02578125 0.07265625
0 0.34609375 0.68515625 0.02421875 0.05
0 0.290625 0.65625 0.0203125 0.0578125
0 0.12265625 0.52890625 0.01875 0.03671875
0 0.28515625 0.628125 0.01953125 0.0390625
0 0.39453125 0.6859375 0.02421875 0.05078125