0 0.5046875 0.18046875 0.05625 0.04921875
0 0.39453125 0.18046875 0.0546875 0.0484375
0 0.646875 0.14296875 0.08046875 0.0359375
0 0.8671875 0.60546875 0.08125 0.03671875
0 0.48671875 0.86875 0.0609375 0.05234375
0 0.4625 0.28515625 0.06171875 0.034375
0 0.3125 0.2921875 0.0828125 0.0515625
0 0.503125 0.3828125 0.05390625 0.0375
0 0.7953125 0.35 0.05390625 0.0375
0 0.41640625 0.72890625 0.06328125 0.03515625
0 0.4734375 0.6578125 0.06484375 0.0359375
0 0.41640625 0.609375 0.06328125 0.03515625
0 0.415625 0.38984375 0.065625 0.03671875
0 0.48671875 0.77578125 0.059375 0.04140625