0 0.49453125 0.21015625 0.05703125 0.05
0 0.38359375 0.21015625 0.05546875 0.0484375
0 0.63828125 0.17265625 0.08125 0.03671875
0 0.8609375 0.63984375 0.08203125 0.0375
0 0.4765625 0.90625 0.06171875 0.053125
0 0.4515625 0.315625 0.06171875 0.034375
0 0.3 0.32265625 0.08359375 0.05234375
0 0.49375 0.41484375 0.05390625 0.03828125
0 0.7890625 0.38125 0.05390625 0.03828125
0 0.40625 0.76484375 0.0640625 0.0359375
0 0.46328125 0.6921875 0.065625 0.03671875
0 0.40625 0.64375 0.0640625 0.0359375
0 0.4046875 0.42109375 0.06640625 0.0375
0 0.4765625 0.81171875 0.06015625 0.0421875