0 0.275 0.63359375 0.03984375 0.02578125
0 0.35 0.6046875 0.028125 0.03828125
0 0.28125 0.603125 0.025 0.034375
0 0.65 0.903125 0.03203125 0.04296875
0 0.69921875 0.56484375 0.02890625 0.0421875
0 0.45703125 0.71328125 0.04296875 0.02578125
0 0.5296875 0.83515625 0.0296875 0.02421875
0 0.5171875 0.7515625 0.02890625 0.0328125
0 0.62578125 0.7765625 0.03359375 0.02578125
0 0.703125 0.7765625 0.03203125 0.02578125
0 0.71953125 0.60078125 0.03046875 0.02421875
0 0.75234375 0.6421875 0.0265625 0.02890625
0 0.75390625 0.67890625 0.02734375 0.03125
0 0.584375 0.68046875 0.02890625 0.03203125
0 0.83515625 0.17578125 0.040625 0.02578125
0 0.64140625 0.3640625 0.03359375 0.04375
0 0.66640625 0.23515625 0.03515625 0.02734375
0 0.5890625 0.2359375 0.03359375 0.025
0 0.6171875 0.19921875 0.0359375 0.02734375
0 0.5890625 0.1390625 0.034375 0.02578125
0 0.4953125 0.14453125 0.02578125 0.0296875