0 0.271875 0.63359375 0.04140625 0.0265625
0 0.35 0.603125 0.0296875 0.03984375
0 0.27890625 0.60078125 0.02578125 0.0359375
0 0.66171875 0.91328125 0.03359375 0.04453125
0 0.71171875 0.56171875 0.03046875 0.04375
0 0.4609375 0.715625 0.04453125 0.0265625
0 0.5359375 0.8421875 0.03125 0.025
0 0.5234375 0.75546875 0.0296875 0.034375
0 0.6359375 0.78125 0.034375 0.02734375
0 0.71640625 0.78125 0.03359375 0.02734375
0 0.73359375 0.59921875 0.03125 0.025
0 0.7671875 0.6421875 0.02734375 0.0296875
0 0.76875 0.6796875 0.02890625 0.0328125
0 0.59296875 0.68203125 0.03046875 0.03359375
0 0.85234375 0.15859375 0.0421875 0.02734375
0 0.6515625 0.353125 0.03515625 0.0453125
0 0.678125 0.21953125 0.03671875 0.028125
0 0.59765625 0.22109375 0.034375 0.0265625
0 0.62734375 0.1828125 0.0375 0.02890625
0 0.59765625 0.11953125 0.03515625 0.02734375
0 0.50078125 0.12578125 0.0265625 0.03125