0 0.16328125 0.13359375 0.03359375 0.078125
0 0.196875 0.13359375 0.03359375 0.078125
0 0.07890625 0.1328125 0.03515625 0.0796875
0 0.1140625 0.1328125 0.03515625 0.0796875
0 0.3296875 0.13984375 0.0265625 0.065625
0 0.15703125 0.45390625 0.025 0.0484375
0 0.20234375 0.5890625 0.03125 0.04140625
0 0.1265625 0.5390625 0.028125 0.040625
0 0.33359375 0.421875 0.03203125 0.04140625
0 0.334375 0.57421875 0.03125 0.04140625
0 0.3625 0.61796875 0.02265625 0.04296875
0 0.2484375 0.62890625 0.02578125 0.05
0 0.33046875 0.6328125 0.021875 0.04296875
0 0.2921875 0.32421875 0.0265625 0.0515625
0 0.3296875 0.2484375 0.0265625 0.05
0 0.41484375 0.615625 0.02265625 0.04609375
0 0.78125 0.73984375 0.02890625 0.0671875
0 0.846875 0.1875 0.02890625 0.06796875
0 0.846875 0.1390625 0.02890625 0.06796875
0 0.7234375 0.39375 0.0265625 0.0390625
0 0.6109375 0.3265625 0.0234375 0.0453125
0 0.7234375 0.58203125 0.03046875 0.0421875
0 0.74296875 0.62578125 0.01953125 0.040625
0 0.78125 0.665625 0.028125 0.053125
0 0.72734375 0.3234375 0.0265625 0.05078125
0 0.8109375 0.32421875 0.02578125 0.05
0 0.91875 0.32734375 0.0265625 0.05
0 0.878125 0.41328125 0.03203125 0.04296875