0 0.8546875 0.14921875 0.0328125 0.0765625
0 0.82109375 0.14921875 0.03359375 0.0765625
0 0.93671875 0.1484375 0.034375 0.078125
0 0.90234375 0.1484375 0.034375 0.078125
0 0.690625 0.1546875 0.0265625 0.0640625
0 0.86015625 0.4640625 0.025 0.04765625
0 0.815625 0.59765625 0.03046875 0.040625
0 0.88984375 0.5484375 0.028125 0.03984375
0 0.6859375 0.4328125 0.03125 0.040625
0 0.6859375 0.5828125 0.03046875 0.040625
0 0.6578125 0.62578125 0.021875 0.0421875
0 0.7703125 0.63671875 0.02578125 0.04921875
0 0.68984375 0.63984375 0.021875 0.0421875
0 0.72734375 0.33671875 0.02578125 0.05078125
0 0.690625 0.26171875 0.02578125 0.04921875
0 0.60703125 0.6234375 0.021875 0.0453125
0 0.246875 0.7453125 0.028125 0.06640625
0 0.18125 0.20234375 0.02890625 0.0671875
0 0.18125 0.15390625 0.02890625 0.0671875
0 0.303125 0.4046875 0.0265625 0.03828125
0 0.41328125 0.3390625 0.02265625 0.04453125
0 0.303125 0.590625 0.03046875 0.04140625
0 0.284375 0.63359375 0.01953125 0.03984375
0 0.24609375 0.67265625 0.02734375 0.05234375
0 0.29921875 0.3359375 0.02578125 0.05
0 0.2171875 0.33671875 0.02578125 0.04921875
0 0.11171875 0.33984375 0.02578125 0.04921875
0 0.15078125 0.42421875 0.03125 0.0421875