0 0.3609375 0.14296875 0.06484375 0.046875
0 0.3875 0.1796875 0.05234375 0.06875
0 0.7375 0.44765625 0.071875 0.05234375
0 0.37734375 0.8671875 0.05 0.065625
0 0.20546875 0.23203125 0.04609375 0.05390625
0 0.30546875 0.46640625 0.0515625 0.04140625
0 0.303125 0.65390625 0.05546875 0.0453125
0 0.34921875 0.71484375 0.053125 0.04296875
0 0.303125 0.8078125 0.05546875 0.0453125
0 0.20078125 0.3625 0.03828125 0.0453125
0 0.30546875 0.2421875 0.0515625 0.04140625
0 0.35625 0.41484375 0.03828125 0.0453125
0 0.56171875 0.653125 0.0421875 0.05
0 0.51953125 0.653125 0.0421875 0.05