0 0.3484375 0.29296875 0.04296875 0.06015625
0 0.28359375 0.5140625 0.0421875 0.04921875
0 0.3375 0.5140625 0.04140625 0.0484375
0 0.38515625 0.71328125 0.04609375 0.0390625
0 0.278125 0.67265625 0.04921875 0.03671875
0 0.28515625 0.62734375 0.03984375 0.04609375
0 0.79140625 0.29296875 0.04453125 0.05859375
0 0.71640625 0.865625 0.05234375 0.04453125
0 0.74375 0.80859375 0.04453125 0.0578125
0 0.65703125 0.70390625 0.0328125 0.03828125
0 0.73984375 0.69765625 0.04453125 0.05
0 0.7953125 0.65859375 0.05 0.04296875