0 0.15625 0.19453125 0.02421875 0.0703125
0 0.24296875 0.80078125 0.0265625 0.0765625
0 0.4515625 0.6828125 0.03046875 0.046875
0 0.459375 0.596875 0.02734375 0.04921875
0 0.41953125 0.659375 0.02265625 0.0578125
0 0.36875 0.6625 0.025 0.0640625
0 0.36015625 0.43359375 0.0234375 0.040625
0 0.36015625 0.39296875 0.0234375 0.04140625
0 0.26171875 0.59765625 0.0234375 0.04375
0 0.32734375 0.684375 0.0296875 0.053125
0 0.228125 0.53046875 0.028125 0.053125
0 0.746875 0.80078125 0.0265625 0.0765625
0 0.8078125 0.4171875 0.028125 0.05078125
0 0.89140625 0.51328125 0.021875 0.05546875
0 0.89140625 0.609375 0.021875 0.0546875
0 0.765625 0.68203125 0.025 0.0453125
0 0.6625 0.5703125 0.02890625 0.05390625
0 0.6875 0.415625 0.02890625 0.053125