0 0.85390625 0.18828125 0.02421875 0.07109375
0 0.76640625 0.80078125 0.0265625 0.07734375
0 0.55546875 0.68125 0.03046875 0.046875
0 0.54765625 0.59375 0.028125 0.05
0 0.58828125 0.6578125 0.02265625 0.0578125
0 0.63984375 0.6609375 0.02578125 0.0640625
0 0.6484375 0.4296875 0.02421875 0.04140625
0 0.6484375 0.38828125 0.02421875 0.04140625
0 0.74765625 0.5953125 0.02421875 0.04453125
0 0.68125 0.6828125 0.0296875 0.053125
0 0.78125 0.52734375 0.028125 0.053125
0 0.2578125 0.8 0.0265625 0.07734375
0 0.19609375 0.4125 0.028125 0.0515625
0 0.1109375 0.51015625 0.02265625 0.05625
0 0.1109375 0.60703125 0.02265625 0.05546875
0 0.23828125 0.68046875 0.025 0.04609375
0 0.3421875 0.56796875 0.02890625 0.0546875
0 0.3171875 0.41171875 0.02890625 0.053125