0 0.8171875 0.95625 0.0734375 0.0859375
0 0.78515625 0.15390625 0.07109375 0.08359375
0 0.78515625 0.22109375 0.07109375 0.08359375
0 0.7359375 0.69140625 0.07890625 0.065625
0 0.81484375 0.8046875 0.07109375 0.07578125
0 0.953125 0.8140625 0.05078125 0.0578125
0 0.7125 0.57109375 0.06953125 0.05859375
0 0.21796875 0.1609375 0.05703125 0.07421875
0 0.21796875 0.215625 0.05703125 0.07421875
0 0.2984375 0.425 0.0640625 0.06875
0 0.2171875 0.42578125 0.06171875 0.0671875
0 0.1296875 0.60859375 0.05703125 0.06328125
0 0.26640625 0.63203125 0.06875 0.05625
0 0.3140625 0.51171875 0.0546875 0.04609375