0 0.7984375 0.90234375 0.071875 0.084375
0 0.76796875 0.11953125 0.06953125 0.08203125
0 0.76796875 0.18515625 0.06953125 0.08203125
0 0.71953125 0.64453125 0.07734375 0.0640625
0 0.796875 0.7546875 0.06953125 0.07421875
0 0.93125 0.76328125 0.05 0.05625
0 0.69609375 0.52734375 0.06796875 0.05703125
0 0.2140625 0.1265625 0.05625 0.07265625
0 0.2140625 0.1796875 0.05625 0.07265625
0 0.2921875 0.38359375 0.0625 0.0671875
0 0.21328125 0.384375 0.0609375 0.065625
0 0.12734375 0.56328125 0.05625 0.06171875
0 0.2609375 0.58671875 0.0671875 0.0546875
0 0.3078125 0.46875 0.05390625 0.0453125