0 0.496875 0.85234375 0.04140625 0.08359375
0 0.09765625 0.91484375 0.0625 0.11953125
0 0.16015625 0.91484375 0.0625 0.11953125
0 0.5578125 0.721875 0.02890625 0.06328125
0 0.49609375 0.71015625 0.04296875 0.0875
0 0.44140625 0.696875 0.046875 0.06640625
0 0.41015625 0.6234375 0.03046875 0.06484375
0 0.26015625 0.6796875 0.03515625 0.07421875
0 0.353125 0.43359375 0.0484375 0.07109375
0 0.34765625 0.16875 0.0375 0.05234375
0 0.3484375 0.77578125 0.03984375 0.05546875
0 0.2140625 0.778125 0.0421875 0.05625
0 0.2109375 0.43046875 0.0484375 0.06875
0 0.62890625 0.53515625 0.04609375 0.06953125
0 0.7390625 0.45703125 0.040625 0.08125
0 0.78984375 0.53515625 0.04609375 0.0671875
0 0.578125 0.3453125 0.040625 0.08046875
0 0.5078125 0.40546875 0.0296875 0.06171875
0 0.46484375 0.35 0.03515625 0.07109375