0 0.4796875 0.8625 0.04453125 0.08828125
0 0.0578125 0.92890625 0.06640625 0.1265625
0 0.12421875 0.92890625 0.06640625 0.1265625
0 0.54453125 0.725 0.03046875 0.0671875
0 0.47890625 0.7125 0.04609375 0.0921875
0 0.421875 0.69765625 0.04921875 0.0703125
0 0.38828125 0.6203125 0.0328125 0.06875
0 0.2296875 0.68046875 0.0375 0.07890625
0 0.328125 0.4203125 0.0515625 0.075
0 0.32265625 0.13984375 0.03984375 0.05546875
0 0.3234375 0.78203125 0.0421875 0.05859375
0 0.18125 0.78359375 0.04453125 0.059375
0 0.17734375 0.4171875 0.0515625 0.07265625
0 0.6203125 0.52734375 0.04921875 0.0734375
0 0.73671875 0.44453125 0.04296875 0.0859375
0 0.790625 0.52734375 0.04921875 0.07109375
0 0.565625 0.3265625 0.04296875 0.08515625
0 0.4921875 0.38984375 0.03125 0.06484375
0 0.446875 0.33125 0.0375 0.075