0 0.4453125 0.62421875 0.0546875 0.0671875
0 0.4453125 0.5671875 0.0546875 0.0671875
0 0.29609375 0.3890625 0.04140625 0.0484375
0 0.575 0.51875 0.04609375 0.04375
0 0.6140625 0.7953125 0.04140625 0.03828125
0 0.6203125 0.628125 0.053125 0.05078125
0 0.51875 0.640625 0.03671875 0.04375
0 0.7328125 0.52265625 0.0453125 0.03984375
0 0.8796875 0.628125 0.05859375 0.0515625
0 0.83046875 0.628125 0.05859375 0.0515625
0 0.87890625 0.3546875 0.0578125 0.05078125
0 0.83125 0.3546875 0.05703125 0.05078125
0 0.61796875 0.32734375 0.0546875 0.053125
0 0.346875 0.51875 0.0546875 0.05234375