0 0.5390625 0.7875 0.03828125 0.08671875
0 0.8546875 0.4984375 0.0359375 0.05546875
0 0.8546875 0.61796875 0.03515625 0.053125
0 0.00546875 0.17734375 0.01015625 0.06953125
0 0.0734375 0.7203125 0.0375 0.084375
0 0.31015625 0.48828125 0.0359375 0.05546875
0 0.33984375 0.17578125 0.03671875 0.05703125
0 0.10625 0.56953125 0.0390625 0.06484375
0 0.2421875 0.1890625 0.0359375 0.078125
0 0.29453125 0.3984375 0.03671875 0.0796875
0 0.14609375 0.39140625 0.0296875 0.06640625
0 0.23046875 0.48125 0.03359375 0.05625
0 0.03515625 0.3078125 0.03046875 0.06640625
0 0.4234375 0.3703125 0.02890625 0.06484375
0 0.4859375 0.3703125 0.02890625 0.06484375
0 0.54375 0.6796875 0.03515625 0.0765625
0 0.47578125 0.496875 0.02734375 0.06171875
0 0.4234375 0.5515625 0.0296875 0.065625
0 0.52109375 0.7046875 0.034375 0.05703125
0 0.29765625 0.653125 0.03671875 0.08359375