0 0.23203125 0.59375 0.0515625 0.046875
0 0.66328125 0.94609375 0.0453125 0.06796875
0 0.36484375 0.884375 0.0421875 0.04140625
0 0.278125 0.7703125 0.034375 0.05078125
0 0.5140625 0.7234375 0.04296875 0.0609375
0 0.50078125 0.82734375 0.0359375 0.0375
0 0.5 0.778125 0.03515625 0.03671875
0 0.37109375 0.821875 0.0296875 0.04375
0 0.6640625 0.828125 0.0453125 0.0640625
0 0.5875 0.83671875 0.03125 0.046875
0 0.52265625 0.83671875 0.03046875 0.04609375
0 0.74296875 0.1109375 0.03125 0.0515625
0 0.7078125 0.29140625 0.04140625 0.040625
0 0.66796875 0.23203125 0.03359375 0.0484375