0 0.78125 0.63515625 0.0515625 0.046875
0 0.35 0.9765625 0.0453125 0.04609375
0 0.6484375 0.9265625 0.0421875 0.04140625
0 0.73515625 0.8125 0.034375 0.05078125
0 0.49921875 0.76484375 0.04296875 0.0609375
0 0.5125 0.86875 0.0359375 0.0375
0 0.51328125 0.8203125 0.03515625 0.03671875
0 0.6421875 0.86328125 0.0296875 0.04375
0 0.34921875 0.86953125 0.0453125 0.0640625
0 0.42578125 0.87890625 0.03125 0.046875
0 0.490625 0.87890625 0.03046875 0.04609375
0 0.2703125 0.15234375 0.03125 0.0515625
0 0.30546875 0.33359375 0.04140625 0.040625
0 0.3453125 0.2734375 0.03359375 0.0484375