0 0.640625 0.08671875 0.16171875 0.1
0 0.55234375 0.05859375 0.16015625 0.1
0 0.53828125 0.83203125 0.09609375 0.08984375
0 0.7 0.60625 0.140625 0.0984375
0 0.8359375 0.584375 0.07265625 0.05859375
0 0.3796875 0.6671875 0.14375 0.1
0 0.13984375 0.640625 0.071875 0.05859375
0 0.40703125 0.54765625 0.08203125 0.05
0 0.41328125 0.48125 0.09375 0.0578125
0 0.190625 0.29296875 0.07109375 0.0609375
0 0.5390625 0.70625 0.0953125 0.07421875
0 0.2328125 0.3921875 0.125 0.0875
0 0.15 0.0390625 0.0828125 0.05078125
0 0.15078125 0.08984375 0.084375 0.05