0 0.21484375 0.1984375 0.04765625 0.08046875
0 0.21484375 0.13515625 0.04765625 0.0796875
0 0.21640625 0.83046875 0.053125 0.090625
0 0.2640625 0.6234375 0.046875 0.053125
0 0.215625 0.69453125 0.053125 0.0796875
0 0.271875 0.31796875 0.03671875 0.059375
0 0.2734375 0.40390625 0.04140625 0.0640625
0 0.5546875 0.225 0.04375 0.040625
0 0.61171875 0.28984375 0.04375 0.07890625
0 0.61171875 0.2296875 0.04375 0.07890625
0 0.665625 0.2234375 0.04453125 0.04140625
0 0.7328125 0.8140625 0.03203125 0.06171875
0 0.5625 0.4609375 0.0515625 0.059375
0 0.5625 0.53984375 0.05234375 0.0609375
0 0.63515625 0.5578125 0.03984375 0.0625
0 0.6390625 0.33984375 0.04609375 0.0546875