0 0.73671875 0.603125 0.0265625 0.06953125
0 0.53828125 0.27421875 0.02421875 0.0640625
0 0.80625 0.34921875 0.0234375 0.0515625
0 0.75078125 0.34921875 0.02421875 0.0515625
0 0.6859375 0.25078125 0.02421875 0.0546875
0 0.7453125 0.240625 0.02734375 0.04453125
0 0.8390625 0.40078125 0.0265625 0.04453125
0 0.73671875 0.5046875 0.0265625 0.05625
0 0.784375 0.4578125 0.0234375 0.0515625
0 0.7625 0.08984375 0.03359375 0.04375
0 0.75234375 0.14296875 0.02265625 0.06171875
0 0.28046875 0.6015625 0.0234375 0.06171875
0 0.2078125 0.30859375 0.02734375 0.04453125
0 0.3515625 0.37578125 0.0265625 0.04453125
0 0.32109375 0.346875 0.02421875 0.05