0 0.62890625 0.10078125 0.06875 0.0421875
0 0.628125 0.29921875 0.07109375 0.04375
0 0.4578125 0.3140625 0.0484375 0.0640625
0 0.390625 0.8625 0.05625 0.07109375
0 0.7125 0.28828125 0.04375 0.0453125
0 0.7734375 0.24609375 0.04921875 0.05078125
0 0.68515625 0.51953125 0.05625 0.0453125
0 0.721875 0.615625 0.05703125 0.04453125
0 0.215625 0.61640625 0.05546875 0.04375
0 0.38984375 0.6859375 0.0546875 0.05546875
0 0.32265625 0.6390625 0.04921875 0.05078125
0 0.5234375 0.68359375 0.05 0.05078125
0 0.7953125 0.18046875 0.0453125 0.046875
0 0.915625 0.51796875 0.07421875 0.046875