0 0.78125 0.9421875 0.040625 0.0703125
0 0.0328125 0.66171875 0.0546875 0.053125
0 0.73125 0.48046875 0.06796875 0.08671875
0 0.7015625 0.4453125 0.0671875 0.08671875
0 0.7875 0.15703125 0.046875 0.071875
0 0.8265625 0.73984375 0.03828125 0.0421875
0 0.79140625 0.59921875 0.04375 0.0484375
0 0.61171875 0.765625 0.0359375 0.0390625
0 0.603125 0.7203125 0.0359375 0.05546875
0 0.49296875 0.7203125 0.03515625 0.05390625
0 0.44140625 0.67109375 0.0359375 0.04140625
0 0.9296875 0.690625 0.0265625 0.04140625
0 0.7796875 0.8203125 0.04375 0.06484375