0 0.16484375 0.925 0.02734375 0.07578125
0 0.28046875 0.36640625 0.025 0.06953125
0 0.065625 0.365625 0.025 0.07109375
0 0.334375 0.54453125 0.03203125 0.05234375
0 0.425 0.5328125 0.0234375 0.05390625
0 0.25234375 0.5421875 0.02890625 0.05234375
0 0.16953125 0.7296875 0.03515625 0.071875
0 0.2578125 0.76484375 0.02421875 0.05625
0 0.26328125 0.66171875 0.028125 0.04765625
0 0.22265625 0.7734375 0.028125 0.0484375
0 0.0921875 0.67578125 0.028125 0.04765625
0 0.25625 0.60625 0.02578125 0.06171875
0 0.98515625 0.6109375 0.02890625 0.04921875
0 0.728125 0.565625 0.0296875 0.05078125
0 0.6140625 0.56484375 0.02890625 0.05078125
0 0.69921875 0.615625 0.025 0.06015625