0 0.6828125 0.153125 0.0515625 0.071875
0 0.65078125 0.84609375 0.05859375 0.0796875
0 0.1828125 0.51640625 0.07734375 0.0609375
0 0.14921875 0.45546875 0.05625 0.071875
0 0.721875 0.6265625 0.06015625 0.05390625
0 0.4734375 0.59140625 0.05078125 0.059375
0 0.29921875 0.5390625 0.0515625 0.059375
0 0.321875 0.66953125 0.05 0.059375
0 0.615625 0.5921875 0.04609375 0.03984375
0 0.4125 0.40625 0.059375 0.053125
0 0.41328125 0.51953125 0.05859375 0.05234375
0 0.65390625 0.70234375 0.05859375 0.0671875