0 0.27265625 0.0453125 0.09765625 0.0421875
0 0.20625 0.0453125 0.096875 0.0421875
0 0.54453125 0.66875 0.075 0.06640625
0 0.50625 0.7109375 0.0890625 0.04453125
0 0.56953125 0.84453125 0.11328125 0.06015625
0 0.56953125 0.9046875 0.11328125 0.06015625
0 0.0546875 0.74453125 0.08984375 0.0453125
0 0.62734375 0.5234375 0.07421875 0.0421875
0 0.51953125 0.36328125 0.06640625 0.0375
0 0.353125 0.50390625 0.0734375 0.04140625
0 0.35234375 0.44375 0.07578125 0.0421875
0 0.54296875 0.5359375 0.075 0.053125
0 0.45390625 0.5421875 0.05703125 0.04140625
0 0.78125 0.1140625 0.0625 0.04609375
0 0.56484375 0.01484375 0.06796875 0.02890625
0 0.765625 0.0140625 0.06875 0.02734375
0 0.6984375 0.02109375 0.06015625 0.0421875