0 0.74765625 0.0921875 0.09453125 0.040625
0 0.81171875 0.0921875 0.09375 0.040625
0 0.48515625 0.69453125 0.07265625 0.0640625
0 0.521875 0.734375 0.0859375 0.04296875
0 0.46015625 0.8640625 0.109375 0.0578125
0 0.46015625 0.921875 0.109375 0.0578125
0 0.95703125 0.7671875 0.0859375 0.04375
0 0.4046875 0.55390625 0.071875 0.040625
0 0.50859375 0.39921875 0.0640625 0.0359375
0 0.66953125 0.53515625 0.07109375 0.03984375
0 0.6703125 0.4765625 0.0734375 0.04140625
0 0.48671875 0.56640625 0.07265625 0.0515625
0 0.571875 0.571875 0.0546875 0.03984375
0 0.25625 0.15859375 0.0609375 0.04453125
0 0.46484375 0.05859375 0.065625 0.03671875
0 0.271875 0.05703125 0.06640625 0.03671875
0 0.33671875 0.06796875 0.0578125 0.0421875