0 0.27265625 0.165625 0.04375 0.08671875
0 0.27265625 0.10234375 0.04375 0.08671875
0 0.08828125 0.73515625 0.06640625 0.07421875
0 0.70078125 0.88046875 0.04921875 0.0953125
0 0.30078125 0.74375 0.04375 0.05625
0 0.2515625 0.4171875 0.03125 0.053125
0 0.2296875 0.646875 0.059375 0.0875
0 0.23671875 0.47578125 0.04140625 0.0515625
0 0.7703125 0.62890625 0.06640625 0.096875
0 0.79921875 0.471875 0.0515625 0.0671875
0 0.896875 0.490625 0.0328125 0.05625
0 0.74609375 0.39375 0.04453125 0.0734375
0 0.634375 0.6484375 0.053125 0.078125
0 0.7 0.73046875 0.04921875 0.08046875
0 0.3453125 0.29296875 0.0453125 0.05625
0 0.3453125 0.23671875 0.0453125 0.05625