0 0.23671875 0.24609375 0.0453125 0.090625
0 0.23671875 0.1796875 0.0453125 0.090625
0 0.0453125 0.840625 0.06953125 0.07734375
0 0.68359375 0.97109375 0.0515625 0.05703125
0 0.26640625 0.84921875 0.0453125 0.05859375
0 0.215625 0.50859375 0.0328125 0.05546875
0 0.1921875 0.7484375 0.06171875 0.09140625
0 0.2 0.56953125 0.04296875 0.05390625
0 0.75625 0.7296875 0.06953125 0.10078125
0 0.7859375 0.565625 0.053125 0.06953125
0 0.88828125 0.58515625 0.03359375 0.05859375
0 0.73046875 0.484375 0.04609375 0.0765625
0 0.61484375 0.75 0.05546875 0.08125
0 0.6828125 0.8359375 0.0515625 0.084375
0 0.31328125 0.37890625 0.046875 0.05859375
0 0.31328125 0.3203125 0.046875 0.05859375