0 0.6453125 0.1390625 0.0765625 0.06875
0 0.6453125 0.08828125 0.0765625 0.06953125
0 0.7078125 0.7453125 0.075 0.06484375
0 0.27890625 0.39921875 0.07265625 0.05703125
0 0.540625 0.521875 0.07421875 0.0578125
0 0.2796875 0.52109375 0.0703125 0.05546875
0 0.25859375 0.4734375 0.07109375 0.03828125
0 0.7921875 0.43984375 0.05 0.0421875
0 0.73203125 0.56796875 0.08046875 0.04453125
0 0.815625 0.5890625 0.065625 0.05546875
0 0.80625 0.4546875 0.0609375 0.03203125
0 0.7078125 0.66171875 0.08046875 0.0609375
0 0.73203125 0.88671875 0.071875 0.0390625
0 0.7953125 0.7765625 0.053125 0.04296875