0 0.0765625 0.61484375 0.05078125 0.04609375
0 0.26875 0.41875 0.0515625 0.04609375
0 0.5984375 0.24296875 0.05390625 0.0484375
0 0.90859375 0.88203125 0.05703125 0.0515625
0 0.67109375 0.2703125 0.0359375 0.05625
0 0.3453125 0.73984375 0.0375 0.053125
0 0.38203125 0.88671875 0.0421875 0.046875
0 0.846875 0.7296875 0.02734375 0.04140625
0 0.69296875 0.7703125 0.03671875 0.05234375
0 0.6109375 0.7703125 0.0375 0.053125
0 0.43671875 0.72734375 0.03125 0.0453125
0 0.4671875 0.72734375 0.03125 0.0453125
0 0.73671875 0.4734375 0.040625 0.04609375
0 0.73671875 0.7140625 0.04140625 0.04609375
0 0.5890625 0.65390625 0.0546875 0.06875
0 0.6703125 0.1953125 0.0328125 0.04609375
0 0.72109375 0.19765625 0.0359375 0.0515625
0 0.72578125 0.10625 0.05625 0.07109375