0 0.1234375 0.45078125 0.03125 0.04921875
0 0.0984375 0.4734375 0.02109375 0.07734375
0 0.08046875 0.3515625 0.028125 0.05
0 0.25859375 0.33828125 0.02578125 0.07578125
0 0.22109375 0.4640625 0.03125 0.0640625
0 0.3875 0.45 0.03046875 0.0640625
0 0.384375 0.54375 0.02578125 0.0515625
0 0.346875 0.4734375 0.02578125 0.07734375
0 0.25390625 0.53828125 0.02578125 0.0796875
0 0.26328125 0.73359375 0.0265625 0.05
0 0.39453125 0.64765625 0.0359375 0.08671875
0 0.878125 0.8171875 0.0234375 0.08203125
0 0.64140625 0.36640625 0.03125 0.05078125
0 0.64140625 0.41640625 0.03125 0.05078125
0 0.6859375 0.5359375 0.02578125 0.07421875
0 0.759375 0.5359375 0.02578125 0.07421875
0 0.87734375 0.70546875 0.02890625 0.07890625
0 0.91640625 0.58828125 0.0390625 0.0953125
0 0.90703125 0.46640625 0.028125 0.0609375