0 0.71640625 0.21015625 0.03828125 0.075
0 0.71640625 0.15546875 0.03828125 0.07421875
0 0.43515625 0.83828125 0.04140625 0.07890625
0 0.16015625 0.44453125 0.03828125 0.06171875
0 0.2078125 0.44453125 0.03828125 0.0609375
0 0.16015625 0.615625 0.03828125 0.06015625
0 0.30390625 0.63203125 0.05625 0.07734375
0 0.68515625 0.6046875 0.04375 0.0546875
0 0.7234375 0.4234375 0.0390625 0.06171875
0 0.75 0.50546875 0.03359375 0.0421875
0 0.74609375 0.60546875 0.0421875 0.053125
0 0.43515625 0.675 0.0421875 0.06640625
0 0.359375 0.68359375 0.02890625 0.04765625
0 0.42578125 0.89375 0.04296875 0.05390625
0 0.14296875 0.5296875 0.04375 0.05390625
0 0.78359375 0.66796875 0.0296875 0.04921875