0 0.55625 0.87578125 0.08984375 0.09453125
0 0.5609375 0.13984375 0.0890625 0.0921875
0 0.5609375 0.21015625 0.0890625 0.09140625
0 0.73203125 0.50234375 0.08671875 0.059375
0 0.553125 0.73671875 0.08828125 0.078125
0 0.040625 0.14296875 0.08125 0.09453125
0 0.040625 0.21484375 0.08125 0.09453125
0 0.3296875 0.37734375 0.05859375 0.05390625
0 0.19296875 0.36796875 0.08046875 0.071875
0 0.221875 0.5578125 0.08828125 0.06171875
0 0.309375 0.67421875 0.075 0.06640625
0 0.21171875 0.628125 0.07890625 0.07109375