0 0.403125 0.8203125 0.08359375 0.0875
0 0.39921875 0.140625 0.0828125 0.08515625
0 0.39921875 0.20546875 0.0828125 0.084375
0 0.240625 0.47578125 0.0796875 0.0546875
0 0.40703125 0.6921875 0.08203125 0.071875
0 0.88515625 0.14375 0.084375 0.0875
0 0.88515625 0.21015625 0.084375 0.0875
0 0.61328125 0.36015625 0.05390625 0.05
0 0.73984375 0.3515625 0.07421875 0.06640625
0 0.71328125 0.5265625 0.08203125 0.05703125
0 0.63203125 0.634375 0.06953125 0.06171875
0 0.721875 0.59140625 0.07265625 0.065625