0 0.5828125 0.5328125 0.04296875 0.0484375
0 0.8078125 0.75234375 0.0609375 0.0359375
0 0.5921875 0.9375 0.053125 0.05625
0 0.74765625 0.63984375 0.046875 0.04140625
0 0.64375 0.76953125 0.05703125 0.040625
0 0.715625 0.7453125 0.046875 0.04140625
0 0.23671875 0.6890625 0.0515625 0.04609375
0 0.17578125 0.7375 0.05859375 0.0421875
0 0.17734375 0.86640625 0.05546875 0.0390625
0 0.2484375 0.7453125 0.04765625 0.04375
0 0.809375 0.2046875 0.06171875 0.03671875
0 0.23828125 0.221875 0.059375 0.04140625
0 0.58203125 0.221875 0.05625 0.0390625
0 0.5265625 0.21484375 0.04375 0.0390625
0 0.353125 0.23671875 0.04453125 0.0421875