0 0.61953125 0.5703125 0.04609375 0.0515625
0 0.86171875 0.80625 0.065625 0.03828125
0 0.63046875 0.98671875 0.0578125 0.0265625
0 0.79609375 0.68515625 0.05078125 0.04453125
0 0.68515625 0.82421875 0.0609375 0.04375
0 0.7625 0.7984375 0.05078125 0.04453125
0 0.246875 0.7375 0.05546875 0.05
0 0.18203125 0.78984375 0.06328125 0.0453125
0 0.18359375 0.92890625 0.059375 0.0421875
0 0.259375 0.7984375 0.0515625 0.046875
0 0.86328125 0.21796875 0.06640625 0.0390625
0 0.2484375 0.2359375 0.06328125 0.04453125
0 0.61875 0.2359375 0.06015625 0.04140625
0 0.55859375 0.228125 0.046875 0.0421875
0 0.371875 0.25234375 0.0484375 0.0453125