0 0.08515625 0.253125 0.0765625 0.06328125
0 0.14765625 0.253125 0.07578125 0.06328125
0 0.084375 0.53359375 0.078125 0.065625
0 0.1484375 0.53359375 0.07734375 0.065625
0 0.56953125 0.4671875 0.065625 0.07890625
0 0.56953125 0.4 0.065625 0.0796875
0 0.70703125 0.25078125 0.06953125 0.0640625
0 0.64140625 0.178125 0.053125 0.06171875
0 0.51796875 0.2375 0.06328125 0.07109375
0 0.425 0.725 0.06328125 0.0703125
0 0.3546875 0.534375 0.07109375 0.065625
0 0.41171875 0.6484375 0.05703125 0.05078125
0 0.2234375 0.553125 0.05078125 0.06328125