0 0.5953125 0.59609375 0.0765625 0.040625
0 0.59609375 0.4609375 0.075 0.0390625
0 0.5578125 0.36328125 0.0609375 0.06171875
0 0.2328125 0.04140625 0.0609375 0.03984375
0 0.2234375 0.0078125 0.05625 0.015625
0 0.70234375 0.07265625 0.0546875 0.0453125
0 0.775 0.07265625 0.0546875 0.0453125
0 0.66875 0.3171875 0.0546875 0.0484375
0 0.7328125 0.20078125 0.06015625 0.040625
0 0.8046875 0.61171875 0.06015625 0.040625
0 0.76796875 0.3671875 0.06328125 0.04140625
0 0.90078125 0.45546875 0.05546875 0.046875
0 0.784375 0.14296875 0.06015625 0.040625