0 0.625 0.83984375 0.06640625 0.08515625
0 0.625 0.91328125 0.06640625 0.08515625
0 0.21796875 0.53984375 0.0796875 0.0671875
0 0.15625 0.53984375 0.0796875 0.0671875
0 0.58984375 0.6515625 0.0546875 0.05
0 0.590625 0.7703125 0.05625 0.05234375
0 0.51484375 0.77578125 0.0703125 0.0796875
0 0.70625 0.62734375 0.0703125 0.06875
0 0.69765625 0.4390625 0.05390625 0.05234375
0 0.69765625 0.3859375 0.05390625 0.053125
0 0.703125 0.2203125 0.0640625 0.0640625
0 0.64140625 0.1390625 0.04453125 0.05546875