0 0.12578125 0.625 0.03046875 0.03203125
0 0.9203125 0.721875 0.0328125 0.0625
0 0.75703125 0.72109375 0.03125 0.0609375
0 0.5640625 0.41640625 0.046875 0.0453125
0 0.80078125 0.24453125 0.03359375 0.0359375
0 0.79921875 0.60546875 0.0328125 0.03515625
0 0.80078125 0.45234375 0.03515625 0.03828125
0 0.88203125 0.67109375 0.02890625 0.03046875
0 0.93515625 0.578125 0.0234375 0.03984375
0 0.8171875 0.57734375 0.02265625 0.0390625
0 0.73828125 0.60625 0.03046875 0.03359375
0 0.7390625 0.5203125 0.03203125 0.0359375
0 0.703125 0.53203125 0.0234375 0.03828125
0 0.753125 0.23125 0.025 0.04140625
0 0.75703125 0.6578125 0.0328125 0.0515625
0 0.51328125 0.6234375 0.028125 0.03046875
0 0.5109375 0.67890625 0.03203125 0.0359375
0 0.27265625 0.8109375 0.05078125 0.0609375
0 0.27265625 0.74921875 0.05078125 0.0609375
0 0.28125 0.63359375 0.03515625 0.0390625