0 0.078125 0.6015625 0.03125 0.03359375
0 0.90546875 0.70234375 0.03359375 0.065625
0 0.73515625 0.7015625 0.0328125 0.0640625
0 0.534375 0.384375 0.0484375 0.046875
0 0.78125 0.20546875 0.03515625 0.03671875
0 0.7796875 0.58046875 0.034375 0.03671875
0 0.78046875 0.42109375 0.03671875 0.03984375
0 0.865625 0.64921875 0.0296875 0.03125
0 0.92109375 0.55234375 0.02421875 0.04140625
0 0.79765625 0.55234375 0.0234375 0.040625
0 0.71640625 0.58203125 0.03203125 0.03515625
0 0.7171875 0.4921875 0.03359375 0.0375
0 0.6796875 0.5046875 0.02421875 0.03984375
0 0.73125 0.19140625 0.02578125 0.04296875
0 0.7359375 0.6359375 0.034375 0.05390625
0 0.48125 0.6 0.02890625 0.03203125
0 0.47890625 0.6578125 0.03359375 0.0375
0 0.23125 0.79453125 0.053125 0.0640625
0 0.23125 0.73125 0.053125 0.0640625
0 0.23984375 0.61015625 0.03671875 0.040625