0 0.58046875 0.7703125 0.05 0.07421875
0 0.62265625 0.83515625 0.05859375 0.05703125
0 0.58125 0.15859375 0.04765625 0.0734375
0 0.58203125 0.6984375 0.04921875 0.06484375
0 0.57265625 0.59921875 0.05078125 0.053125
0 0.4984375 0.54375 0.034375 0.04765625
0 0.7046875 0.52421875 0.02890625 0.040625
0 0.20078125 0.159375 0.04609375 0.07265625
0 0.19921875 0.478125 0.05078125 0.0515625
0 0.26171875 0.41796875 0.04453125 0.059375
0 0.20390625 0.4171875 0.04453125 0.06015625
0 0.2703125 0.4921875 0.04140625 0.040625
0 0.121875 0.1484375 0.05234375 0.0515625
0 0.1859375 0.56640625 0.0625 0.07265625