0 0.55625 0.77734375 0.0546875 0.08203125
0 0.60234375 0.84921875 0.0640625 0.06328125
0 0.55625 0.103125 0.05234375 0.08125
0 0.5578125 0.69765625 0.0546875 0.071875
0 0.54765625 0.58828125 0.05625 0.05859375
0 0.465625 0.52734375 0.0375 0.05234375
0 0.69296875 0.50625 0.03125 0.04453125
0 0.1375 0.1046875 0.05078125 0.0796875
0 0.1359375 0.45546875 0.05625 0.05703125
0 0.2046875 0.3890625 0.0484375 0.06484375
0 0.140625 0.38828125 0.04921875 0.06640625
0 0.21484375 0.47109375 0.04609375 0.04453125
0 0.05078125 0.09296875 0.0578125 0.05625
0 0.12109375 0.553125 0.06953125 0.0796875