0 0.63828125 0.01640625 0.1015625 0.0328125
0 0.58515625 0.89765625 0.11484375 0.0921875
0 0.03046875 0.4640625 0.0609375 0.065625
0 0.5453125 0.953125 0.125 0.0671875
0 0.70703125 0.58359375 0.11640625 0.06484375
0 0.61015625 0.49921875 0.103125 0.0578125
0 0.9421875 0.571875 0.1015625 0.0734375
0 0.290625 0.46640625 0.1109375 0.0625
0 0.3359375 0.6109375 0.153125 0.09453125
0 0.57734375 0.71328125 0.11640625 0.08203125
0 0.11328125 0.18125 0.078125 0.0578125
0 0.128125 0.390625 0.1015625 0.07421875