0 0.11953125 0.18515625 0.04375 0.06953125
0 0.1 0.15546875 0.04375 0.06953125
0 0.3625 0.56171875 0.02890625 0.0609375
0 0.109375 0.946875 0.03125 0.0640625
0 0.184375 0.94609375 0.0296875 0.0609375
0 0.32734375 0.34140625 0.03671875 0.04609375
0 0.0109375 0.83984375 0.021875 0.0328125
0 0.0921875 0.48828125 0.0265625 0.04921875
0 0.19296875 0.85703125 0.021875 0.0421875
0 0.221875 0.8875 0.03203125 0.0453125
0 0.2234375 0.6859375 0.0265625 0.0484375
0 0.23984375 0.45 0.0265625 0.04921875
0 0.49609375 0.33671875 0.03515625 0.04140625
0 0.46953125 0.33671875 0.03515625 0.04140625
0 0.6546875 0.6171875 0.03671875 0.046875
0 0.66484375 0.6734375 0.028125 0.0578125
0 0.69140625 0.5421875 0.03203125 0.0484375
0 0.65703125 0.296875 0.0265625 0.05