0 0.8796875 0.2484375 0.0203125 0.084375
0 0.6671875 0.93125 0.021875 0.08671875
0 0.91796875 0.46953125 0.0203125 0.084375
0 0.96328125 0.47109375 0.021875 0.0875
0 0.88515625 0.33515625 0.0296875 0.07265625
0 0.8625 0.3953125 0.0265625 0.08671875
0 0.853125 0.6234375 0.028125 0.06953125
0 0.7234375 0.503125 0.03125 0.0765625
0 0.72265625 0.40859375 0.03046875 0.075
0 0.628125 0.4890625 0.025 0.08203125
0 0.6359375 0.8515625 0.0296875 0.06015625
0 0.609375 0.4078125 0.0296875 0.07265625
0 0.621875 0.52734375 0.0234375 0.05859375
0 0.18125 0.084375 0.0203125 0.08203125
0 0.046875 0.4984375 0.03125 0.06640625
0 0.42734375 0.68359375 0.02890625 0.059375
0 0.4015625 0.2375 0.021875 0.084375
0 0.18359375 0.471875 0.0265625 0.084375
0 0.12890625 0.39765625 0.02578125 0.08203125
0 0.1578125 0.66953125 0.0375 0.11171875
0 0.09609375 0.49921875 0.03125 0.08046875
0 0.2171875 0.61796875 0.0265625 0.08515625
0 0.30859375 0.65390625 0.0265625 0.08515625