0 0.8828125 0.25625 0.02109375 0.08671875
0 0.66640625 0.9546875 0.021875 0.0890625
0 0.92265625 0.4828125 0.02109375 0.08671875
0 0.96875 0.484375 0.021875 0.08984375
0 0.88828125 0.3453125 0.03046875 0.07421875
0 0.865625 0.40703125 0.0265625 0.0890625
0 0.85625 0.63984375 0.02890625 0.07109375
0 0.7234375 0.5171875 0.03203125 0.07890625
0 0.7234375 0.4203125 0.03125 0.0765625
0 0.6265625 0.503125 0.025 0.08359375
0 0.634375 0.8734375 0.03046875 0.0609375
0 0.6078125 0.41953125 0.03046875 0.07421875
0 0.6203125 0.5421875 0.0234375 0.059375
0 0.1703125 0.08828125 0.02109375 0.08359375
0 0.0328125 0.5125 0.03203125 0.06796875
0 0.42109375 0.7015625 0.0296875 0.06015625
0 0.3953125 0.2453125 0.021875 0.08671875
0 0.171875 0.48515625 0.02734375 0.08671875
0 0.11640625 0.40859375 0.0265625 0.08359375
0 0.14609375 0.6875 0.03828125 0.1140625
0 0.0828125 0.51328125 0.03203125 0.08203125
0 0.20703125 0.634375 0.02734375 0.0875
0 0.3 0.67109375 0.02734375 0.0875