0 0.78359375 0.49140625 0.01796875 0.05859375
0 0.98828125 0.09765625 0.02265625 0.04296875
0 0.98828125 0.1859375 0.02265625 0.04375
0 0.86171875 0.1359375 0.0171875 0.03359375
0 0.84453125 0.1296875 0.0140625 0.03984375
0 0.82734375 0.2015625 0.01875 0.03828125
0 0.83125 0.41953125 0.01640625 0.0328125
0 0.7796875 0.184375 0.0140625 0.04140625
0 0.74765625 0.203125 0.01796875 0.03828125
0 0.784375 0.25078125 0.0140625 0.03828125
0 0.6578125 0.21171875 0.01796875 0.03828125
0 0.57265625 0.24921875 0.015625 0.0421875
0 0.57421875 0.20234375 0.01796875 0.03828125
0 0.603125 0.19296875 0.01640625 0.04296875
0 0.640625 0.190625 0.0140625 0.03828125
0 0.57265625 0.34609375 0.01640625 0.04375
0 0.71796875 0.44765625 0.0046875 0.0171875
0 0.70703125 0.46171875 0.0171875 0.04609375
0 0.759375 0.42421875 0.0140625 0.03984375
0 0.71796875 0.5953125 0.0046875 0.0171875
0 0.70703125 0.609375 0.01640625 0.04609375
0 0.79296875 0.1203125 0.01328125 0.0265625
0 0.79296875 0.09375 0.01328125 0.0265625
0 0.403125 0.28984375 0.02421875 0.04296875
0 0.42109375 0.28984375 0.025 0.04296875
0 0.31484375 0.24140625 0.01875 0.0390625
0 0.1140625 0.29296875 0.015625 0.04453125
0 0.0953125 0.303125 0.01875 0.0390625
0 0.1203125 0.3609375 0.01796875 0.0484375
0 0.33515625 0.40078125 0.0125 0.0359375
0 0.33671875 0.184375 0.0125 0.03671875
0 0.1953125 0.21171875 0.0203125 0.05234375