0 0.30859375 0.1765625 0.06953125 0.06953125
0 0.640625 0.41796875 0.06953125 0.06171875
0 0.859375 0.42578125 0.05078125 0.04609375
0 0.49453125 0.41875 0.06875 0.06015625
0 0.65703125 0.52578125 0.059375 0.053125
0 0.5921875 0.7109375 0.078125 0.0546875
0 0.4125 0.72578125 0.08125 0.05625
0 0.50546875 0.7953125 0.07890625 0.06953125
0 0.484375 0.83671875 0.06796875 0.046875
0 0.6734375 0.4859375 0.06015625 0.03984375
0 0.73125 0.5796875 0.06171875 0.0421875
0 0.5046875 0.915625 0.07890625 0.07734375