0 0.26015625 0.9671875 0.0421875 0.065625
0 0.2515625 0.8125 0.0421875 0.06953125
0 0.25078125 0.42109375 0.040625 0.0671875
0 0.25546875 0.53203125 0.0359375 0.07734375
0 0.2921875 0.3375 0.0328125 0.05078125
0 0.16953125 0.41875 0.0390625 0.0546875
0 0.2578125 0.703125 0.03984375 0.0828125
0 0.29921875 0.79609375 0.04140625 0.07890625
0 0.275 0.540625 0.03125 0.05078125
0 0.54296875 0.2125 0.0359375 0.090625
0 0.51875 0.57109375 0.03515625 0.05703125
0 0.87265625 0.2140625 0.03515625 0.0890625
0 0.8984375 0.70078125 0.0359375 0.07734375
0 0.853125 0.70078125 0.03671875 0.07734375
0 0.8578125 0.4671875 0.0359375 0.0765625
0 0.9234375 0.4671875 0.0359375 0.07578125
0 0.846875 0.58984375 0.040625 0.06796875