0 0.390625 0.28046875 0.0546875 0.0640625
0 0.390625 0.2359375 0.0546875 0.06328125
0 0.35546875 0.8625 0.0546875 0.0625
0 0.34453125 0.68125 0.05390625 0.03671875
0 0.34296875 0.60078125 0.0515625 0.034375
0 0.29140625 0.725 0.04375 0.04375
0 0.35625 0.76328125 0.0546875 0.05234375
0 0.45234375 0.7125 0.06484375 0.0453125
0 0.6421875 0.671875 0.0515625 0.04765625
0 0.53828125 0.57578125 0.04765625 0.0484375
0 0.64453125 0.534375 0.05234375 0.0515625
0 0.65703125 0.61171875 0.04765625 0.0328125
0 0.325 0.91640625 0.06640625 0.04375