0 0.6328125 0.25 0.05703125 0.06640625
0 0.6328125 0.203125 0.05703125 0.065625
0 0.66875 0.85390625 0.05703125 0.06484375
0 0.68046875 0.66484375 0.05625 0.0375
0 0.68203125 0.58203125 0.053125 0.03515625
0 0.73515625 0.7109375 0.0453125 0.04609375
0 0.66796875 0.75078125 0.05703125 0.05390625
0 0.56875 0.69765625 0.0671875 0.046875
0 0.37109375 0.65546875 0.053125 0.05
0 0.4796875 0.55546875 0.05 0.05
0 0.36953125 0.5125 0.0546875 0.05390625
0 0.35546875 0.59296875 0.05 0.034375
0 0.70078125 0.909375 0.06875 0.0453125