0 0.203125 0.79375 0.0640625 0.08125
0 0.08125 0.790625 0.05703125 0.07421875
0 0.11640625 0.17109375 0.04453125 0.05625
0 0.17578125 0.16484375 0.05 0.046875
0 0.175 0.5171875 0.053125 0.04765625
0 0.175 0.38515625 0.053125 0.0484375
0 0.05390625 0.73203125 0.03828125 0.03515625
0 0.28671875 0.51796875 0.06484375 0.06171875
0 0.20234375 0.66875 0.065625 0.0765625
0 0.1875 0.246875 0.05546875 0.06796875
0 0.2609375 0.2296875 0.059375 0.05546875
0 0.7140625 0.72578125 0.0625 0.08046875
0 0.63515625 0.31484375 0.0640625 0.0609375
0 0.69765625 0.24609375 0.05625 0.0671875
0 0.68515625 0.384375 0.05078125 0.046875