0 0.72265625 0.2109375 0.0375 0.09453125
0 0.72265625 0.134375 0.0375 0.09375
0 0.20546875 0.69765625 0.05078125 0.07890625
0 0.27734375 0.5625 0.040625 0.09375
0 0.165625 0.4375 0.03671875 0.06171875
0 0.165625 0.5171875 0.03671875 0.0609375
0 0.0734375 0.28828125 0.0328125 0.07890625
0 0.3546875 0.43046875 0.03046875 0.07109375
0 0.40390625 0.43046875 0.03046875 0.07109375
0 0.2921875 0.67890625 0.03515625 0.0625
0 0.85625 0.80625 0.0375 0.0640625
0 0.7078125 0.80703125 0.03125 0.053125
0 0.74375 0.67265625 0.0296875 0.06796875