0 0.30234375 0.79609375 0.09765625 0.0734375
0 0.46328125 0.11171875 0.0875 0.06953125
0 0.46328125 0.16328125 0.0875 0.06953125
0 0.1921875 0.82265625 0.065625 0.04375
0 0.671875 0.4859375 0.0984375 0.0515625
0 0.4484375 0.2765625 0.1140625 0.05859375
0 0.27890625 0.3734375 0.07734375 0.05234375
0 0.24140625 0.40234375 0.07734375 0.0390625
0 0.41640625 0.58828125 0.10078125 0.05234375
0 0.29921875 0.653125 0.09765625 0.06484375
0 0.2625 0.4796875 0.078125 0.0390625
0 0.26796875 0.59140625 0.08828125 0.04609375
0 0.1765625 0.6296875 0.07265625 0.05234375