0 0.696875 0.79140625 0.0984375 0.07421875
0 0.53515625 0.1 0.08828125 0.06953125
0 0.53515625 0.15234375 0.08828125 0.06953125
0 0.80859375 0.81875 0.06640625 0.04375
0 0.32421875 0.47890625 0.09921875 0.0515625
0 0.55 0.26640625 0.11484375 0.059375
0 0.7203125 0.36484375 0.078125 0.053125
0 0.759375 0.39375 0.078125 0.0390625
0 0.58203125 0.58203125 0.1015625 0.05234375
0 0.7 0.64765625 0.0984375 0.065625
0 0.73671875 0.47265625 0.07890625 0.0390625
0 0.73203125 0.58515625 0.0890625 0.046875
0 0.82421875 0.62421875 0.0734375 0.053125