0 0.19375 0.5125 0.0359375 0.05859375
0 0.36015625 0.1515625 0.0296875 0.0828125
0 0.290625 0.15234375 0.02890625 0.08203125
0 0.36796875 0.44453125 0.03125 0.0703125
0 0.22890625 0.5015625 0.028125 0.06640625
0 0.2546875 0.49765625 0.0234375 0.0578125
0 0.33125 0.83359375 0.0328125 0.08828125
0 0.5921875 0.15234375 0.0296875 0.08203125
0 0.415625 0.3234375 0.0265625 0.06640625
0 0.38046875 0.3015625 0.03359375 0.05703125
0 0.41015625 0.5328125 0.03359375 0.0578125
0 0.4046875 0.60078125 0.03046875 0.065625
0 0.33125 0.6453125 0.034375 0.075
0 0.79765625 0.15 0.0296875 0.08046875
0 0.78671875 0.83125 0.0296875 0.0796875
0 0.775 0.56796875 0.0296875 0.065625
0 0.83359375 0.4984375 0.03359375 0.05859375
0 0.86328125 0.34765625 0.03359375 0.05859375