0 0.14140625 0.49375 0.03828125 0.06171875
0 0.31796875 0.1125 0.03125 0.0875
0 0.24453125 0.1125 0.03046875 0.08671875
0 0.3265625 0.421875 0.0328125 0.07421875
0 0.17890625 0.4828125 0.0296875 0.0703125
0 0.20625 0.478125 0.025 0.0609375
0 0.2875 0.83359375 0.03515625 0.09375
0 0.56328125 0.1125 0.03125 0.08671875
0 0.3765625 0.29375 0.028125 0.0703125
0 0.33984375 0.27109375 0.03515625 0.06015625
0 0.3703125 0.515625 0.03515625 0.0609375
0 0.36484375 0.5875 0.03203125 0.06953125
0 0.2875 0.634375 0.03671875 0.07890625
0 0.78046875 0.1109375 0.03125 0.08515625
0 0.76875 0.83125 0.03125 0.084375
0 0.75703125 0.55234375 0.03125 0.06953125
0 0.81875 0.4796875 0.03515625 0.06171875
0 0.85 0.3203125 0.0359375 0.06171875