0 0.15546875 0.15703125 0.05546875 0.08828125
0 0.25 0.81484375 0.0578125 0.09296875
0 0.25 0.7015625 0.05546875 0.0703125
0 0.33359375 0.64609375 0.04375 0.0578125
0 0.2484375 0.3671875 0.05 0.06328125
0 0.27109375 0.4984375 0.05078125 0.0484375
0 0.2734375 0.9515625 0.05625 0.0546875
0 0.64765625 0.59375 0.0515625 0.0625
0 0.75390625 0.5921875 0.0484375 0.059375
0 0.6375 0.49140625 0.05546875 0.05234375
0 0.58359375 0.340625 0.04296875 0.0609375
0 0.7453125 0.42421875 0.05546875 0.07109375
0 0.746875 0.1578125 0.05546875 0.0875