0 0.8875 0.61015625 0.02109375 0.05703125
0 0.62578125 0.5484375 0.02109375 0.05625
0 0.78125 0.415625 0.03125 0.0375
0 0.49375 0.3359375 0.02109375 0.0328125
0 0.546875 0.37890625 0.01875 0.03828125
0 0.51875 0.3453125 0.01796875 0.03828125
0 0.690625 0.37578125 0.01796875 0.0375
0 0.7109375 0.4171875 0.0203125 0.0328125
0 0.66953125 0.42578125 0.01875 0.0390625
0 0.8828125 0.66953125 0.0203125 0.03203125
0 0.125 0.23203125 0.0203125 0.05390625
0 0.1171875 0.340625 0.01875 0.03828125
0 0.11484375 0.29453125 0.02109375 0.0328125
0 0.10703125 0.4078125 0.0171875 0.0390625