0 0.84921875 0.56171875 0.01953125 0.05234375
0 0.609375 0.5046875 0.01953125 0.0515625
0 0.75234375 0.38203125 0.02890625 0.034375
0 0.4875 0.309375 0.01953125 0.03046875
0 0.5359375 0.3484375 0.0171875 0.03515625
0 0.51015625 0.31796875 0.0171875 0.03515625
0 0.66796875 0.34609375 0.01640625 0.034375
0 0.6875 0.384375 0.01875 0.0296875
0 0.64921875 0.39140625 0.0171875 0.0359375
0 0.8453125 0.615625 0.01875 0.0296875
0 0.1484375 0.21328125 0.01796875 0.04921875
0 0.140625 0.31328125 0.0171875 0.03515625
0 0.13828125 0.27109375 0.01953125 0.0296875
0 0.13125 0.37578125 0.01640625 0.0359375