0 0.2375 0.8921875 0.05234375 0.0796875
0 0.26171875 0.1421875 0.04765625 0.075
0 0.3703125 0.7109375 0.040625 0.05859375
0 0.27890625 0.68828125 0.0546875 0.05234375
0 0.28046875 0.534375 0.05234375 0.05
0 0.18046875 0.7109375 0.0515625 0.0484375
0 0.18046875 0.64765625 0.0515625 0.0484375
0 0.2375 0.7703125 0.05 0.06015625
0 0.36328125 0.91484375 0.0546875 0.05
0 0.91484375 0.89140625 0.04765625 0.075
0 0.73046875 0.66484375 0.04765625 0.04296875
0 0.73046875 0.72265625 0.04765625 0.04296875
0 0.79296875 0.65703125 0.03828125 0.04921875