0 0.1484375 0.68046875 0.06875 0.0421875
0 0.8546875 0.334375 0.0484375 0.0546875
0 0.55859375 0.334375 0.0484375 0.0546875
0 0.6359375 0.95546875 0.04921875 0.05546875
0 0.81640625 0.13671875 0.05859375 0.04140625
0 0.86640625 0.3171875 0.06328125 0.04609375
0 0.86953125 0.62265625 0.04921875 0.0484375
0 0.88515625 0.47265625 0.0484375 0.046875
0 0.75859375 0.446875 0.05625 0.04140625
0 0.21953125 0.50078125 0.05703125 0.040625
0 0.21953125 0.446875 0.05703125 0.04140625
0 0.521875 0.80703125 0.059375 0.0421875
0 0.52109375 0.68984375 0.0578125 0.0484375
0 0.63125 0.83984375 0.05625 0.0546875
0 0.68359375 0.6875 0.04375 0.03125
0 0.728125 0.7640625 0.05859375 0.0421875