0 0.7953125 0.66953125 0.06953125 0.0421875
0 0.0796875 0.31953125 0.0484375 0.0546875
0 0.3796875 0.31953125 0.0484375 0.0546875
0 0.30078125 0.9484375 0.05 0.05625
0 0.11875 0.11875 0.059375 0.04140625
0 0.06875 0.3015625 0.0640625 0.046875
0 0.06484375 0.61171875 0.05 0.04921875
0 0.04921875 0.45859375 0.04921875 0.04765625
0 0.17734375 0.43359375 0.05703125 0.0421875
0 0.72265625 0.4875 0.0578125 0.04140625
0 0.72265625 0.4328125 0.0578125 0.04140625
0 0.41640625 0.79765625 0.06015625 0.0421875
0 0.41796875 0.67890625 0.05859375 0.04921875
0 0.30546875 0.83125 0.05703125 0.0546875
0 0.253125 0.6765625 0.04453125 0.03203125
0 0.2078125 0.7546875 0.059375 0.0421875