0 0.1484375 0.7671875 0.0546875 0.06640625
0 0.6859375 0.76875 0.059375 0.06953125
0 0.565625 0.15546875 0.05625 0.0671875
0 0.33984375 0.946875 0.0734375 0.0515625
0 0.0203125 0.78515625 0.040625 0.0421875
0 0.28359375 0.3359375 0.06171875 0.04921875
0 0.284375 0.66796875 0.059375 0.04765625
0 0.1234375 0.39296875 0.04765625 0.0484375
0 0.134375 0.51953125 0.0625 0.0484375
0 0.1296875 0.6390625 0.05390625 0.053125
0 0.75078125 0.5703125 0.06015625 0.04609375
0 0.69765625 0.509375 0.059375 0.046875
0 0.70234375 0.4046875 0.0796875 0.0703125
0 0.68515625 0.2171875 0.0625 0.04921875