0 0.83125 0.79609375 0.05625 0.06875
0 0.27734375 0.79765625 0.0609375 0.071875
0 0.40078125 0.165625 0.0578125 0.06953125
0 0.63359375 0.9765625 0.0765625 0.046875
0 0.97109375 0.81484375 0.05703125 0.04296875
0 0.69140625 0.3515625 0.06328125 0.05078125
0 0.690625 0.69296875 0.06171875 0.0484375
0 0.85703125 0.41015625 0.0484375 0.05
0 0.8453125 0.540625 0.0640625 0.05
0 0.85078125 0.66328125 0.05625 0.0546875
0 0.2109375 0.59296875 0.0625 0.04765625
0 0.265625 0.5296875 0.06171875 0.0484375
0 0.26015625 0.42265625 0.08203125 0.07265625
0 0.278125 0.22890625 0.0640625 0.05078125