0 0.0734375 0.44375 0.03046875 0.04609375
0 0.0734375 0.253125 0.03125 0.046875
0 0.409375 0.17578125 0.02265625 0.06328125
0 0.29609375 0.54296875 0.02421875 0.05859375
0 0.2578125 0.4953125 0.021875 0.05546875
0 0.18359375 0.49453125 0.02265625 0.05703125
0 0.29609375 0.665625 0.02421875 0.065625
0 0.246875 0.33671875 0.0265625 0.04609375
0 0.23125 0.44609375 0.028125 0.04921875
0 0.16015625 0.55546875 0.0203125 0.03671875
0 0.23046875 0.17421875 0.02265625 0.0625
0 0.60078125 0.38203125 0.02734375 0.04921875
0 0.76953125 0.3140625 0.01875 0.0484375
0 0.7328125 0.340625 0.03515625 0.07265625
0 0.81953125 0.4671875 0.0203125 0.05078125
0 0.734375 0.434375 0.05 0.0359375
0 0.92109375 0.35234375 0.02578125 0.04609375
0 0.92421875 0.4140625 0.0265625 0.046875