0 0.52890625 0.44609375 0.04296875 0.0390625
0 0.52890625 0.26015625 0.04296875 0.03984375
0 0.71796875 0.62890625 0.0328125 0.05703125
0 0.80546875 0.5875 0.0234375 0.03515625
0 0.85859375 0.5859375 0.02578125 0.03828125
0 0.85859375 0.67734375 0.028125 0.04375
0 0.21484375 0.08359375 0.04609375 0.05078125
0 0.1625 0.11953125 0.03359375 0.04765625
0 0.17734375 0.18671875 0.0296875 0.04296875
0 0.396875 0.91328125 0.03203125 0.0515625
0 0.55390625 0.971875 0.046875 0.04921875
0 0.68515625 0.446875 0.0328125 0.03515625
0 0.62265625 0.45625 0.025 0.0390625
0 0.7796875 0.41171875 0.03125 0.03359375
0 0.7796875 0.36875 0.03125 0.03359375
0 0.61875 0.496875 0.02890625 0.03046875