0 0.6828125 0.8421875 0.0453125 0.08671875
0 0.32109375 0.84453125 0.046875 0.090625
0 0.31640625 0.7234375 0.0453125 0.0859375
0 0.6765625 0.72265625 0.04375 0.08359375
0 0.9515625 0.65234375 0.0375 0.07421875
0 0.82265625 0.86484375 0.04375 0.06640625
0 0.90078125 0.48203125 0.04375 0.0671875
0 0.80546875 0.359375 0.04375 0.08515625
0 0.7578125 0.578125 0.04765625 0.07421875
0 0.87109375 0.521875 0.0390625 0.0765625
0 0.3921875 0.57578125 0.0484375 0.07578125
0 0.321875 0.33203125 0.04375 0.06796875
0 0.2828125 0.22421875 0.04375 0.08515625
0 0.24453125 0.5796875 0.04765625 0.07421875
0 0.2015625 0.33203125 0.0484375 0.075