0 0.603125 0.21953125 0.0546875 0.06171875
0 0.54765625 0.21953125 0.05546875 0.06171875
0 0.0859375 0.86875 0.08671875 0.05078125
0 0.62890625 0.62109375 0.06328125 0.0625
0 0.62890625 0.67109375 0.06328125 0.0625
0 0.68203125 0.53671875 0.065625 0.0453125
0 0.41328125 0.76015625 0.06328125 0.04296875
0 0.4796875 0.8578125 0.0546875 0.05078125
0 0.39921875 0.81875 0.0609375 0.05625
0 0.3078125 0.57734375 0.071875 0.05
0 0.309375 0.68125 0.06953125 0.04765625
0 0.51171875 0.57265625 0.05703125 0.053125