0 0.99609375 0.77265625 0.00703125 0.015625
0 0.9375 0.89296875 0.00703125 0.01953125
0 0.065625 0.82734375 0.00859375 0.015625
0 0.059375 0.76015625 0.0078125 0.0140625
0 0.06484375 0.54921875 0.00703125 0.0125
0 0.06484375 0.5609375 0.00703125 0.0125
0 0.065625 0.428125 0.0078125 0.01484375
0 0.015625 0.546875 0.00625 0.01796875
0 0.04609375 0.54765625 0.00703125 0.01875
0 0.015625 0.4296875 0.00703125 0.01875
0 0.0078125 0.52421875 0.00703125 0.01328125
0 0.015625 0.50546875 0.00625 0.0171875
0 0.00625 0.5546875 0.0078125 0.0140625
0 0.0140625 0.5671875 0.00625 0.0171875
0 0.02578125 0.5671875 0.00625 0.0171875
0 0.046875 0.5671875 0.00625 0.01796875
0 0.0265625 0.59921875 0.0046875 0.0140625
0 0.05078125 0.77578125 0.00703125 0.01875
0 0.08359375 0.75859375 0.00703125 0.01328125
0 0.303125 0.2875 0.00703125 0.01953125
0 0.3859375 0.2078125 0.00703125 0.01953125
0 0.4578125 0.228125 0.00859375 0.015625
0 0.4375 0.3734375 0.00703125 0.01953125
0 0.446875 0.30078125 0.00703125 0.01953125
0 0.303125 0.3578125 0.00703125 0.01875
0 0.04296875 0.6 0.00703125 0.0125
0 0.003125 0.103125 0.00625 0.01796875
0 0.03515625 0.0890625 0.00625 0.0171875
0 0.03046875 0.04296875 0.00625 0.01640625
0 0.00390625 0.16328125 0.00703125 0.01953125
0 0.00546875 0.14609375 0.00703125 0.01328125
0 0.00546875 0.10546875 0.00703125 0.0125
0 0.01796875 0.14609375 0.00625 0.01171875
0 0.0046875 0.18046875 0.0078125 0.015625
0 0.0046875 0.16484375 0.0078125 0.015625