0 0.375 0.36640625 0.04921875 0.07578125
0 0.27734375 0.3578125 0.0609375 0.05234375
0 0.66640625 0.91328125 0.05625 0.0828125
0 0.33671875 0.9078125 0.046875 0.07109375
0 0.23359375 0.57421875 0.0453125 0.04375
0 0.73359375 0.74140625 0.05390625 0.05546875
0 0.68828125 0.66171875 0.05390625 0.0546875
0 0.88125 0.59296875 0.034375 0.0546875
0 0.58125 0.68515625 0.05390625 0.05625
0 0.66640625 0.81171875 0.059375 0.08046875
0 0.73203125 0.27890625 0.0515625 0.05390625
0 0.42421875 0.5703125 0.053125 0.05546875
0 0.49453125 0.54375 0.03828125 0.0546875
0 0.07890625 0.49140625 0.0390625 0.053125