0 0.6203125 0.38828125 0.05 0.07578125
0 0.71796875 0.3796875 0.06171875 0.05234375
0 0.32734375 0.93828125 0.05703125 0.0828125
0 0.65859375 0.93203125 0.046875 0.07109375
0 0.7625 0.596875 0.04609375 0.04375
0 0.26015625 0.76484375 0.05390625 0.05546875
0 0.30546875 0.68515625 0.05390625 0.05546875
0 0.11171875 0.61640625 0.034375 0.05546875
0 0.41328125 0.70859375 0.0546875 0.05625
0 0.328125 0.83515625 0.059375 0.08125
0 0.26171875 0.3 0.05234375 0.0546875
0 0.57109375 0.59296875 0.053125 0.05546875
0 0.5 0.56640625 0.0390625 0.05546875
0 0.9171875 0.51328125 0.0390625 0.05390625