0 0.54296875 0.1140625 0.0546875 0.10546875
0 0.6625 0.10078125 0.0640625 0.065625
0 0.8984375 0.8109375 0.06640625 0.1234375
0 0.83125 0.8109375 0.0671875 0.1234375
0 0.740625 0.73515625 0.04609375 0.096875
0 0.7125 0.76171875 0.0640625 0.065625
0 0.2078125 0.90078125 0.05234375 0.1015625
0 0.75234375 0.2875 0.0421875 0.071875
0 0.61328125 0.3609375 0.03984375 0.06640625
0 0.61328125 0.5328125 0.03671875 0.0609375
0 0.6078125 0.42890625 0.04609375 0.05703125
0 0.61875 0.63203125 0.03984375 0.0515625
0 0.1515625 0.5921875 0.05 0.06328125
0 0.1921875 0.49375 0.04453125 0.0546875
0 0.14765625 0.4125 0.05859375 0.07578125
0 0.20703125 0.684375 0.05390625 0.08828125
0 0.27265625 0.69375 0.0421875 0.06953125