0 0.56796875 0.16875 0.05546875 0.1078125
0 0.6890625 0.15546875 0.06484375 0.06640625
0 0.9296875 0.87890625 0.06796875 0.12578125
0 0.8609375 0.87890625 0.06875 0.12578125
0 0.76875 0.8015625 0.046875 0.0984375
0 0.73984375 0.828125 0.06484375 0.06640625
0 0.2265625 0.95859375 0.053125 0.0828125
0 0.78046875 0.3453125 0.0421875 0.0734375
0 0.6390625 0.4203125 0.040625 0.06796875
0 0.6390625 0.5953125 0.0375 0.06171875
0 0.63359375 0.4890625 0.046875 0.05859375
0 0.64453125 0.696875 0.040625 0.05234375
0 0.16953125 0.65546875 0.05078125 0.0640625
0 0.2109375 0.55546875 0.0453125 0.05625
0 0.165625 0.47265625 0.06015625 0.0765625
0 0.2265625 0.74921875 0.05546875 0.08984375
0 0.29296875 0.759375 0.0421875 0.07109375