0 0.41015625 0.2796875 0.04921875 0.06171875
0 0.2671875 0.3265625 0.03515625 0.0828125
0 0.01875 0.8203125 0.0375 0.0625
0 0.534375 0.853125 0.03515625 0.08203125
0 0.6265625 0.5765625 0.04921875 0.06328125
0 0.5390625 0.31484375 0.03125 0.0640625
0 0.671875 0.48671875 0.0359375 0.06953125
0 0.51953125 0.44140625 0.040625 0.0609375
0 0.45 0.4546875 0.0390625 0.059375
0 0.4546875 0.66015625 0.03203125 0.0625
0 0.4609375 0.77421875 0.034375 0.06640625
0 0.35078125 0.7765625 0.03671875 0.0703125
0 0.17734375 0.77578125 0.0359375 0.06875
0 0.13046875 0.77578125 0.03515625 0.06796875