0 0.1375 0.765625 0.05234375 0.05859375
0 0.67734375 0.8765625 0.0546875 0.06171875
0 0.93515625 0.728125 0.06484375 0.03984375
0 0.396875 0.44453125 0.0703125 0.04453125
0 0.37421875 0.61328125 0.053125 0.06015625
0 0.28046875 0.72265625 0.03828125 0.0390625
0 0.33671875 0.66953125 0.053125 0.03984375
0 0.37578125 0.746875 0.05234375 0.0453125
0 0.45078125 0.6703125 0.05234375 0.03828125
0 0.40703125 0.78984375 0.03203125 0.03203125
0 0.7375 0.6296875 0.04921875 0.0375
0 0.78203125 0.546875 0.05 0.03671875
0 0.7546875 0.27265625 0.0671875 0.05703125
0 0.57421875 0.2734375 0.03359375 0.03359375
0 0.60859375 0.2734375 0.034375 0.03359375