0 0.8890625 0.7734375 0.0546875 0.0609375
0 0.3265625 0.88828125 0.05703125 0.0640625
0 0.0578125 0.734375 0.06796875 0.04140625
0 0.61875 0.43828125 0.0734375 0.04609375
0 0.6421875 0.6140625 0.05546875 0.0625
0 0.740625 0.728125 0.03984375 0.040625
0 0.68203125 0.67265625 0.05546875 0.04140625
0 0.64140625 0.75390625 0.0546875 0.04765625
0 0.56328125 0.67421875 0.0546875 0.03984375
0 0.60859375 0.7984375 0.03359375 0.03359375
0 0.26328125 0.63203125 0.0515625 0.0390625
0 0.21796875 0.5453125 0.05234375 0.03828125
0 0.24609375 0.26015625 0.0703125 0.059375
0 0.434375 0.2609375 0.03515625 0.03515625
0 0.3984375 0.2609375 0.0359375 0.03515625