0 0.4390625 0.0953125 0.0296875 0.075
0 0.1140625 0.39765625 0.0375 0.05078125
0 0.36484375 0.62421875 0.03046875 0.078125
0 0.43984375 0.309375 0.02421875 0.0546875
0 0.39453125 0.31171875 0.0265625 0.059375
0 0.45 0.37734375 0.02890625 0.046875
0 0.396875 0.5171875 0.0328125 0.0546875
0 0.4765625 0.44140625 0.01953125 0.04609375
0 0.0640625 0.32734375 0.0359375 0.07734375
0 0.35625 0.75390625 0.03359375 0.0546875
0 0.759375 0.096875 0.02734375 0.07109375
0 0.68828125 0.31953125 0.0328125 0.05390625
0 0.68984375 0.38671875 0.03046875 0.0484375
0 0.7625 0.390625 0.0265625 0.06015625
0 0.81015625 0.39140625 0.02578125 0.059375
0 0.865625 0.38515625 0.03046875 0.04921875
0 0.865625 0.32109375 0.03046875 0.0484375