0 0.77421875 0.26875 0.03515625 0.059375
0 0.709375 0.3609375 0.0265625 0.065625
0 0.83515625 0.7078125 0.0375 0.0640625
0 0.671875 0.2671875 0.0359375 0.06171875
0 0.671875 0.62890625 0.03671875 0.06171875
0 0.69921875 0.71796875 0.0296875 0.04765625
0 0.22734375 0.7984375 0.03359375 0.09453125
0 0.20234375 0.7765625 0.01171875 0.05
0 0.22578125 0.42109375 0.034375 0.08203125
0 0.175 0.29609375 0.0375 0.06484375
0 0.2390625 0.515625 0.0265625 0.0421875
0 0.30703125 0.61875 0.0375 0.0671875
0 0.22734375 0.7078125 0.0328125 0.078125
0 0.203125 0.68671875 0.0125 0.03671875
0 0.28515625 0.65078125 0.0234375 0.06015625
0 0.17421875 0.48515625 0.0390625 0.06640625
0 0.1765625 0.71640625 0.034375 0.0578125