0 0.4921875 0.390625 0.0453125 0.08671875
0 0.08671875 0.01640625 0.04453125 0.0328125
0 0.0421875 0.01640625 0.0453125 0.0328125
0 0.153125 0.01640625 0.03203125 0.0328125
0 0.14140625 0.2296875 0.03828125 0.078125
0 0.43515625 0.44296875 0.0296875 0.096875
0 0.23984375 0.43984375 0.03125 0.1015625
0 0.21484375 0.22890625 0.03828125 0.08125
0 0.153125 0.29375 0.03359375 0.10078125
0 0.40703125 0.10859375 0.025 0.078125
0 0.2859375 0.434375 0.02890625 0.05859375
0 0.70234375 0.8875 0.03203125 0.096875
0 0.93515625 0.95625 0.04765625 0.0875
0 0.97890625 0.95625 0.0421875 0.0875
0 0.63046875 0.2984375 0.02421875 0.07734375
0 0.70625 0.16171875 0.0328125 0.0984375
0 0.91875 0.31484375 0.0234375 0.07421875
0 0.74921875 0.64765625 0.0234375 0.07421875
0 0.70234375 0.78046875 0.03515625 0.1046875
0 0.89375 0.18828125 0.03515625 0.07421875
0 0.659375 0.271875 0.03671875 0.07734375
0 0.659375 0.609375 0.03671875 0.07734375