0 0.1234375 0.21875 0.03203125 0.0828125
0 0.21015625 0.84921875 0.03203125 0.08359375
0 0.02734375 0.39375 0.03359375 0.084375
0 0.4953125 0.39609375 0.0328125 0.0828125
0 0.1109375 0.5609375 0.02890625 0.06171875
0 0.09140625 0.64296875 0.02890625 0.06875
0 0.25390625 0.4921875 0.03984375 0.07109375
0 0.26953125 0.45546875 0.0390625 0.07109375
0 0.1625 0.57890625 0.04453125 0.08203125
0 0.16953125 0.659375 0.02890625 0.0609375
0 0.2109375 0.6546875 0.034375 0.07109375
0 0.7671875 0.22265625 0.03203125 0.08203125
0 0.84765625 0.459375 0.0328125 0.0546875
0 0.84765625 0.6125 0.0328125 0.0546875
0 0.7296875 0.6109375 0.03046875 0.06171875
0 0.68828125 0.603125 0.03203125 0.053125
0 0.68828125 0.5265625 0.03125 0.0515625
0 0.815625 0.63125 0.02890625 0.0625