0 0.071875 0.2296875 0.03359375 0.08515625
0 0.16171875 0.87890625 0.03359375 0.0859375
0 0.45546875 0.4125 0.03359375 0.08515625
0 0.05859375 0.58203125 0.0296875 0.0640625
0 0.0390625 0.6671875 0.0296875 0.07109375
0 0.20625 0.51171875 0.040625 0.07265625
0 0.22265625 0.47421875 0.040625 0.07265625
0 0.1125 0.60078125 0.0453125 0.084375
0 0.11875 0.68359375 0.0296875 0.06328125
0 0.16171875 0.67890625 0.03515625 0.07265625
0 0.73515625 0.23359375 0.0328125 0.084375
0 0.81796875 0.478125 0.03359375 0.05625
0 0.81796875 0.63515625 0.034375 0.05625
0 0.69609375 0.63359375 0.03125 0.0640625
0 0.653125 0.62578125 0.0328125 0.0546875
0 0.65390625 0.546875 0.03203125 0.053125
0 0.784375 0.6546875 0.03046875 0.0640625