0 0.46953125 0.9640625 0.04765625 0.07109375
0 0.959375 0.45390625 0.06171875 0.06171875
0 0.9859375 0.45390625 0.028125 0.06171875
0 0.9859375 0.1375 0.028125 0.06875
0 0.8578125 0.346875 0.04609375 0.05546875
0 0.81953125 0.25546875 0.04453125 0.053125
0 0.7453125 0.21640625 0.0453125 0.05390625
0 0.90703125 0.36015625 0.0390625 0.06640625
0 0.47734375 0.35078125 0.0515625 0.08359375
0 0.4265625 0.35078125 0.0515625 0.08359375
0 0.9046875 0.534375 0.04375 0.0734375
0 0.47421875 0.815625 0.04765625 0.090625
0 0.49453125 0.7015625 0.0453125 0.05546875