0 0.43984375 0.91953125 0.04453125 0.08203125
0 0.90234375 0.43203125 0.05859375 0.0578125
0 0.94296875 0.43203125 0.059375 0.0578125
0 0.9453125 0.134375 0.06328125 0.06484375
0 0.80625 0.33046875 0.04375 0.0515625
0 0.7703125 0.24453125 0.0421875 0.05
0 0.70078125 0.2078125 0.04296875 0.05078125
0 0.853125 0.34375 0.03671875 0.0625
0 0.4484375 0.33515625 0.0484375 0.07890625
0 0.4 0.33515625 0.0484375 0.07890625
0 0.85078125 0.5078125 0.04140625 0.06953125
0 0.4453125 0.77265625 0.0453125 0.08515625
0 0.4640625 0.66484375 0.04296875 0.0515625