0 0.35234375 0.61015625 0.040625 0.05390625
0 0.353125 0.475 0.04140625 0.05546875
0 0.11875 0.8453125 0.028125 0.078125
0 0.065625 0.2546875 0.040625 0.05390625
0 0.24921875 0.2484375 0.028125 0.04609375
0 0.24921875 0.29453125 0.028125 0.04609375
0 0.1828125 0.62890625 0.025 0.05546875
0 0.22421875 0.64609375 0.0296875 0.0484375
0 0.265625 0.7359375 0.028125 0.04296875
0 0.259375 0.6609375 0.025 0.0546875
0 0.57890625 0.28828125 0.0203125 0.06171875
0 0.6609375 0.84140625 0.025 0.0734375
0 0.61484375 0.6359375 0.02890625 0.04765625
0 0.63828125 0.5796875 0.025 0.04140625
0 0.61484375 0.48828125 0.02890625 0.04765625
0 0.553125 0.625 0.01875 0.04375
0 0.553125 0.5 0.01875 0.04375
0 0.765625 0.634375 0.028125 0.04609375
0 0.8453125 0.64453125 0.021875 0.04921875
0 0.7953125 0.64453125 0.02265625 0.04921875
0 0.8734375 0.58359375 0.03046875 0.0328125
0 0.8734375 0.61640625 0.03046875 0.03359375