0 0.525 0.2328125 0.04765625 0.0484375
0 0.2921875 0.8046875 0.0375 0.0734375
0 0.62734375 0.8015625 0.0328125 0.06796875
0 0.61484375 0.5109375 0.0328125 0.04140625
0 0.621875 0.66640625 0.03125 0.05390625
0 0.20703125 0.34140625 0.04921875 0.07265625
0 0.15078125 0.33359375 0.04921875 0.07265625
0 0.13203125 0.4421875 0.03828125 0.0484375
0 0.29140625 0.68203125 0.03671875 0.06015625
0 0.22109375 0.63203125 0.03203125 0.05234375
0 0.13203125 0.61640625 0.03828125 0.0484375
0 0.18046875 0.60703125 0.02890625 0.05
0 0.4875 0.7015625 0.0390625 0.0484375
0 0.5203125 0.31953125 0.0375 0.046875
0 0.621875 0.45625 0.0328125 0.05625
0 0.6359375 0.69296875 0.0328125 0.0421875
0 0.91953125 0.1546875 0.03671875 0.06796875
0 0.765625 0.3015625 0.04609375 0.05234375
0 0.8671875 0.8109375 0.0484375 0.08515625
0 0.915625 0.8109375 0.0484375 0.08515625