0 0.4671875 0.2375 0.04765625 0.0484375
0 0.70078125 0.81171875 0.0375 0.07421875
0 0.3640625 0.809375 0.03359375 0.06796875
0 0.3765625 0.5171875 0.0328125 0.04140625
0 0.36953125 0.6734375 0.03203125 0.05390625
0 0.7859375 0.346875 0.04921875 0.07265625
0 0.84296875 0.33828125 0.04921875 0.07265625
0 0.86171875 0.44765625 0.03828125 0.0484375
0 0.7015625 0.6890625 0.03671875 0.0609375
0 0.771875 0.63828125 0.03203125 0.053125
0 0.86171875 0.62265625 0.03828125 0.0484375
0 0.8125 0.6140625 0.02890625 0.05078125
0 0.5046875 0.70859375 0.0390625 0.0484375
0 0.471875 0.32421875 0.0375 0.04765625
0 0.36953125 0.4625 0.0328125 0.05625
0 0.35546875 0.70078125 0.0328125 0.0421875
0 0.0703125 0.15859375 0.03671875 0.06796875
0 0.225 0.30703125 0.04609375 0.053125
0 0.12265625 0.81875 0.0484375 0.08515625
0 0.07421875 0.81875 0.0484375 0.08515625