0 0.403125 0.284375 0.084375 0.0578125
0 0.34453125 0.284375 0.084375 0.0578125
0 0.77265625 0.36953125 0.05390625 0.07421875
0 0.77265625 0.31640625 0.05390625 0.0734375
0 0.42265625 0.93046875 0.06640625 0.0890625
0 0.70546875 0.73203125 0.071875 0.0609375
0 0.64921875 0.56484375 0.0609375 0.05
0 0.34921875 0.65625 0.06875 0.05859375
0 0.42265625 0.80546875 0.06953125 0.07734375
0 0.54296875 0.7484375 0.046875 0.05546875
0 0.60859375 0.74765625 0.04921875 0.0578125
0 0.84375 0.47890625 0.04765625 0.06015625
0 0.7796875 0.4640625 0.065625 0.05390625