0 0.8171875 0.24296875 0.0375 0.05234375
0 0.75625 0.26171875 0.0609375 0.034375
0 0.3171875 0.446875 0.04375 0.0578125
0 0.21640625 0.4421875 0.034375 0.04921875
0 0.18203125 0.4421875 0.034375 0.04921875
0 0.734375 0.625 0.0375 0.0390625
0 0.5046875 0.29609375 0.03125 0.03203125
0 0.53671875 0.29609375 0.03125 0.03203125
0 0.66171875 0.29375 0.03125 0.03125
0 0.5890625 0.2578125 0.04375 0.03359375
0 0.66875 0.16953125 0.0390625 0.0390625
0 0.71171875 0.12890625 0.0421875 0.03046875
0 0.2265625 0.040625 0.03828125 0.053125
0 0.46875 0.2109375 0.03828125 0.03828125
0 0.38671875 0.21015625 0.03984375 0.0390625
0 0.41875 0.328125 0.0390625 0.03828125