0 0.6796875 0.7046875 0.0359375 0.0671875
0 0.6796875 0.7515625 0.0359375 0.0671875
0 0.34921875 0.7546875 0.03984375 0.07265625
0 0.334375 0.33515625 0.0359375 0.0671875
0 0.334375 0.28671875 0.0359375 0.06796875
0 0.89609375 0.5015625 0.053125 0.05078125
0 0.5234375 0.61640625 0.04375 0.05
0 0.6921875 0.5671875 0.03046875 0.04765625
0 0.6921875 0.4046875 0.0328125 0.05
0 0.6859375 0.5203125 0.034375 0.03828125
0 0.6578125 0.4015625 0.0328125 0.03671875
0 0.78828125 0.37578125 0.03359375 0.0375
0 0.79765625 0.32265625 0.034375 0.0390625
0 0.596875 0.3171875 0.04453125 0.05234375
0 0.34921875 0.59765625 0.04140625 0.06171875
0 0.27734375 0.58125 0.0421875 0.0484375
0 0.31015625 0.52890625 0.034375 0.03828125
0 0.27734375 0.44921875 0.04296875 0.05
0 0.20625 0.46171875 0.028125 0.04375
0 0.15625 0.5703125 0.028125 0.04296875