0 0.69921875 0.89609375 0.053125 0.0828125
0 0.2265625 0.91328125 0.075 0.0984375
0 0.15234375 0.91328125 0.07421875 0.0984375
0 0.246875 0.3140625 0.046875 0.0671875
0 0.815625 0.0875 0.04765625 0.0765625
0 0.815625 0.14140625 0.04765625 0.0765625
0 0.9046875 0.32734375 0.04140625 0.05703125
0 0.92265625 0.646875 0.0390625 0.05234375
0 0.86875 0.5578125 0.0453125 0.04375
0 0.89921875 0.43203125 0.04765625 0.046875
0 0.49453125 0.5609375 0.0453125 0.05859375
0 0.6046875 0.61015625 0.04140625 0.0546875
0 0.43359375 0.621875 0.05234375 0.05078125
0 0.4859375 0.6859375 0.04453125 0.05859375
0 0.69921875 0.79140625 0.053125 0.06796875