0 0.3859375 0.92734375 0.04765625 0.0953125
0 0.41640625 0.16484375 0.05859375 0.0640625
0 0.39140625 0.19765625 0.0421875 0.08671875
0 0.24375 0.346875 0.04765625 0.0640625
0 0.2390625 0.50703125 0.040625 0.06953125
0 0.3515625 0.5609375 0.03125 0.05625
0 0.43828125 0.56953125 0.04296875 0.07421875
0 0.7421875 0.5078125 0.03828125 0.0671875
0 0.58828125 0.3875 0.03984375 0.0515625
0 0.4828125 0.3875 0.04296875 0.05546875
0 0.74140625 0.71640625 0.03828125 0.06640625
0 0.76015625 0.63046875 0.03671875 0.046875
0 0.36484375 0.81484375 0.03828125 0.04921875
0 0.3859375 0.74453125 0.0484375 0.08203125