0 0.74140625 0.23671875 0.05703125 0.04765625
0 0.73515625 0.81953125 0.040625 0.0625
0 0.74375 0.553125 0.04765625 0.04609375
0 0.66328125 0.64765625 0.046875 0.046875
0 0.33671875 0.29609375 0.03671875 0.05859375
0 0.30625 0.24140625 0.05625 0.04609375
0 0.3984375 0.778125 0.03671875 0.05859375
0 0.30625 0.58828125 0.04296875 0.04140625
0 0.309375 0.4515625 0.0484375 0.0484375
0 0.28046875 0.6546875 0.05625 0.0640625
0 0.21328125 0.6546875 0.0578125 0.065625
0 0.23203125 0.40078125 0.03828125 0.04921875
0 0.13203125 0.33203125 0.0328125 0.0453125
0 0.22109375 0.34296875 0.0421875 0.04140625
0 0.22578125 0.4546875 0.0484375 0.0484375