0 0.54921875 0.10625 0.0375 0.06328125
0 0.91640625 0.57734375 0.0546875 0.046875
0 0.4375 0.6875 0.04296875 0.0703125
0 0.84609375 0.55859375 0.0390625 0.0515625
0 0.4515625 0.52109375 0.04296875 0.046875
0 0.48984375 0.61953125 0.04296875 0.046875
0 0.35859375 0.50078125 0.04375 0.04765625
0 0.31796875 0.321875 0.0390625 0.05234375
0 0.3953125 0.29765625 0.05546875 0.06796875
0 0.7609375 0.5859375 0.04375 0.046875
0 0.83671875 0.45 0.0453125 0.04609375
0 0.7578125 0.31015625 0.03828125 0.040625
0 0.7578125 0.26953125 0.03828125 0.04140625