0 0.8484375 0.4421875 0.0203125 0.04921875
0 0.8734375 0.51015625 0.0328125 0.04921875
0 0.796875 0.37109375 0.03515625 0.053125
0 0.703125 0.7921875 0.03046875 0.071875
0 0.70703125 0.63671875 0.02890625 0.07109375
0 0.83515625 0.315625 0.028125 0.06484375
0 0.3546875 0.29765625 0.0359375 0.0546875
0 0.40234375 0.4328125 0.02890625 0.06484375
0 0.24375 0.49375 0.01953125 0.0453125
0 0.24375 0.45703125 0.01953125 0.0453125
0 0.196875 0.1171875 0.0265625 0.04453125
0 0.17109375 0.43515625 0.03359375 0.05703125
0 0.25 0.3703125 0.028125 0.0625