0 0.475 0.0859375 0.04453125 0.090625
0 0.79609375 0.08515625 0.04609375 0.0921875
0 0.03203125 0.51484375 0.06171875 0.06875
0 0.48828125 0.878125 0.053125 0.10390625
0 0.79609375 0.428125 0.0515625 0.084375
0 0.64140625 0.425 0.05546875 0.090625
0 0.128125 0.50390625 0.05 0.08203125
0 0.8625 0.51875 0.05859375 0.08125
0 0.75 0.61328125 0.05390625 0.08828125
0 0.603125 0.53515625 0.05 0.0828125
0 0.69453125 0.73984375 0.05625 0.0765625
0 0.484375 0.6671875 0.053125 0.0875
0 0.19921875 0.72421875 0.06015625 0.0828125
0 0.09609375 0.29609375 0.05 0.08203125