0 0.465625 0.03125 0.046875 0.06171875
0 0.8015625 0.03125 0.0484375 0.06171875
0 0.0171875 0.46328125 0.034375 0.071875
0 0.4796875 0.84296875 0.05546875 0.10859375
0 0.8015625 0.371875 0.05390625 0.08828125
0 0.6390625 0.36875 0.0578125 0.09453125
0 0.103125 0.4515625 0.05234375 0.0859375
0 0.87109375 0.4671875 0.06171875 0.084375
0 0.753125 0.565625 0.05625 0.0921875
0 0.59921875 0.48359375 0.05234375 0.08671875
0 0.69453125 0.6984375 0.05859375 0.0796875
0 0.475 0.621875 0.05625 0.09140625
0 0.1765625 0.68203125 0.06328125 0.08671875
0 0.06875 0.234375 0.05234375 0.0859375