0 0.40546875 0.1125 0.05546875 0.08203125
0 0.73046875 0.11171875 0.05859375 0.08515625
0 0.73046875 0.86953125 0.0625 0.0765625
0 0.409375 0.42421875 0.05078125 0.059375
0 0.37890625 0.52890625 0.0578125 0.05
0 0.3203125 0.68359375 0.05 0.0609375
0 0.0375 0.75703125 0.075 0.0609375
0 0.32421875 0.921875 0.06328125 0.05546875
0 0.41171875 0.5390625 0.04453125 0.0546875
0 0.61328125 0.58828125 0.05390625 0.0625
0 0.465625 0.7578125 0.059375 0.0515625
0 0.80234375 0.59453125 0.06015625 0.053125
0 0.73125 0.77578125 0.0625 0.07265625