0 0.61484375 0.10625 0.05234375 0.07734375
0 0.31015625 0.1046875 0.0546875 0.0796875
0 0.31015625 0.81484375 0.05859375 0.071875
0 0.61171875 0.3984375 0.04765625 0.05546875
0 0.63984375 0.49609375 0.05390625 0.046875
0 0.69453125 0.64140625 0.046875 0.05703125
0 0.96171875 0.709375 0.0734375 0.05703125
0 0.69140625 0.8640625 0.059375 0.0515625
0 0.609375 0.50546875 0.04140625 0.05078125
0 0.4203125 0.55234375 0.05 0.05859375
0 0.55859375 0.7109375 0.05546875 0.0484375
0 0.24296875 0.5578125 0.05625 0.05
0 0.31015625 0.72734375 0.05859375 0.06796875