0 0.903125 0.50390625 0.071875 0.0515625
0 0.85546875 0.4015625 0.0828125 0.0578125
0 0.8203125 0.70625 0.08984375 0.05
0 0.72890625 0.67265625 0.08984375 0.06171875
0 0.3703125 0.221875 0.071875 0.03828125
0 0.3703125 0.26015625 0.071875 0.03828125
0 0.38125 0.365625 0.0921875 0.05234375
0 0.3 0.43515625 0.08984375 0.04921875
0 0.29921875 0.59375 0.090625 0.05
0 0.1109375 0.2921875 0.07265625 0.0515625
0 0.853125 0.28984375 0.071875 0.053125
0 0.68203125 0.134375 0.07890625 0.06875
0 0.75859375 0.4578125 0.08984375 0.04921875
0 0.82265625 0.08828125 0.1109375 0.05234375
0 0.76796875 0.8328125 0.10625 0.05
0 0.7328125 0.78046875 0.09140625 0.07578125