0 0.8703125 0.5265625 0.06796875 0.04921875
0 0.825 0.4296875 0.07890625 0.0546875
0 0.79140625 0.71953125 0.08515625 0.04765625
0 0.7046875 0.6875 0.08515625 0.059375
0 0.3640625 0.2578125 0.06796875 0.0359375
0 0.3640625 0.29453125 0.06796875 0.03671875
0 0.3734375 0.3953125 0.08828125 0.05
0 0.29609375 0.4609375 0.08515625 0.046875
0 0.29609375 0.6125 0.0859375 0.04765625
0 0.1171875 0.325 0.06953125 0.04921875
0 0.82265625 0.32265625 0.06796875 0.05078125
0 0.66015625 0.175 0.075 0.065625
0 0.7328125 0.4828125 0.08515625 0.046875
0 0.79375 0.13125 0.10546875 0.05
0 0.74140625 0.8390625 0.10078125 0.04765625
0 0.70859375 0.78984375 0.08671875 0.07265625