0 0.4734375 0.66328125 0.0203125 0.03828125
0 0.4734375 0.63515625 0.0203125 0.03828125
0 0.45390625 0.66328125 0.01953125 0.0375
0 0.45390625 0.63515625 0.01953125 0.03828125
0 0.36015625 0.35390625 0.02890625 0.04609375
0 0.33125 0.35390625 0.02890625 0.04609375
0 0.46796875 0.43984375 0.0296875 0.065625
0 0.49140625 0.559375 0.02734375 0.03359375
0 0.56640625 0.609375 0.0234375 0.03828125
0 0.5734375 0.26015625 0.0359375 0.028125
0 0.5734375 0.23203125 0.0359375 0.02734375
0 0.61328125 0.46953125 0.0328125 0.04609375
0 0.6265625 0.44921875 0.0328125 0.04609375
0 0.6796875 0.49921875 0.0296875 0.03828125
0 0.6796875 0.546875 0.0296875 0.03828125
0 0.63046875 0.55703125 0.02421875 0.03828125
0 0.42109375 0.4796875 0.03046875 0.03828125
0 0.40390625 0.26640625 0.025 0.028125
0 0.40390625 0.23828125 0.025 0.028125
0 0.2875 0.5375 0.04453125 0.03828125
0 0.30703125 0.746875 0.03203125 0.0453125
0 0.3453125 0.6109375 0.0296875 0.04140625
0 0.1859375 0.61171875 0.03828125 0.04375
0 0.21640625 0.61171875 0.03828125 0.04375
0 0.23203125 0.74609375 0.0328125 0.04609375
0 0.3046875 0.5984375 0.02734375 0.0546875
0 0.375 0.5984375 0.02734375 0.0546875