0 0.6390625 0.83984375 0.05703125 0.096875
0 0.6390625 0.92109375 0.05703125 0.09609375
0 0.86875 0.84921875 0.03984375 0.0640625
0 0.715625 0.8328125 0.05625 0.07109375
0 0.61171875 0.7671875 0.04375 0.05703125
0 0.43515625 0.6453125 0.04453125 0.07265625
0 0.365625 0.72265625 0.0515625 0.0578125
0 0.15078125 0.61328125 0.06640625 0.07421875
0 0.203125 0.61328125 0.06640625 0.07421875
0 0.15703125 0.72421875 0.053125 0.05703125
0 0.7015625 0.27734375 0.05703125 0.071875
0 0.503125 0.57421875 0.04375 0.06953125