0 0.08671875 0.01875 0.0484375 0.0375
0 0.290625 0.45390625 0.05859375 0.046875
0 0.290625 0.0734375 0.06015625 0.0484375
0 0.62890625 0.9640625 0.05390625 0.05859375
0 0.090625 0.50625 0.0375 0.040625
0 0.0875 0.4390625 0.040625 0.04296875
0 0.228125 0.271875 0.040625 0.04609375
0 0.0828125 0.11640625 0.04921875 0.053125
0 0.09453125 0.36171875 0.04921875 0.03984375
0 0.078125 0.465625 0.0421875 0.034375
0 0.68203125 0.69140625 0.04375 0.04609375
0 0.76796875 0.69765625 0.05078125 0.04296875
0 0.7671875 0.7546875 0.0484375 0.040625
0 0.76328125 0.8875 0.040625 0.0328125
0 0.6859375 0.76796875 0.03515625 0.03671875
0 0.62890625 0.86328125 0.05546875 0.0546875