0 0.475 0.7328125 0.0359375 0.03984375
0 0.40859375 0.28828125 0.0453125 0.0296875
0 0.2484375 0.58359375 0.040625 0.02890625
0 0.2484375 0.534375 0.04140625 0.03046875
0 0.3375 0.59453125 0.0359375 0.0359375
0 0.51875 0.62734375 0.040625 0.0296875
0 0.5234375 0.534375 0.0296875 0.0203125
0 0.48828125 0.49140625 0.03125 0.021875
0 0.36796875 0.53046875 0.034375 0.03515625
0 0.55859375 0.6796875 0.02578125 0.0265625
0 0.46953125 0.66640625 0.0328125 0.034375
0 0.51328125 0.82890625 0.03984375 0.02890625