0 0.5109375 0.815625 0.0421875 0.09453125
0 0.84375 0.3640625 0.065625 0.07109375
0 0.1140625 0.36328125 0.06171875 0.0640625
0 0.628125 0.040625 0.0421875 0.08046875
0 0.35 0.25859375 0.04296875 0.0734375
0 0.4046875 0.25859375 0.0421875 0.0734375
0 0.590625 0.3234375 0.0421875 0.0734375
0 0.725 0.32265625 0.040625 0.071875
0 0.7796875 0.26015625 0.040625 0.07109375
0 0.17890625 0.259375 0.040625 0.071875
0 0.153125 0.1875 0.04921875 0.06484375
0 0.27734375 0.59453125 0.040625 0.0546875
0 0.27734375 0.6484375 0.040625 0.05390625
0 0.27421875 0.33046875 0.04609375 0.06328125