0 0.51015625 0.7890625 0.0390625 0.08828125
0 0.82109375 0.36640625 0.0609375 0.06640625
0 0.13828125 0.365625 0.0578125 0.06015625
0 0.61953125 0.05703125 0.0390625 0.0875
0 0.359375 0.26796875 0.03984375 0.06875
0 0.41015625 0.26796875 0.0390625 0.06875
0 0.58359375 0.32890625 0.0390625 0.06875
0 0.71015625 0.32734375 0.03828125 0.0671875
0 0.7609375 0.26875 0.0375 0.06640625
0 0.19921875 0.26875 0.03828125 0.0671875
0 0.175 0.20078125 0.04609375 0.0609375
0 0.290625 0.58203125 0.0375 0.0515625
0 0.290625 0.6328125 0.0375 0.05078125
0 0.28828125 0.33515625 0.04296875 0.059375