0 0.12109375 0.078125 0.046875 0.10390625
0 0.12109375 0.028125 0.046875 0.05625
0 0.65078125 0.8859375 0.05234375 0.11171875
0 0.2453125 0.80859375 0.046875 0.103125
0 0.2453125 0.88203125 0.046875 0.10390625
0 0.10546875 0.521875 0.03671875 0.06796875
0 0.2703125 0.15859375 0.05390625 0.07265625
0 0.13984375 0.18984375 0.03828125 0.0703125
0 0.1671875 0.3296875 0.04140625 0.05625
0 0.7890625 0.35703125 0.04765625 0.08125
0 0.72890625 0.35703125 0.04765625 0.08203125
0 0.7875 0.5453125 0.0484375 0.084375
0 0.6515625 0.72421875 0.0546875 0.09375
0 0.73359375 0.65234375 0.03828125 0.06796875
0 0.81015625 0.4515625 0.04765625 0.065625