0 0.6265625 0.8671875 0.0546875 0.09140625
0 0.4109375 0.275 0.05859375 0.09765625
0 0.69453125 0.55078125 0.06875 0.0671875
0 0.8734375 0.328125 0.05859375 0.08203125
0 0.59765625 0.68125 0.05234375 0.07890625
0 0.50546875 0.6828125 0.05546875 0.08203125
0 0.42109375 0.68046875 0.05234375 0.078125
0 0.43828125 0.5078125 0.065625 0.065625
0 0.33828125 0.5890625 0.0546875 0.08125
0 0.18203125 0.690625 0.06015625 0.06015625
0 0.29921875 0.76171875 0.05703125 0.05703125
0 0.3 0.59609375 0.0578125 0.05703125
0 0.34296875 0.6984375 0.0453125 0.06328125
0 0.4828125 0.7625 0.046875 0.04765625