0 0.59296875 0.92734375 0.05703125 0.0953125
0 0.36875 0.31171875 0.0609375 0.1015625
0 0.6640625 0.5984375 0.071875 0.0703125
0 0.85 0.36640625 0.0609375 0.08515625
0 0.5625 0.734375 0.05390625 0.08203125
0 0.46640625 0.7359375 0.0578125 0.08515625
0 0.3796875 0.73359375 0.05390625 0.08125
0 0.396875 0.55390625 0.06875 0.06875
0 0.29296875 0.63828125 0.05703125 0.084375
0 0.13046875 0.74375 0.0625 0.0625
0 0.25234375 0.81796875 0.059375 0.059375
0 0.253125 0.6453125 0.06015625 0.059375
0 0.29765625 0.7515625 0.04765625 0.065625
0 0.44296875 0.81875 0.04921875 0.05