0 0.38515625 0.5921875 0.04609375 0.07109375
0 0.3890625 0.36640625 0.05234375 0.08515625
0 0.3890625 0.4515625 0.05234375 0.08515625
0 0.38359375 0.1734375 0.04296875 0.0640625
0 0.22421875 0.24921875 0.02578125 0.06953125
0 0.21328125 0.19921875 0.0296875 0.05
0 0.146875 0.459375 0.03359375 0.05546875
0 0.24609375 0.56484375 0.02109375 0.05703125
0 0.2359375 0.5875 0.03046875 0.05546875
0 0.65 0.84453125 0.034375 0.0890625
0 0.6890625 0.7125 0.028125 0.05390625
0 0.6078125 0.6578125 0.028125 0.05234375
0 0.54921875 0.42890625 0.025 0.06328125
0 0.59921875 0.434375 0.03046875 0.07421875
0 0.7078125 0.42421875 0.02109375 0.053125
0 0.79296875 0.4296875 0.02578125 0.0640625
0 0.8953125 0.196875 0.02578125 0.04609375
0 0.68125 0.190625 0.02265625 0.03984375
0 0.51796875 0.628125 0.02890625 0.05078125
0 0.540625 0.4921875 0.028125 0.046875
0 0.4734375 0.74296875 0.01796875 0.04921875
0 0.65 0.71484375 0.03515625 0.08515625