0 0.79921875 0.20859375 0.04453125 0.10390625
0 0.6078125 0.2140625 0.0390625 0.09765625
0 0.61015625 0.92421875 0.04609375 0.10859375
0 0.61015625 0.5921875 0.03828125 0.0828125
0 0.60859375 0.43203125 0.0390625 0.0828125
0 0.6109375 0.7640625 0.0453125 0.09375
0 0.71328125 0.11484375 0.05 0.07265625
0 0.15234375 0.22265625 0.0390625 0.09609375
0 0.34609375 0.5984375 0.0390625 0.08359375
0 0.2265625 0.6 0.040625 0.08515625
0 0.15078125 0.52578125 0.0390625 0.0828125
0 0.1625 0.6984375 0.0359375 0.0765625
0 0.3984375 0.50859375 0.04453125 0.07421875