0 0.07421875 0.77890625 0.028125 0.04921875
0 0.04609375 0.77890625 0.02890625 0.04921875
0 0.07421875 0.5453125 0.06640625 0.06171875
0 0.709375 0.27578125 0.05234375 0.0453125
0 0.7125 0.23515625 0.046875 0.0390625
0 0.90859375 0.39921875 0.04453125 0.06015625
0 0.7625 0.5703125 0.0390625 0.05078125
0 0.48359375 0.64296875 0.03671875 0.05390625
0 0.44609375 0.64296875 0.03671875 0.05390625
0 0.56875 0.5875 0.04765625 0.0484375
0 0.48203125 0.52421875 0.03671875 0.05546875
0 0.44453125 0.52421875 0.0375 0.05546875
0 0.39609375 0.278125 0.04921875 0.04609375
0 0.4 0.2359375 0.0421875 0.03828125
0 0.20390625 0.49921875 0.05 0.06953125
0 0.20234375 0.584375 0.04921875 0.06796875
0 0.33515625 0.58671875 0.0453125 0.06328125
0 0.23515625 0.5046875 0.05078125 0.05390625
0 0.1921875 0.6671875 0.04140625 0.0421875