0 0.084375 0.771875 0.02734375 0.0484375
0 0.05625 0.771875 0.028125 0.0484375
0 0.084375 0.540625 0.065625 0.06171875
0 0.7125 0.27421875 0.0515625 0.04453125
0 0.715625 0.23359375 0.04609375 0.03828125
0 0.909375 0.39609375 0.04375 0.059375
0 0.76484375 0.565625 0.03828125 0.05
0 0.4890625 0.6375 0.03671875 0.05390625
0 0.45234375 0.6375 0.03671875 0.05390625
0 0.5734375 0.5828125 0.046875 0.0484375
0 0.4875 0.51953125 0.03671875 0.05546875
0 0.45078125 0.51953125 0.0375 0.05546875
0 0.403125 0.27578125 0.0484375 0.04609375
0 0.40625 0.234375 0.0421875 0.0375
0 0.2125 0.49453125 0.04921875 0.06875
0 0.2109375 0.57890625 0.0484375 0.06796875
0 0.3421875 0.58125 0.04453125 0.0625
0 0.24296875 0.50078125 0.05 0.053125
0 0.20078125 0.6609375 0.040625 0.0421875