0 0.803125 0.29296875 0.03984375 0.0390625
0 0.4296875 0.2859375 0.053125 0.028125
0 0.42265625 0.54140625 0.05390625 0.0296875
0 0.38203125 0.54140625 0.05390625 0.0296875
0 0.73984375 0.55078125 0.028125 0.025
0 0.62890625 0.575 0.0375 0.03125
0 0.4859375 0.575 0.0375 0.03125
0 0.765625 0.52734375 0.028125 0.025
0 0.8421875 0.50703125 0.02890625 0.025
0 0.840625 0.40078125 0.03359375 0.028125
0 0.76796875 0.403125 0.02890625 0.025
0 0.3 0.2984375 0.03203125 0.028125
0 0.246875 0.540625 0.06015625 0.05
0 0.30703125 0.540625 0.06015625 0.05
0 0.8046875 0.54453125 0.0453125 0.028125
0 0.8484375 0.4671875 0.03515625 0.02109375