0 0.7953125 0.290625 0.04140625 0.04140625
0 0.40390625 0.2828125 0.05546875 0.02890625
0 0.39609375 0.5515625 0.05625 0.03125
0 0.35390625 0.5515625 0.05625 0.03125
0 0.72890625 0.5609375 0.0296875 0.0265625
0 0.61328125 0.58671875 0.03984375 0.0328125
0 0.46328125 0.58671875 0.03984375 0.0328125
0 0.75625 0.53671875 0.0296875 0.02578125
0 0.83671875 0.51484375 0.03046875 0.0265625
0 0.83515625 0.40390625 0.03515625 0.0296875
0 0.75859375 0.40546875 0.03046875 0.0265625
0 0.26796875 0.29609375 0.03359375 0.0296875
0 0.2125 0.55 0.0625 0.05234375
0 0.275 0.55 0.0625 0.05234375
0 0.79765625 0.5546875 0.04765625 0.0296875
0 0.84296875 0.4734375 0.03671875 0.021875