0 0.18203125 0.25859375 0.0453125 0.053125
0 0.08125 0.5359375 0.03359375 0.06953125
0 0.62265625 0.2390625 0.03359375 0.06875
0 0.62265625 0.1875 0.03359375 0.06796875
0 0.46640625 0.1875 0.034375 0.06875
0 0.38671875 0.2390625 0.03359375 0.06875
0 0.38671875 0.1875 0.03359375 0.06796875
0 0.4625 0.89296875 0.03359375 0.06875
0 0.86484375 0.4984375 0.03359375 0.059375
0 0.865625 0.63125 0.0328125 0.05859375
0 0.9375 0.63125 0.0328125 0.05859375
0 0.47734375 0.54921875 0.03359375 0.059375
0 0.66796875 0.55 0.034375 0.0609375
0 0.765625 0.54921875 0.0328125 0.05859375
0 0.409375 0.78046875 0.0390625 0.05078125
0 0.46328125 0.790625 0.0328125 0.0578125
0 0.64609375 0.40546875 0.05078125 0.07734375
0 0.590625 0.3890625 0.0328125 0.0578125