0 0.9171875 0.16640625 0.0375 0.08046875
0 0.7875 0.1671875 0.03671875 0.07890625
0 0.83359375 0.80703125 0.03828125 0.0796875
0 0.79375 0.6078125 0.03828125 0.05234375
0 0.82734375 0.50234375 0.03984375 0.0546875
0 0.8265625 0.41328125 0.03828125 0.0515625
0 0.7515625 0.4125 0.03984375 0.0546875
0 0.7125 0.35390625 0.0328125 0.06015625
0 0.7015625 0.5484375 0.03359375 0.06015625
0 0.83359375 0.71328125 0.0375 0.06640625
0 0.29140625 0.16875 0.03671875 0.07890625
0 0.16015625 0.16875 0.03671875 0.07890625
0 0.28515625 0.36953125 0.0390625 0.05390625
0 0.16015625 0.48515625 0.0265625 0.06015625
0 0.16328125 0.33984375 0.03359375 0.06015625
0 0.159375 0.425 0.0375 0.05234375