0 0.7640625 0.32734375 0.03046875 0.0453125
0 0.73671875 0.65078125 0.021875 0.0515625
0 0.67421875 0.65078125 0.021875 0.0515625
0 0.89765625 0.390625 0.021875 0.05
0 0.81171875 0.43359375 0.02109375 0.04921875
0 0.33671875 0.8203125 0.021875 0.0609375
0 0.38984375 0.07421875 0.02265625 0.06328125
0 0.30078125 0.59296875 0.02578125 0.04453125
0 0.35 0.771875 0.0171875 0.02734375
0 0.20703125 0.7203125 0.02109375 0.04921875
0 0.18046875 0.65234375 0.025 0.04453125
0 0.39921875 0.65 0.025 0.0421875
0 0.36328125 0.64453125 0.021875 0.0515625