0 0.94375 0.46796875 0.11171875 0.115625
0 0.9046875 0.51328125 0.1140625 0.11640625
0 0.5609375 0.95859375 0.0640625 0.08203125
0 0.5609375 0.90703125 0.0640625 0.10546875
0 0.58515625 0.8203125 0.0734375 0.06171875
0 0.88515625 0.728125 0.0625 0.06015625
0 0.653125 0.44921875 0.10078125 0.103125
0 0.73984375 0.48671875 0.0515625 0.05703125
0 0.56640625 0.2234375 0.05703125 0.046875
0 0.5546875 0.18359375 0.04765625 0.05859375
0 0.45703125 0.20859375 0.09296875 0.09296875
0 0.1671875 0.24609375 0.04765625 0.06875
0 0.11875 0.24609375 0.04765625 0.06875
0 0.403125 0.7171875 0.06796875 0.04609375
0 0.40390625 0.7640625 0.0671875 0.0453125
0 0.27734375 0.54609375 0.04609375 0.05703125
0 0.2296875 0.54609375 0.046875 0.05703125
0 0.91953125 0.9046875 0.03671875 0.04609375