0 0.65546875 0.21953125 0.0359375 0.0734375
0 0.534375 0.21953125 0.0359375 0.07421875
0 0.61171875 0.79296875 0.03359375 0.0703125
0 0.65 0.61484375 0.0359375 0.04609375
0 0.61953125 0.51953125 0.0359375 0.04609375
0 0.61953125 0.440625 0.0359375 0.04609375
0 0.6125 0.70859375 0.034375 0.05859375
0 0.73671875 0.559375 0.03203125 0.05625
0 0.690625 0.43984375 0.03515625 0.04609375
0 0.72578125 0.38984375 0.03203125 0.05546875
0 0.24140625 0.21796875 0.0359375 0.07734375
0 0.11640625 0.21796875 0.0359375 0.07734375
0 0.240625 0.5 0.02421875 0.053125
0 0.12265625 0.4 0.03515625 0.04609375
0 0.2375 0.37421875 0.03046875 0.053125
0 0.24296875 0.4484375 0.03828125 0.04765625