0 0.3578125 0.2453125 0.03671875 0.07578125
0 0.4828125 0.2453125 0.03671875 0.0765625
0 0.40234375 0.83671875 0.03515625 0.071875
0 0.36328125 0.653125 0.03671875 0.04765625
0 0.3953125 0.5546875 0.03671875 0.04765625
0 0.3953125 0.4734375 0.03671875 0.04765625
0 0.40234375 0.75 0.0359375 0.06015625
0 0.27421875 0.59609375 0.03359375 0.0578125
0 0.321875 0.47265625 0.0359375 0.046875
0 0.2859375 0.42109375 0.03359375 0.0578125
0 0.78515625 0.24375 0.0375 0.0796875
0 0.91328125 0.24375 0.0375 0.0796875
0 0.78515625 0.534375 0.025 0.0546875
0 0.90703125 0.43125 0.0359375 0.046875
0 0.7890625 0.4046875 0.03125 0.0546875
0 0.78359375 0.48125 0.0390625 0.04921875