0 0.85234375 0.61875 0.0703125 0.0609375
0 0.3875 0.86328125 0.06953125 0.07109375
0 0.3828125 0.22421875 0.0671875 0.06640625
0 0.43984375 0.62578125 0.07734375 0.0453125
0 0.50078125 0.7125 0.0703125 0.040625
0 0.50859375 0.3921875 0.08671875 0.05234375
0 0.365625 0.659375 0.06875 0.040625
0 0.30390625 0.7171875 0.078125 0.04765625
0 0.14140625 0.70546875 0.05234375 0.04375
0 0.559375 0.6125 0.05078125 0.04296875
0 0.6625 0.61640625 0.06328125 0.05078125
0 0.57578125 0.525 0.0828125 0.05859375