0 0.5328125 0.1109375 0.03984375 0.0796875
0 0.62265625 0.76640625 0.04453125 0.08828125
0 0.68984375 0.54140625 0.05859375 0.08359375
0 0.6921875 0.3703125 0.0390625 0.06171875
0 0.72109375 0.4578125 0.04375 0.05546875
0 0.62421875 0.58203125 0.04453125 0.06953125
0 0.32265625 0.29921875 0.04375 0.05625
0 0.32265625 0.72890625 0.04296875 0.0546875
0 0.27421875 0.69921875 0.0390625 0.06171875
0 0.1375 0.44453125 0.05546875 0.05546875
0 0.26875 0.5921875 0.04609375 0.05546875
0 0.1375 0.71953125 0.05546875 0.05625
0 0.30546875 0.36484375 0.0390625 0.06171875