0 0.2578125 0.23828125 0.021875 0.04140625
0 0.33671875 0.2046875 0.01953125 0.03828125
0 0.26953125 0.71015625 0.0203125 0.02734375
0 0.34453125 0.7703125 0.021875 0.0296875
0 0.38984375 0.8125 0.025 0.04609375
0 0.41484375 0.8125 0.025 0.04609375
0 0.33359375 0.6 0.01953125 0.03828125
0 0.246875 0.565625 0.0234375 0.04375
0 0.246875 0.603125 0.0234375 0.04375
0 0.10703125 0.32734375 0.021875 0.03046875
0 0.184375 0.42265625 0.02265625 0.03203125
0 0.24609375 0.51328125 0.021875 0.040625
0 0.3203125 0.50859375 0.0171875 0.0328125
0 0.23984375 0.5140625 0.01953125 0.02734375
0 0.26875 0.51484375 0.01796875 0.025
0 0.2890625 0.3859375 0.01875 0.0359375
0 0.79375 0.575 0.015625 0.0328125
0 0.68984375 0.4796875 0.015625 0.03359375
0 0.55234375 0.33671875 0.0234375 0.0328125
0 0.71328125 0.4265625 0.02421875 0.03359375
0 0.5875 0.36328125 0.01640625 0.0328125