0 0.2640625 0.2390625 0.02109375 0.040625
0 0.34140625 0.20546875 0.01875 0.0375
0 0.27578125 0.7 0.0203125 0.0265625
0 0.3484375 0.75859375 0.021875 0.02890625
0 0.39296875 0.79921875 0.02421875 0.0453125
0 0.4171875 0.79921875 0.02421875 0.0453125
0 0.33828125 0.5921875 0.01953125 0.0375
0 0.253125 0.55859375 0.02265625 0.04296875
0 0.253125 0.5953125 0.02265625 0.04296875
0 0.11640625 0.32578125 0.021875 0.03046875
0 0.19296875 0.41875 0.02265625 0.03125
0 0.25234375 0.50703125 0.021875 0.03984375
0 0.325 0.503125 0.01640625 0.03203125
0 0.246875 0.5078125 0.01875 0.0265625
0 0.27421875 0.509375 0.0171875 0.025
0 0.29453125 0.38359375 0.01875 0.03515625
0 0.78828125 0.5671875 0.015625 0.03203125
0 0.68671875 0.47421875 0.01484375 0.0328125
0 0.55234375 0.33515625 0.0234375 0.03203125
0 0.709375 0.42265625 0.02421875 0.0328125
0 0.58671875 0.3609375 0.01640625 0.03203125