0 0.1078125 0.4796875 0.06328125 0.05546875
0 0.75078125 0.54609375 0.065625 0.059375
0 0.4140625 0.80703125 0.0546875 0.09375
0 0.196875 0.4609375 0.04453125 0.0625
0 0.3890625 0.4046875 0.0453125 0.06328125
0 0.45625 0.4609375 0.04375 0.0609375
0 0.52421875 0.2109375 0.04140625 0.046875
0 0.4703125 0.14453125 0.04296875 0.07734375
0 0.16484375 0.321875 0.04375 0.0609375
0 0.41171875 0.690625 0.05078125 0.0703125
0 0.74140625 0.42890625 0.046875 0.05390625
0 0.321875 0.6203125 0.0484375 0.05546875
0 0.32109375 0.48203125 0.04921875 0.05625