0 0.08359375 0.4765625 0.0671875 0.059375
0 0.76640625 0.546875 0.06953125 0.0625
0 0.409375 0.825 0.0578125 0.09921875
0 0.178125 0.4578125 0.04765625 0.06640625
0 0.38203125 0.396875 0.0484375 0.0671875
0 0.45390625 0.45703125 0.046875 0.06484375
0 0.52578125 0.19140625 0.04453125 0.05
0 0.46875 0.12109375 0.04609375 0.08203125
0 0.14375 0.309375 0.046875 0.06484375
0 0.40625 0.70078125 0.05390625 0.07421875
0 0.75625 0.4234375 0.05 0.05703125
0 0.3109375 0.6265625 0.0515625 0.059375
0 0.31015625 0.4796875 0.05234375 0.06015625