0 0.61015625 0.84609375 0.04765625 0.10859375
0 0.91640625 0.275 0.04140625 0.096875
0 0.1921875 0.17421875 0.04375 0.08125
0 0.196875 0.30625 0.0484375 0.0703125
0 0.28515625 0.54921875 0.0453125 0.06796875
0 0.28515625 0.14765625 0.0453125 0.06796875
0 0.09921875 0.13515625 0.05859375 0.0671875
0 0.73671875 0.50625 0.0453125 0.06796875
0 0.6859375 0.31875 0.0421875 0.078125
0 0.628125 0.31796875 0.04375 0.0796875
0 0.6078125 0.59375 0.04765625 0.0859375
0 0.67109375 0.521875 0.040625 0.07421875
0 0.621875 0.75 0.0453125 0.06796875