0 0.20546875 0.146875 0.046875 0.06953125
0 0.2734375 0.846875 0.04609375 0.06875
0 0.6203125 0.846875 0.04609375 0.06875
0 0.7140625 0.63125 0.0671875 0.046875
0 0.84765625 0.603125 0.0453125 0.06796875
0 0.19140625 0.6875 0.04765625 0.04296875
0 0.27421875 0.74375 0.046875 0.05546875
0 0.30546875 0.7265625 0.01484375 0.021875
0 0.62265625 0.64140625 0.04140625 0.05
0 0.41015625 0.68359375 0.0390625 0.04765625
0 0.51953125 0.578125 0.03984375 0.0484375
0 0.41796875 0.61640625 0.04765625 0.04296875
0 0.38984375 0.578125 0.040625 0.0484375
0 0.509375 0.13515625 0.04296875 0.03828125
0 0.5109375 0.3625 0.04609375 0.04140625
0 0.5125 0.20859375 0.0484375 0.04375
0 0.5453125 0.2234375 0.03515625 0.0421875
0 0.565625 0.52734375 0.0453125 0.04140625
0 0.7984375 0.5078125 0.04375 0.03828125