0 0.77265625 0.184375 0.05 0.075
0 0.69921875 0.93515625 0.04921875 0.0734375
0 0.32734375 0.93515625 0.04921875 0.07421875
0 0.22734375 0.70390625 0.071875 0.05078125
0 0.08359375 0.6734375 0.0484375 0.07265625
0 0.78671875 0.7640625 0.05078125 0.04609375
0 0.6984375 0.82421875 0.05078125 0.059375
0 0.66484375 0.80625 0.015625 0.0234375
0 0.325 0.7140625 0.04453125 0.053125
0 0.55234375 0.759375 0.0421875 0.0515625
0 0.4359375 0.646875 0.04296875 0.0515625
0 0.54453125 0.6875 0.05078125 0.04609375
0 0.575 0.646875 0.04375 0.05234375
0 0.44609375 0.171875 0.04609375 0.04140625
0 0.44453125 0.415625 0.04921875 0.04453125
0 0.44296875 0.25078125 0.05234375 0.04765625
0 0.4078125 0.26640625 0.0375 0.0453125
0 0.3859375 0.5921875 0.04921875 0.04453125
0 0.13671875 0.57109375 0.046875 0.04140625