0 0.43046875 0.17578125 0.07265625 0.103125
0 0.16875 0.7625 0.06328125 0.06328125
0 0.8078125 0.8984375 0.04765625 0.0953125
0 0.8609375 0.5125 0.046875 0.05859375
0 0.8609375 0.6453125 0.04765625 0.059375
0 0.8078125 0.45078125 0.03203125 0.0515625
0 0.71640625 0.7109375 0.04140625 0.065625
0 0.80703125 0.77265625 0.04609375 0.0734375
0 0.384375 0.7640625 0.046875 0.06015625
0 0.384375 0.43203125 0.046875 0.059375
0 0.2890625 0.61640625 0.04375 0.05078125
0 0.27890625 0.72734375 0.04296875 0.0671875
0 0.284375 0.44765625 0.0328125 0.0546875