0 0.3609375 0.190625 0.075 0.10625
0 0.090625 0.7953125 0.065625 0.065625
0 0.74921875 0.934375 0.04921875 0.0984375
0 0.80390625 0.53828125 0.0484375 0.06015625
0 0.8046875 0.67421875 0.04921875 0.0609375
0 0.74921875 0.47421875 0.0328125 0.053125
0 0.65546875 0.7421875 0.0421875 0.0671875
0 0.7484375 0.80546875 0.04765625 0.07578125
0 0.3125 0.796875 0.0484375 0.06171875
0 0.3125 0.4546875 0.0484375 0.0609375
0 0.2140625 0.64453125 0.0453125 0.05234375
0 0.20390625 0.75859375 0.04453125 0.06875
0 0.21015625 0.47109375 0.034375 0.05625