0 0.33828125 0.4546875 0.0390625 0.046875
0 0.33828125 0.50234375 0.0390625 0.04609375
0 0.08671875 0.30703125 0.0359375 0.06640625
0 0.06953125 0.81953125 0.0359375 0.0515625
0 0.07109375 0.70703125 0.03984375 0.05859375
0 0.071875 0.56953125 0.040625 0.059375
0 0.07734375 0.89921875 0.0390625 0.0828125
0 0.0765625 0.77421875 0.0390625 0.07109375
0 0.7359375 0.45 0.03671875 0.04765625
0 0.7359375 0.49765625 0.03671875 0.04765625
0 0.56015625 0.61015625 0.03515625 0.065625
0 0.66953125 0.803125 0.034375 0.04375
0 0.6859375 0.74375 0.0359375 0.06640625
0 0.67109375 0.640625 0.0328125 0.04453125
0 0.54765625 0.546875 0.03984375 0.0578125
0 0.60703125 0.3421875 0.0359375 0.0671875
0 0.559375 0.3421875 0.03671875 0.0671875
0 0.68671875 0.6109375 0.0359375 0.0671875