0 0.640625 0.4671875 0.03984375 0.04765625
0 0.640625 0.515625 0.03984375 0.046875
0 0.89609375 0.3171875 0.03671875 0.0671875
0 0.91328125 0.8375 0.03671875 0.05234375
0 0.91171875 0.7234375 0.040625 0.059375
0 0.91171875 0.584375 0.04140625 0.06015625
0 0.90546875 0.91875 0.03984375 0.084375
0 0.90625 0.79140625 0.03984375 0.07265625
0 0.23515625 0.4625 0.0375 0.0484375
0 0.23515625 0.5109375 0.0375 0.0484375
0 0.4140625 0.625 0.0359375 0.06640625
0 0.30234375 0.82109375 0.034375 0.04453125
0 0.2859375 0.7609375 0.03671875 0.0671875
0 0.3015625 0.65625 0.03359375 0.0453125
0 0.4265625 0.5609375 0.040625 0.05859375
0 0.36640625 0.35234375 0.03671875 0.06796875
0 0.41484375 0.35234375 0.0375 0.06796875
0 0.28515625 0.62578125 0.03671875 0.06796875