0 0.4140625 0.496875 0.028125 0.05078125
0 0.57578125 0.7546875 0.02265625 0.07265625
0 0.73046875 0.41484375 0.0265625 0.046875
0 0.69921875 0.40625 0.01484375 0.0421875
0 0.646875 0.4109375 0.0203125 0.0578125
0 0.63828125 0.359375 0.02109375 0.040625
0 0.5984375 0.5015625 0.01953125 0.05390625
0 0.646875 0.48671875 0.0296875 0.07109375
0 0.64609375 0.565625 0.0296875 0.071875
0 0.81328125 0.23671875 0.02734375 0.053125
0 0.95234375 0.23828125 0.0265625 0.0515625
0 0.1875 0.74921875 0.01875 0.06328125
0 0.1359375 0.5609375 0.0234375 0.04765625
0 0.1890625 0.46640625 0.0171875 0.04921875
0 0.159375 0.421875 0.01953125 0.05546875
0 0.24296875 0.51484375 0.02578125 0.065625