0 0.22890625 0.18359375 0.05703125 0.0640625
0 0.2328125 0.7796875 0.059375 0.06328125
0 0.21484375 0.84921875 0.05703125 0.0484375
0 0.20703125 0.7796875 0.0421875 0.034375
0 0.24765625 0.45390625 0.046875 0.03671875
0 0.2328125 0.70234375 0.05625 0.05625
0 0.16875 0.6578125 0.040625 0.04140625
0 0.6515625 0.23671875 0.059375 0.06875
0 0.72109375 0.5203125 0.05390625 0.04296875
0 0.72421875 0.46171875 0.06015625 0.0484375
0 0.7640625 0.6296875 0.03828125 0.04140625
0 0.6640625 0.5703125 0.053125 0.053125
0 0.6640625 0.4046875 0.053125 0.0546875