0 0.7515625 0.20625 0.05546875 0.06171875
0 0.74765625 0.78046875 0.05703125 0.0609375
0 0.76484375 0.84765625 0.05546875 0.04609375
0 0.771875 0.78046875 0.040625 0.03359375
0 0.7328125 0.46640625 0.0453125 0.0359375
0 0.74765625 0.70625 0.05390625 0.05390625
0 0.809375 0.66328125 0.0390625 0.03984375
0 0.34375 0.25703125 0.05703125 0.065625
0 0.2765625 0.53046875 0.05234375 0.04140625
0 0.2734375 0.47421875 0.05859375 0.046875
0 0.23515625 0.6359375 0.03671875 0.03984375
0 0.33125 0.57890625 0.0515625 0.0515625
0 0.33125 0.41875 0.0515625 0.053125