0 0.13125 0.55703125 0.08359375 0.0625
0 0.515625 0.5359375 0.053125 0.07578125
0 0.50703125 0.6921875 0.08828125 0.065625
0 0.58828125 0.81640625 0.10859375 0.08671875
0 0.58828125 0.90234375 0.10859375 0.0859375
0 0.37890625 0.19296875 0.05 0.059375
0 0.22578125 0.2359375 0.0359375 0.0453125
0 0.69140625 0.19296875 0.04921875 0.05859375
0 0.60859375 0.240625 0.04609375 0.05546875
0 0.8703125 0.0390625 0.0640625 0.0546875
0 0.81640625 0.0390625 0.0640625 0.0546875
0 0.55859375 0.07578125 0.04609375 0.0375
0 0.55859375 0.03046875 0.0453125 0.03671875
0 0.675 0.02890625 0.04453125 0.03671875
0 0.675 0.07578125 0.04609375 0.0375
0 0.275 0.0421875 0.0546875 0.04609375
0 0.4921875 0.471875 0.059375 0.0484375
0 0.43515625 0.4609375 0.04453125 0.05546875
0 0.3328125 0.40234375 0.03984375 0.03046875
0 0.33046875 0.35859375 0.04375 0.034375
0 0.375 0.2609375 0.0625 0.053125
0 0.5125 0.353125 0.0578125 0.06875
0 0.64296875 0.29765625 0.05234375 0.06328125
0 0.3421875 0.5046875 0.0546875 0.04609375
0 0.43046875 0.51875 0.04453125 0.05234375
0 0.42734375 0.6609375 0.05234375 0.06171875
0 0.20625 0.62890625 0.05078125 0.05859375
0 0.0265625 0.4640625 0.05078125 0.05859375