0 0.1265625 0.58046875 0.084375 0.06328125
0 0.515625 0.559375 0.05390625 0.0765625
0 0.50703125 0.7171875 0.0890625 0.06640625
0 0.5890625 0.84296875 0.11015625 0.0875
0 0.5890625 0.93046875 0.11015625 0.0875
0 0.37734375 0.21171875 0.05078125 0.06015625
0 0.22265625 0.25546875 0.03671875 0.04609375
0 0.69375 0.2125 0.05 0.059375
0 0.61015625 0.26015625 0.04609375 0.05625
0 0.875 0.05703125 0.06484375 0.0546875
0 0.81953125 0.05703125 0.06484375 0.0546875
0 0.55859375 0.09375 0.04609375 0.03828125
0 0.559375 0.04765625 0.04609375 0.03671875
0 0.6765625 0.046875 0.0453125 0.03671875
0 0.67734375 0.09375 0.04609375 0.03828125
0 0.271875 0.059375 0.05546875 0.046875
0 0.4921875 0.49453125 0.06015625 0.04921875
0 0.434375 0.48359375 0.0453125 0.05625
0 0.33125 0.42421875 0.040625 0.03125
0 0.32890625 0.38046875 0.04453125 0.03515625
0 0.3734375 0.28046875 0.06328125 0.05390625
0 0.51328125 0.37421875 0.05859375 0.06953125
0 0.64453125 0.31796875 0.053125 0.0640625
0 0.33984375 0.52734375 0.05546875 0.046875
0 0.4296875 0.5421875 0.0453125 0.05234375
0 0.4265625 0.6859375 0.053125 0.0625
0 0.203125 0.653125 0.05078125 0.059375
0 0.0234375 0.48671875 0.046875 0.059375