0 0.73828125 0.27109375 0.021875 0.028125
0 0.5375 0.28359375 0.0171875 0.04296875
0 0.5203125 0.28359375 0.0171875 0.04296875
0 0.35546875 0.35390625 0.021875 0.028125
0 0.35546875 0.596875 0.02265625 0.02890625
0 0.6203125 0.671875 0.0171875 0.04296875
0 0.765625 0.55546875 0.01484375 0.03984375
0 0.75625 0.46171875 0.01875 0.02890625
0 0.759375 0.31015625 0.015625 0.03359375
0 0.61953125 0.52734375 0.0171875 0.03671875
0 0.66171875 0.5578125 0.015625 0.03359375
0 0.67421875 0.49453125 0.025 0.0453125
0 0.6953125 0.41796875 0.015625 0.03359375
0 0.6515625 0.446875 0.01640625 0.034375
0 0.7 0.4609375 0.01875 0.02890625
0 0.49140625 0.6109375 0.01875 0.0296875
0 0.375 0.5515625 0.0140625 0.03046875
0 0.44140625 0.5765625 0.01328125 0.02890625
0 0.47265625 0.45859375 0.01484375 0.03203125
0 0.45390625 0.425 0.01875 0.0296875
0 0.453125 0.4828125 0.021875 0.03984375
0 0.13203125 0.61875 0.01640625 0.040625
0 0.1484375 0.61875 0.01640625 0.040625
0 0.28359375 0.5390625 0.0140625 0.0375