0 0.2203125 0.284375 0.0234375 0.0296875
0 0.43203125 0.29765625 0.01796875 0.0453125
0 0.45 0.29765625 0.01796875 0.0453125
0 0.62265625 0.37109375 0.0234375 0.0296875
0 0.6234375 0.62734375 0.0234375 0.03046875
0 0.34453125 0.70625 0.01796875 0.0453125
0 0.19140625 0.58359375 0.015625 0.0421875
0 0.2015625 0.48515625 0.0203125 0.03046875
0 0.1984375 0.32578125 0.01640625 0.03515625
0 0.3453125 0.5546875 0.01796875 0.0390625
0 0.30078125 0.58671875 0.01640625 0.03515625
0 0.2875 0.5203125 0.02578125 0.04765625
0 0.265625 0.4390625 0.01640625 0.03515625
0 0.3109375 0.46953125 0.0171875 0.0359375
0 0.2609375 0.484375 0.01953125 0.03046875
0 0.48046875 0.6421875 0.01953125 0.03125
0 0.60234375 0.5796875 0.01484375 0.03203125
0 0.5328125 0.60546875 0.0140625 0.03046875
0 0.5 0.48203125 0.015625 0.03359375
0 0.51953125 0.446875 0.01953125 0.03125
0 0.5203125 0.5078125 0.02265625 0.0421875
0 0.85859375 0.65078125 0.0171875 0.04296875
0 0.84140625 0.65078125 0.0171875 0.04296875
0 0.6984375 0.5671875 0.01484375 0.03984375