0 0.734375 0.06484375 0.02890625 0.09609375
0 0.77265625 0.80234375 0.03125 0.10390625
0 0.846875 0.41015625 0.02890625 0.0765625
0 0.840625 0.15703125 0.0328125 0.06875
0 0.77265625 0.5765625 0.03203125 0.0875
0 0.85078125 0.58203125 0.02890625 0.07734375
0 0.89609375 0.65234375 0.03046875 0.08203125
0 0.90234375 0.49609375 0.03125 0.0703125
0 0.23671875 0.80703125 0.0296875 0.08671875
0 0.321875 0.5421875 0.0328125 0.0703125
0 0.321875 0.44921875 0.0328125 0.07109375
0 0.17421875 0.540625 0.03203125 0.06875
0 0.203125 0.6328125 0.03203125 0.06953125
0 0.06171875 0.6 0.0296875 0.08046875
0 0.2890625 0.43984375 0.02890625 0.07734375