0 0.53671875 0.8015625 0.05 0.0734375
0 0.56953125 0.784375 0.01640625 0.03984375
0 0.85625 0.71796875 0.07421875 0.04375
0 0.85078125 0.66953125 0.084375 0.053125
0 0.53203125 0.01484375 0.0390625 0.0296875
0 0.56171875 0.01484375 0.02109375 0.0296875
0 0.4015625 0.7125 0.0390625 0.0453125
0 0.43125 0.72265625 0.01953125 0.02578125
0 0.51171875 0.65625 0.0515625 0.0453125
0 0.51171875 0.50546875 0.0515625 0.0453125
0 0.46640625 0.28359375 0.0515625 0.0453125
0 0.465625 0.17109375 0.0515625 0.04609375
0 0.6375 0.10078125 0.03984375 0.04609375
0 0.565625 0.09375 0.0453125 0.0390625
0 0.77734375 0.225 0.04765625 0.05703125
0 0.82109375 0.2203125 0.0390625 0.04765625
0 0.6859375 0.1015625 0.0390625 0.0453125