0 0.90234375 0.134375 0.0296875 0.07265625
0 0.4421875 0.51640625 0.02890625 0.07109375
0 0.81796875 0.71875 0.0296875 0.07265625
0 0.89453125 0.51796875 0.02890625 0.071875
0 0.94140625 0.403125 0.0265625 0.053125
0 0.89765625 0.35625 0.02734375 0.05234375
0 0.77734375 0.35703125 0.0265625 0.0515625
0 0.73359375 0.35625 0.02734375 0.053125
0 0.53046875 0.403125 0.02734375 0.05390625
0 0.4859375 0.415625 0.0296875 0.0453125
0 0.57109375 0.34375 0.03046875 0.04609375
0 0.48515625 0.3421875 0.02890625 0.04375
0 0.4234375 0.36640625 0.03046875 0.0453125
0 0.42265625 0.23828125 0.0328125 0.0453125
0 0.028125 0.23046875 0.0390625 0.0515625
0 0.15 0.36171875 0.0375 0.05
0 0.18828125 0.30078125 0.02734375 0.05390625