0 0.84375 0.1453125 0.0265625 0.09140625
0 0.5578125 0.3046875 0.04140625 0.0625
0 0.6015625 0.72265625 0.040625 0.12109375
0 0.64140625 0.72265625 0.040625 0.12109375
0 0.79375 0.8859375 0.02890625 0.096875
0 0.79453125 0.77265625 0.028125 0.07734375
0 0.85 0.715625 0.0203125 0.05625
0 0.9171875 0.5453125 0.02421875 0.065625
0 0.95703125 0.3078125 0.028125 0.04453125
0 0.9921875 0.3234375 0.015625 0.05625
0 0.171875 0.3296875 0.02578125 0.0703125
0 0.1328125 0.40078125 0.03125 0.06015625
0 0.26484375 0.70390625 0.0296875 0.05625
0 0.41015625 0.59609375 0.03203125 0.06328125
0 0.3875 0.53046875 0.021875 0.0390625
0 0.409375 0.4265625 0.03125 0.06015625