0 0.78828125 0.09765625 0.0265625 0.0921875
0 0.5015625 0.25859375 0.0421875 0.0625
0 0.54453125 0.67890625 0.040625 0.121875
0 0.58515625 0.67890625 0.040625 0.121875
0 0.73828125 0.84296875 0.02890625 0.09765625
0 0.98828125 0.36640625 0.0234375 0.06328125
0 0.7390625 0.728125 0.02890625 0.078125
0 0.7953125 0.67109375 0.0203125 0.05703125
0 0.86328125 0.5 0.02421875 0.065625
0 0.903125 0.2609375 0.028125 0.04453125
0 0.93984375 0.2765625 0.0203125 0.05703125
0 0.11328125 0.28359375 0.0265625 0.07109375
0 0.0734375 0.3546875 0.03125 0.0609375
0 0.20625 0.659375 0.0296875 0.05703125
0 0.35234375 0.5515625 0.03203125 0.06328125
0 0.3296875 0.484375 0.021875 0.03984375
0 0.35234375 0.38046875 0.03125 0.0609375