0 0.259375 0.80390625 0.0296875 0.0796875
0 0.025 0.70078125 0.03828125 0.053125
0 0.29609375 0.43671875 0.0390625 0.05390625
0 0.0765625 0.4015625 0.0234375 0.05390625
0 0.221875 0.640625 0.03359375 0.05546875
0 0.2484375 0.40390625 0.028125 0.0453125
0 0.246875 0.4953125 0.02578125 0.040625
0 0.165625 0.496875 0.02578125 0.03984375
0 0.13046875 0.3765625 0.0203125 0.0453125
0 0.33203125 0.496875 0.028125 0.059375
0 0.25859375 0.70703125 0.02890625 0.0625
0 0.13828125 0.50625 0.02109375 0.04609375
0 0.78828125 0.7015625 0.0328125 0.046875
0 0.64921875 0.4703125 0.0265625 0.04140625
0 0.62421875 0.4109375 0.0328125 0.05234375
0 0.5265625 0.42265625 0.02265625 0.0484375
0 0.6578125 0.32578125 0.02890625 0.06171875
0 0.65859375 0.2015625 0.0296875 0.07890625