0 0.25390625 0.8171875 0.02890625 0.0765625
0 0.02734375 0.71796875 0.03671875 0.0515625
0 0.28828125 0.4640625 0.0375 0.0515625
0 0.07734375 0.43046875 0.02265625 0.0515625
0 0.2171875 0.66015625 0.03203125 0.053125
0 0.24296875 0.4328125 0.02734375 0.04296875
0 0.24140625 0.5203125 0.025 0.0390625
0 0.16328125 0.52109375 0.02421875 0.03828125
0 0.1296875 0.40546875 0.01953125 0.04296875
0 0.3234375 0.52109375 0.0265625 0.05703125
0 0.25234375 0.7234375 0.028125 0.06015625
0 0.13671875 0.53046875 0.0203125 0.04453125
0 0.76171875 0.71875 0.03125 0.0453125
0 0.62890625 0.49609375 0.025 0.03984375
0 0.6046875 0.4390625 0.03125 0.05078125
0 0.51015625 0.45 0.02109375 0.046875
0 0.63671875 0.35703125 0.028125 0.059375
0 0.6375 0.2375 0.02890625 0.07578125