0 0.57421875 0.14609375 0.0578125 0.06953125
0 0.76328125 0.81484375 0.06796875 0.0765625
0 0.8671875 0.8109375 0.0578125 0.06796875
0 0.2796875 0.3828125 0.0671875 0.05078125
0 0.33984375 0.45078125 0.0671875 0.05078125
0 0.2796875 0.61953125 0.06796875 0.0515625
0 0.140625 0.39921875 0.0515625 0.05
0 0.840625 0.61953125 0.0671875 0.05078125
0 0.8375 0.47109375 0.06171875 0.04453125
0 0.76484375 0.67890625 0.0671875 0.06328125
0 0.84921875 0.5640625 0.059375 0.05703125
0 0.68828125 0.2546875 0.06796875 0.05078125