0 0.83359375 0.0421875 0.0265625 0.084375
0 0.67265625 0.86875 0.02890625 0.096875
0 0.98828125 0.721875 0.0234375 0.065625
0 0.8671875 0.72109375 0.02890625 0.065625
0 0.8671875 0.29609375 0.0296875 0.0671875
0 0.89765625 0.709375 0.0265625 0.07578125
0 0.90390625 0.5890625 0.02578125 0.05546875
0 0.6265625 0.6140625 0.03984375 0.1
0 0.671875 0.65703125 0.0296875 0.08203125
0 0.63046875 0.4140625 0.0265625 0.0796875
0 0.61015625 0.5125 0.02890625 0.0640625
0 0.4609375 0.5125 0.03671875 0.06953125
0 0.36015625 0.39765625 0.02890625 0.06484375
0 0.265625 0.58359375 0.0296875 0.06484375
0 0.15625 0.51484375 0.03046875 0.0671875