0 0.1640625 0.0828125 0.02578125 0.08828125
0 0.3203125 0.8890625 0.028125 0.09453125
0 0.01171875 0.7453125 0.0234375 0.0625
0 0.13046875 0.7453125 0.028125 0.06328125
0 0.13125 0.33203125 0.02890625 0.06484375
0 0.10078125 0.734375 0.02578125 0.07421875
0 0.0953125 0.6171875 0.025 0.05390625
0 0.36484375 0.64140625 0.0390625 0.09765625
0 0.32109375 0.68359375 0.02890625 0.0796875
0 0.3609375 0.44609375 0.02578125 0.07734375
0 0.38046875 0.5421875 0.028125 0.0625
0 0.52578125 0.5421875 0.0359375 0.06796875
0 0.6234375 0.43046875 0.028125 0.0625
0 0.715625 0.61171875 0.02890625 0.0625
0 0.821875 0.5453125 0.0296875 0.06484375