0 0.20234375 0.66953125 0.04140625 0.03984375
0 0.21796875 0.64765625 0.02734375 0.06328125
0 0.165625 0.37265625 0.02890625 0.04921875
0 0.103125 0.66328125 0.0265625 0.046875
0 0.2328125 0.35078125 0.0265625 0.04609375
0 0.4890625 0.73125 0.0296875 0.06640625
0 0.5546875 0.2125 0.02890625 0.06484375
0 0.4734375 0.565625 0.03359375 0.04375
0 0.8046875 0.37734375 0.02578125 0.04375
0 0.803125 0.54296875 0.0265625 0.04453125
0 0.84140625 0.4796875 0.0296875 0.0390625
0 0.8171875 0.425 0.02578125 0.0328125