0 0.4109375 0.05546875 0.05078125 0.1109375
0 0.36015625 0.05546875 0.05078125 0.1109375
0 0.2265625 0.146875 0.0515625 0.06796875
0 0.3640625 0.50546875 0.03984375 0.08046875
0 0.2234375 0.44140625 0.03203125 0.0671875
0 0.21953125 0.55390625 0.0375 0.05703125
0 0.18515625 0.65625 0.04296875 0.0671875
0 0.06953125 0.35078125 0.034375 0.07109375
0 0.22421875 0.26875 0.04375 0.06796875
0 0.28125 0.1671875 0.0375 0.0765625
0 0.05078125 0.4796875 0.03203125 0.06640625
0 0.7125 0.821875 0.0390625 0.09296875
0 0.67734375 0.1828125 0.0359375 0.0859375
0 0.67734375 0.246875 0.0359375 0.08671875
0 0.78203125 0.184375 0.0359375 0.05546875
0 0.77890625 0.2625 0.04140625 0.065625
0 0.8671875 0.5890625 0.0328125 0.06875
0 0.81328125 0.6 0.040625 0.06328125
0 0.7125 0.69921875 0.0390625 0.08046875
0 0.76015625 0.63203125 0.03515625 0.0734375