0 0.81640625 0.7390625 0.05546875 0.11484375
0 0.81640625 0.83671875 0.05546875 0.11640625
0 0.18984375 0.59375 0.06484375 0.096875
0 0.13515625 0.59375 0.0640625 0.096875
0 0.6109375 0.4578125 0.05546875 0.1171875
0 0.27421875 0.4578125 0.05546875 0.1171875
0 0.81796875 0.46015625 0.05234375 0.1125
0 0.5515625 0.33046875 0.05625 0.08984375
0 0.5515625 0.4203125 0.05625 0.08984375
0 0.7375 0.67734375 0.03828125 0.078125
0 0.6734375 0.675 0.0421875 0.08359375
0 0.58515625 0.671875 0.04453125 0.08828125