0 0.4484375 0.2421875 0.04375 0.0609375
0 0.7859375 0.615625 0.0515625 0.04609375
0 0.465625 0.81484375 0.0515625 0.075
0 0.8578125 0.7375 0.0640625 0.0859375
0 0.92734375 0.74375 0.075 0.0984375
0 0.2875 0.70234375 0.04140625 0.0546875
0 0.23359375 0.703125 0.04375 0.05703125
0 0.23359375 0.54375 0.04296875 0.0546875
0 0.2265625 0.6328125 0.0515625 0.046875
0 0.23828125 0.4109375 0.053125 0.04921875
0 0.68828125 0.61171875 0.05234375 0.04765625
0 0.725 0.4734375 0.03984375 0.05234375
0 0.52890625 0.47109375 0.04375 0.05625
0 0.725 0.3984375 0.03828125 0.05078125
0 0.85390625 0.24453125 0.04140625 0.05703125
0 0.734375 0.55703125 0.03828125 0.03515625
0 0.4671875 0.67109375 0.05 0.06328125