0 0.55546875 0.23125 0.04453125 0.0625
0 0.2125 0.6109375 0.05234375 0.046875
0 0.53828125 0.8140625 0.05234375 0.07578125
0 0.1390625 0.73515625 0.06484375 0.0875
0 0.06875 0.74140625 0.0765625 0.1
0 0.71953125 0.69921875 0.0421875 0.05546875
0 0.77421875 0.70078125 0.04375 0.0578125
0 0.77421875 0.53828125 0.04375 0.05625
0 0.78125 0.62890625 0.05234375 0.04765625
0 0.76875 0.403125 0.05390625 0.05
0 0.31171875 0.60703125 0.053125 0.0484375
0 0.27421875 0.46640625 0.040625 0.053125
0 0.4734375 0.46484375 0.04375 0.05703125
0 0.27421875 0.390625 0.0390625 0.0515625
0 0.14296875 0.234375 0.0421875 0.0578125
0 0.26484375 0.5515625 0.0390625 0.0359375
0 0.53671875 0.6671875 0.05078125 0.0640625