0 0.921875 0.22109375 0.040625 0.103125
0 0.80625 0.83203125 0.040625 0.10390625
0 0.85234375 0.43515625 0.0515625 0.07890625
0 0.78515625 0.55859375 0.05390625 0.08671875
0 0.6796875 0.2703125 0.05546875 0.084375
0 0.9 0.45546875 0.0515625 0.09375
0 0.38984375 0.41640625 0.0359375 0.09375
0 0.38125 0.38828125 0.05390625 0.08046875
0 0.23984375 0.846875 0.04609375 0.1140625
0 0.1890625 0.39296875 0.05234375 0.078125
0 0.1734375 0.25859375 0.04296875 0.10703125
0 0.253125 0.5890625 0.04140625 0.05703125
0 0.253125 0.503125 0.04140625 0.05703125
0 0.16171875 0.2828125 0.05390625 0.08046875