0 0.70859375 0.0546875 0.08515625 0.08203125
0 0.7078125 0.01640625 0.084375 0.0328125
0 0.575 0.8515625 0.0828125 0.0828125
0 0.12265625 0.51171875 0.10234375 0.053125
0 0.4828125 0.63125 0.0859375 0.0546875
0 0.40859375 0.51171875 0.090625 0.0578125
0 0.384375 0.16328125 0.08828125 0.05703125
0 0.29375 0.45546875 0.06015625 0.05
0 0.7421875 0.625 0.07890625 0.0640625
0 0.57578125 0.725 0.084375 0.06796875
0 0.76796875 0.47421875 0.071875 0.0453125
0 0.7671875 0.53671875 0.07421875 0.046875
0 0.1984375 0.49296875 0.0375 0.0296875
0 0.2359375 0.49296875 0.0375 0.0296875