0 0.68828125 0.040625 0.084375 0.08125
0 0.6875 0.009375 0.084375 0.01875
0 0.5546875 0.83359375 0.0828125 0.0828125
0 0.1046875 0.4953125 0.1015625 0.05234375
0 0.46328125 0.6140625 0.08515625 0.0546875
0 0.3890625 0.4953125 0.08984375 0.0578125
0 0.36484375 0.1484375 0.08828125 0.05625
0 0.275 0.43984375 0.059375 0.04921875
0 0.721875 0.6078125 0.078125 0.0640625
0 0.55625 0.70703125 0.08359375 0.06796875
0 0.74765625 0.4578125 0.07109375 0.04453125
0 0.74609375 0.5203125 0.07421875 0.046875
0 0.18046875 0.4765625 0.0375 0.0296875
0 0.21796875 0.4765625 0.0375 0.0296875