0 0.6640625 0.88984375 0.02890625 0.08203125
0 0.8734375 0.39140625 0.0375 0.0671875
0 0.903125 0.39140625 0.0375 0.06640625
0 0.6640625 0.72265625 0.03046875 0.0828125
0 0.5953125 0.52265625 0.03984375 0.08984375
0 0.59609375 0.375 0.03984375 0.0890625
0 0.690625 0.21171875 0.034375 0.0734375
0 0.75546875 0.22421875 0.0203125 0.05390625
0 0.68984375 0.3359375 0.02578125 0.06484375
0 0.6546875 0.39296875 0.025 0.06328125
0 0.13515625 0.3953125 0.02890625 0.0578125
0 0.296875 0.45546875 0.03046875 0.06015625
0 0.26328125 0.375 0.0390625 0.0890625