0 0.13984375 0.15546875 0.028125 0.08125
0 0.71875 0.15546875 0.028125 0.08046875
0 0.13359375 0.82578125 0.0421875 0.11015625
0 0.09140625 0.82578125 0.0421875 0.11015625
0 0.43671875 0.81484375 0.03203125 0.08828125
0 0.8265625 0.81484375 0.03125 0.0875
0 0.1390625 0.403125 0.02890625 0.0640625
0 0.28828125 0.43671875 0.028125 0.0640625
0 0.490625 0.2671875 0.0328125 0.0578125
0 0.43671875 0.7 0.03125 0.06953125
0 0.3953125 0.646875 0.02109375 0.05
0 0.64296875 0.56171875 0.025 0.0546875
0 0.7015625 0.24609375 0.03203125 0.05703125
0 0.6359375 0.27109375 0.03203125 0.05625
0 0.56015625 0.46953125 0.03125 0.05546875
0 0.7140625 0.32421875 0.028125 0.06328125
0 0.86015625 0.5609375 0.0296875 0.05234375
0 0.85859375 0.49375 0.025 0.04296875
0 0.82578125 0.721875 0.03203125 0.06953125