0 0.46796875 0.81875 0.0421875 0.03984375
0 0.534375 0.83203125 0.0875 0.0671875
0 0.54453125 0.115625 0.08984375 0.07109375
0 0.54453125 0.17109375 0.08984375 0.07109375
0 0.64140625 0.6734375 0.09765625 0.05
0 0.64296875 0.43203125 0.10078125 0.05234375
0 0.646875 0.61328125 0.0703125 0.05
0 0.81015625 0.478125 0.0625 0.04609375
0 0.46640625 0.74921875 0.04453125 0.03359375
0 0.53359375 0.76171875 0.08515625 0.05859375
0 0.3234375 0.63828125 0.08515625 0.05859375
0 0.228125 0.521875 0.065625 0.04609375
0 0.2390625 0.47734375 0.07421875 0.03984375
0 0.465625 0.84609375 0.0625 0.03515625
0 0.21875 0.58671875 0.06796875 0.03828125