0 0.36640625 0.2546875 0.03515625 0.04609375
0 0.3609375 0.55703125 0.03125 0.06875
0 0.3609375 0.509375 0.03125 0.06953125
0 0.2578125 0.434375 0.03203125 0.04140625
0 0.28515625 0.3796875 0.03203125 0.04140625
0 0.31484375 0.371875 0.025 0.0453125
0 0.23046875 0.3859375 0.0265625 0.0484375
0 0.1578125 0.50703125 0.02734375 0.05390625
0 0.17890625 0.37578125 0.034375 0.0484375
0 0.80625 0.521875 0.0328125 0.06640625
0 0.80625 0.57265625 0.0328125 0.0671875
0 0.75703125 0.68046875 0.0359375 0.07421875
0 0.55390625 0.32734375 0.03203125 0.0546875
0 0.5296875 0.4453125 0.03046875 0.053125
0 0.62578125 0.44765625 0.03359375 0.0578125
0 0.7546875 0.57890625 0.03515625 0.0609375
0 0.703125 0.53125 0.0265625 0.046875
0 0.52265625 0.375 0.0296875 0.03828125