0 0.746875 0.2171875 0.02890625 0.07109375
0 0.71328125 0.74296875 0.0328125 0.078125
0 0.6359375 0.278125 0.025 0.0390625
0 0.6265625 0.4375 0.0296875 0.059375
0 0.621875 0.54921875 0.03359375 0.05546875
0 0.71484375 0.58515625 0.03359375 0.06953125
0 0.653125 0.55859375 0.02890625 0.0609375
0 0.584375 0.55859375 0.02890625 0.06015625
0 0.56171875 0.69921875 0.0328125 0.06015625
0 0.48125 0.54765625 0.03984375 0.0546875
0 0.20234375 0.65078125 0.0296875 0.06953125
0 0.140625 0.46484375 0.03046875 0.05
0 0.29921875 0.48984375 0.02890625 0.04609375
0 0.29921875 0.4 0.02890625 0.046875
0 0.26796875 0.503125 0.02265625 0.04765625
0 0.25546875 0.3875 0.02265625 0.046875