0 0.70234375 0.94765625 0.0671875 0.09609375
0 0.165625 0.62421875 0.053125 0.06484375
0 0.3359375 0.6296875 0.06171875 0.07421875
0 0.41640625 0.628125 0.06015625 0.071875
0 0.7859375 0.6578125 0.0671875 0.0640625
0 0.72578125 0.52890625 0.06875 0.06640625
0 0.7265625 0.43984375 0.06796875 0.065625
0 0.8625 0.30390625 0.04609375 0.0578125
0 0.32421875 0.55625 0.05859375 0.05390625
0 0.3875 0.11328125 0.059375 0.0890625
0 0.2015625 0.0328125 0.053125 0.0484375
0 0.70390625 0.74375 0.06796875 0.08046875