0 0.33984375 0.95 0.065625 0.09453125
0 0.86484375 0.63359375 0.0515625 0.06328125
0 0.6984375 0.63828125 0.0609375 0.07265625
0 0.61953125 0.6375 0.059375 0.0703125
0 0.2578125 0.66640625 0.065625 0.0625
0 0.3171875 0.540625 0.0671875 0.06484375
0 0.31640625 0.453125 0.06640625 0.0640625
0 0.1828125 0.3203125 0.0453125 0.05625
0 0.709375 0.5671875 0.05703125 0.053125
0 0.64765625 0.13359375 0.05859375 0.08671875
0 0.8296875 0.05546875 0.0515625 0.04765625
0 0.33828125 0.75078125 0.06640625 0.078125