0 0.3015625 0.7625 0.03828125 0.10078125
0 0.4765625 0.75859375 0.03359375 0.09140625
0 0.08984375 0.3828125 0.046875 0.0671875
0 0.471875 0.2265625 0.034375 0.07578125
0 0.41953125 0.471875 0.0390625 0.06796875
0 0.48046875 0.44765625 0.03359375 0.0734375
0 0.32734375 0.29921875 0.03359375 0.0734375
0 0.38125 0.459375 0.0296875 0.06484375
0 0.584375 0.221875 0.04375 0.065625
0 0.865625 0.328125 0.0359375 0.07578125
0 0.9125 0.328125 0.034375 0.075
0 0.76328125 0.26484375 0.034375 0.07421875
0 0.775 0.4671875 0.03515625 0.07578125
0 0.92578125 0.4671875 0.034375 0.075