0 0.309375 0.771875 0.0375 0.09921875
0 0.48125 0.7671875 0.03359375 0.090625
0 0.1015625 0.39765625 0.04609375 0.065625
0 0.47734375 0.24375 0.034375 0.075
0 0.42578125 0.48515625 0.0390625 0.06640625
0 0.48515625 0.46171875 0.03359375 0.07265625
0 0.334375 0.315625 0.03359375 0.07265625
0 0.3875 0.4734375 0.02890625 0.06328125
0 0.5875 0.2390625 0.04375 0.0640625
0 0.8640625 0.34375 0.03515625 0.075
0 0.91015625 0.34453125 0.034375 0.07421875
0 0.76328125 0.28125 0.03359375 0.0734375
0 0.775 0.48046875 0.034375 0.075
0 0.9234375 0.48125 0.034375 0.07421875