0 0.63125 0.33671875 0.0203125 0.07421875
0 0.6046875 0.7078125 0.0328125 0.053125
0 0.8453125 0.6828125 0.021875 0.0765625
0 0.6109375 0.55 0.0296875 0.04765625
0 0.85 0.546875 0.02421875 0.04765625
0 0.85078125 0.27109375 0.0234375 0.046875
0 0.9234375 0.42578125 0.015625 0.04453125
0 0.878125 0.3296875 0.015625 0.0453125
0 0.765625 0.53203125 0.01484375 0.04296875
0 0.6328125 0.490625 0.01953125 0.05625
0 0.82734375 0.48203125 0.01875 0.0359375
0 0.69140625 0.45 0.021875 0.04140625
0 0.67265625 0.58203125 0.03125 0.0515625
0 0.64296875 0.44921875 0.02109375 0.0421875
0 0.2625 0.4015625 0.02109375 0.06796875
0 0.40390625 0.43046875 0.02265625 0.04765625
0 0.3734375 0.5046875 0.0171875 0.04921875
0 0.4375 0.3765625 0.0203125 0.05703125