0 0.69453125 0.12421875 0.06875 0.0828125
0 0.69453125 0.1734375 0.06875 0.0828125
0 0.30078125 0.5390625 0.084375 0.08359375
0 0.26484375 0.4359375 0.06953125 0.04140625
0 0.29296875 0.353125 0.07578125 0.0625
0 0.40859375 0.353125 0.0765625 0.06328125
0 0.57890625 0.44140625 0.08671875 0.0546875
0 0.5921875 0.63515625 0.06015625 0.0359375
0 0.58359375 0.80390625 0.046875 0.04140625
0 0.41796875 0.484375 0.04765625 0.04140625
0 0.48515625 0.48359375 0.04765625 0.0421875
0 0.57265625 0.525 0.06484375 0.05546875