0 0.115625 0.2875 0.028125 0.07265625
0 0.49921875 0.73984375 0.0375 0.0515625
0 0.22578125 0.84609375 0.0296875 0.06796875
0 0.3171875 0.740625 0.03203125 0.05234375
0 0.31796875 0.4953125 0.03203125 0.053125
0 0.225 0.98203125 0.03046875 0.03515625
0 0.4171875 0.615625 0.02421875 0.0390625
0 0.34765625 0.615625 0.03203125 0.053125
0 0.284375 0.703125 0.0203125 0.04609375
0 0.20234375 0.6015625 0.03203125 0.05234375
0 0.77578125 0.8515625 0.03125 0.078125
0 0.7078125 0.57421875 0.03203125 0.05234375
0 0.7078125 0.7140625 0.03203125 0.05234375
0 0.86640625 0.71640625 0.0328125 0.05390625
0 0.865625 0.478125 0.03203125 0.0515625
0 0.60546875 0.62734375 0.028125 0.0609375