0 0.7515625 0.8390625 0.05703125 0.08359375
0 0.92421875 0.6546875 0.0390625 0.05703125
0 0.8828125 0.55859375 0.04453125 0.04296875
0 0.91328125 0.5 0.05078125 0.06640625
0 0.7640625 0.5421875 0.05859375 0.05703125
0 0.76328125 0.43671875 0.06015625 0.05859375
0 0.8078125 0.26484375 0.04609375 0.04296875
0 0.8078125 0.221875 0.04609375 0.04375
0 0.75625 0.10703125 0.05078125 0.08125
0 0.1484375 0.50625 0.0578125 0.0578125
0 0.14765625 0.43515625 0.05859375 0.05859375
0 0.3859375 0.625 0.0390625 0.05234375
0 0.27265625 0.4578125 0.0734375 0.08359375
0 0.30390625 0.50078125 0.04453125 0.04375