0 0.74453125 0.15 0.04453125 0.0921875
0 0.76171875 0.7328125 0.04609375 0.090625
0 0.68984375 0.35546875 0.03984375 0.07265625
0 0.73828125 0.5296875 0.0453125 0.06171875
0 0.73828125 0.36875 0.04609375 0.0625
0 0.7453125 0.425 0.04296875 0.075
0 0.34140625 0.1546875 0.0453125 0.09453125
0 0.22890625 0.15546875 0.04453125 0.09296875
0 0.2421875 0.36015625 0.0421875 0.071875
0 0.3265625 0.3609375 0.040625 0.0703125
0 0.23359375 0.53359375 0.0421875 0.07109375
0 0.11015625 0.52578125 0.03125 0.05546875
0 0.228125 0.4609375 0.04609375 0.0609375