0 0.734375 0.88359375 0.0453125 0.05078125
0 0.1375 0.4890625 0.059375 0.0375
0 0.4078125 0.65234375 0.04609375 0.02265625
0 0.28203125 0.65234375 0.0359375 0.02265625
0 0.72421875 0.83046875 0.05703125 0.03828125
0 0.71953125 0.734375 0.0484375 0.03046875
0 0.80703125 0.734375 0.04921875 0.04765625
0 0.4515625 0.6890625 0.03984375 0.040625
0 0.69765625 0.97109375 0.05078125 0.0546875
0 0.4875 0.26171875 0.059375 0.03515625
0 0.5296875 0.26171875 0.059375 0.03515625
0 0.4875 0.0921875 0.0390625 0.0265625
0 0.75703125 0.30234375 0.03984375 0.0375
0 0.67421875 0.26953125 0.03984375 0.03671875
0 0.64296875 0.31640625 0.034375 0.0234375