0 0.32890625 0.8734375 0.04140625 0.04609375
0 0.86796875 0.51640625 0.05390625 0.03359375
0 0.62421875 0.6640625 0.04140625 0.0203125
0 0.7375 0.6640625 0.03203125 0.02109375
0 0.3375 0.825 0.0515625 0.034375
0 0.34140625 0.73828125 0.04375 0.02734375
0 0.2625 0.73828125 0.04453125 0.04296875
0 0.584375 0.69765625 0.0359375 0.03671875
0 0.36171875 0.953125 0.04609375 0.04921875
0 0.5515625 0.31015625 0.05390625 0.03125
0 0.51328125 0.31015625 0.05390625 0.03125
0 0.5515625 0.15703125 0.03515625 0.02421875
0 0.3078125 0.346875 0.0359375 0.03359375
0 0.3828125 0.3171875 0.0359375 0.0328125
0 0.4109375 0.36015625 0.03125 0.02109375