0 0.2328125 0.7015625 0.03203125 0.05
0 0.1078125 0.20625 0.03125 0.04765625
0 0.3390625 0.61171875 0.03125 0.040625
0 0.33515625 0.540625 0.034375 0.0359375
0 0.40859375 0.62734375 0.04296875 0.0359375
0 0.40859375 0.3046875 0.04375 0.03671875
0 0.18125 0.421875 0.0359375 0.03671875
0 0.45859375 0.75625 0.0328125 0.0484375
0 0.23359375 0.5734375 0.0328125 0.040625
0 0.15625 0.5734375 0.03203125 0.0390625
0 0.10390625 0.62109375 0.0359375 0.053125
0 0.6375 0.6265625 0.03125 0.04921875
0 0.646875 0.19609375 0.04375 0.03671875
0 0.7671875 0.30234375 0.03125 0.0390625
0 0.80625 0.5203125 0.034375 0.0359375
0 0.74921875 0.5859375 0.03125 0.03984375
0 0.71328125 0.484375 0.034375 0.03515625
0 0.67890625 0.26796875 0.0265625 0.0265625