0 0.14765625 0.77734375 0.04140625 0.05703125
0 0.24140625 0.77578125 0.0453125 0.0609375
0 0.2984375 0.91328125 0.03828125 0.03046875
0 0.303125 0.828125 0.046875 0.0390625
0 0.146875 0.83203125 0.04296875 0.04453125
0 0.525 0.9046875 0.03203125 0.034375
0 0.4484375 0.87578125 0.0359375 0.0375
0 0.39921875 0.89765625 0.0140625 0.015625
0 0.246875 0.22890625 0.0421875 0.053125
0 0.246875 0.26796875 0.0421875 0.053125
0 0.80546875 0.16640625 0.04765625 0.03671875
0 0.57265625 0.45546875 0.04765625 0.0578125
0 0.65625 0.24140625 0.04921875 0.03828125
0 0.76015625 0.19921875 0.0359375 0.04140625
0 0.57578125 0.23203125 0.03203125 0.034375
0 0.303125 0.27578125 0.05 0.03984375
0 0.5734375 0.378125 0.0484375 0.05078125