0 0.8484375 0.73984375 0.04296875 0.05859375
0 0.7515625 0.7375 0.046875 0.0625
0 0.69296875 0.87890625 0.0390625 0.03125
0 0.68828125 0.79140625 0.0484375 0.03984375
0 0.84921875 0.79609375 0.04375 0.04609375
0 0.459375 0.8703125 0.0328125 0.03515625
0 0.5390625 0.840625 0.0375 0.03828125
0 0.58984375 0.86328125 0.01484375 0.01640625
0 0.746875 0.175 0.04375 0.0546875
0 0.746875 0.215625 0.04375 0.0546875
0 0.17109375 0.1109375 0.04921875 0.0375
0 0.41015625 0.4078125 0.04921875 0.059375
0 0.325 0.18828125 0.05078125 0.0390625
0 0.21796875 0.14453125 0.0375 0.0421875
0 0.4078125 0.17890625 0.0328125 0.03515625
0 0.68828125 0.2234375 0.05078125 0.04140625
0 0.41015625 0.32890625 0.04921875 0.05234375