0 0.07734375 0.384375 0.05078125 0.053125
0 0.85078125 0.8078125 0.059375 0.1046875
0 0.9109375 0.8078125 0.059375 0.1046875
0 0.5859375 0.796875 0.04453125 0.08359375
0 0.978125 0.278125 0.04296875 0.05390625
0 0.609375 0.35078125 0.0359375 0.06015625
0 0.5609375 0.39765625 0.028125 0.04921875
0 0.5953125 0.246875 0.02890625 0.03359375
0 0.65 0.534375 0.0421875 0.05234375
0 0.615625 0.46640625 0.03828125 0.046875
0 0.7328125 0.525 0.0359375 0.05859375
0 0.5859375 0.709375 0.0421875 0.0671875
0 0.25390625 0.5640625 0.04296875 0.053125
0 0.25703125 0.37265625 0.0375 0.0453125
0 0.25 0.4484375 0.034375 0.05703125
0 0.1921875 0.2796875 0.0359375 0.04296875
0 0.20078125 0.3609375 0.03046875 0.0515625