0 0.78359375 0.15 0.04765625 0.084375
0 0.4 0.8828125 0.05546875 0.09296875
0 0.2484375 0.4078125 0.0515625 0.07265625
0 0.3125 0.40859375 0.05078125 0.071875
0 0.2640625 0.58046875 0.05078125 0.071875
0 0.27734375 0.76796875 0.04453125 0.04609375
0 0.21015625 0.51796875 0.04609375 0.04921875
0 0.40234375 0.728125 0.053125 0.0734375
0 0.75390625 0.75390625 0.0578125 0.06328125
0 0.88515625 0.67890625 0.046875 0.0640625
0 0.98984375 0.7421875 0.0203125 0.065625
0 0.85390625 0.5609375 0.05859375 0.071875
0 0.88671875 0.4015625 0.0453125 0.06328125
0 0.815625 0.10546875 0.05078125 0.08515625
0 0.4546875 0.2015625 0.06875 0.065625