0 0.759375 0.15078125 0.046875 0.08203125
0 0.3859375 0.86328125 0.05390625 0.090625
0 0.23828125 0.4015625 0.05 0.0703125
0 0.30078125 0.4015625 0.04921875 0.06953125
0 0.253125 0.56953125 0.04921875 0.06953125
0 0.26640625 0.7515625 0.04375 0.04453125
0 0.2015625 0.50859375 0.04453125 0.04765625
0 0.38828125 0.71328125 0.0515625 0.07109375
0 0.73046875 0.73828125 0.05625 0.06171875
0 0.85859375 0.66484375 0.0453125 0.0625
0 0.975 0.72734375 0.05 0.0640625
0 0.828125 0.55078125 0.05703125 0.06953125
0 0.86015625 0.3953125 0.04453125 0.06171875
0 0.790625 0.10703125 0.04921875 0.0828125
0 0.4390625 0.2 0.0671875 0.0640625