0 0.39609375 0.77890625 0.03046875 0.04921875
0 0.6296875 0.77890625 0.03046875 0.04921875
0 0.37890625 0.75703125 0.0328125 0.03359375
0 0.28671875 0.6609375 0.03046875 0.04375
0 0.4234375 0.71484375 0.02890625 0.04140625
0 0.5 0.715625 0.03125 0.04375
0 0.5171875 0.6015625 0.03828125 0.03671875
0 0.66796875 0.7328125 0.02890625 0.04140625
0 0.71875 0.64765625 0.0296875 0.04375
0 0.5984375 0.75625 0.0359375 0.03828125
0 0.89453125 0.19453125 0.04375 0.0421875
0 0.86015625 0.19453125 0.04375 0.0421875
0 0.14765625 0.353125 0.05078125 0.07265625
0 0.1984375 0.353125 0.05078125 0.07265625
0 0.634375 0.45078125 0.0359375 0.0546875
0 0.35 0.22890625 0.0328125 0.03515625
0 0.58515625 0.35234375 0.02890625 0.03046875
0 0.63203125 0.221875 0.02890625 0.040625
0 0.71796875 0.175 0.0328125 0.0453125
0 0.76171875 0.16171875 0.0359375 0.0390625
0 0.71015625 0.4046875 0.0265625 0.02734375
0 0.71484375 0.35390625 0.03671875 0.03828125
0 0.6328125 0.359375 0.03671875 0.05