0 0.2359375 0.17890625 0.06328125 0.0796875
0 0.16484375 0.396875 0.071875 0.053125
0 0.228125 0.54921875 0.07109375 0.053125
0 0.328125 0.378125 0.0703125 0.05234375
0 0.275 0.559375 0.06484375 0.0625
0 0.12578125 0.540625 0.05625 0.05390625
0 0.05703125 0.41171875 0.046875 0.046875
0 0.31953125 0.61953125 0.07421875 0.05390625
0 0.8671875 0.74765625 0.071875 0.08671875
0 0.79296875 0.1796875 0.06328125 0.08046875
0 0.8953125 0.81328125 0.0796875 0.059375
0 0.88046875 0.62890625 0.07578125 0.0546875
0 0.7375 0.56796875 0.0703125 0.0515625