0 0.3296875 0.859375 0.02890625 0.0671875
0 0.14375 0.85703125 0.02578125 0.06171875
0 0.61328125 0.69296875 0.02890625 0.0671875
0 0.79921875 0.68984375 0.02578125 0.0609375
0 0.70390625 0.15234375 0.02578125 0.0640625
0 0.23984375 0.32265625 0.025 0.06015625
0 0.1484375 0.5015625 0.02734375 0.04296875
0 0.1484375 0.7625 0.02734375 0.04296875
0 0.14453125 0.7140625 0.02578125 0.05
0 0.11953125 0.63359375 0.0390625 0.06875
0 0.3625 0.67734375 0.02890625 0.0453125
0 0.33671875 0.61953125 0.02890625 0.04453125
0 0.3625 0.54375 0.02890625 0.04609375
0 0.43515625 0.55625 0.01875 0.0390625
0 0.32890625 0.7828125 0.028125 0.0546875
0 0.58046875 0.51015625 0.02890625 0.04609375
0 0.60625 0.45234375 0.02890625 0.0453125
0 0.5796875 0.3734375 0.03203125 0.05078125
0 0.5078125 0.38828125 0.01875 0.03828125
0 0.6140625 0.61484375 0.028125 0.05546875
0 0.79453125 0.59453125 0.02734375 0.04296875
0 0.79453125 0.328125 0.028125 0.04375
0 0.7984375 0.54609375 0.025 0.0484375
0 0.82421875 0.465625 0.03828125 0.06796875