0 0.35703125 0.79453125 0.02578125 0.0609375
0 0.1875 0.7921875 0.0234375 0.05625
0 0.615625 0.64296875 0.0265625 0.06171875
0 0.784375 0.63984375 0.0234375 0.05546875
0 0.69765625 0.15078125 0.0234375 0.0578125
0 0.27578125 0.30546875 0.02265625 0.05546875
0 0.1921875 0.46875 0.025 0.0390625
0 0.1921875 0.70546875 0.025 0.0390625
0 0.18828125 0.66171875 0.0234375 0.04609375
0 0.165625 0.5890625 0.03515625 0.0625
0 0.38671875 0.628125 0.02578125 0.04140625
0 0.36328125 0.57578125 0.0265625 0.040625
0 0.38671875 0.50703125 0.0265625 0.0421875
0 0.453125 0.51796875 0.0171875 0.03515625
0 0.35625 0.725 0.02578125 0.05
0 0.58515625 0.47578125 0.0265625 0.0421875
0 0.609375 0.4234375 0.0265625 0.04140625
0 0.584375 0.3515625 0.02890625 0.04609375
0 0.51875 0.365625 0.0171875 0.03515625
0 0.615625 0.571875 0.02578125 0.05
0 0.7796875 0.553125 0.025 0.0390625
0 0.78046875 0.3109375 0.02578125 0.03984375
0 0.78359375 0.50859375 0.02265625 0.04453125
0 0.80703125 0.4359375 0.034375 0.06171875