0 0.034375 0.57421875 0.06875 0.06015625
0 0.646875 0.19921875 0.05390625 0.08203125
0 0.1453125 0.565625 0.05859375 0.0734375
0 0.33515625 0.4390625 0.065625 0.065625
0 0.1109375 0.3796875 0.04921875 0.06328125
0 0.22578125 0.75859375 0.065625 0.06640625
0 0.80703125 0.57734375 0.065625 0.065625
0 0.80625 0.77109375 0.06484375 0.065625
0 0.56796875 0.8921875 0.0640625 0.09375
0 0.73671875 0.5 0.0578125 0.07265625
0 0.70078125 0.5921875 0.059375 0.07421875
0 0.565625 0.709375 0.059375 0.07421875