0 0.04453125 0.57265625 0.0703125 0.0578125
0 0.6359375 0.2125 0.05234375 0.07890625
0 0.153125 0.5640625 0.05625 0.0703125
0 0.3359375 0.44296875 0.0625 0.06328125
0 0.1203125 0.3859375 0.04765625 0.0609375
0 0.23046875 0.75 0.0625 0.0640625
0 0.78984375 0.57578125 0.0625 0.06328125
0 0.78984375 0.76171875 0.0625 0.06328125
0 0.56015625 0.87890625 0.06171875 0.08984375
0 0.72265625 0.5015625 0.05546875 0.06953125
0 0.68828125 0.58984375 0.0578125 0.07109375
0 0.5578125 0.703125 0.05703125 0.07109375