0 0.8078125 0.17109375 0.03515625 0.06953125
0 0.74296875 0.90703125 0.03203125 0.06484375
0 0.765625 0.89296875 0.01171875 0.03515625
0 0.67265625 0.45703125 0.0421875 0.05078125
0 0.6671875 0.37109375 0.03125 0.03515625
0 0.64375 0.21796875 0.03125 0.03515625
0 0.61796875 0.31015625 0.03203125 0.0546875
0 0.81796875 0.6203125 0.03671875 0.06328125
0 0.7453125 0.71484375 0.03515625 0.05859375
0 0.8671875 0.68046875 0.0390625 0.04921875
0 0.6953125 0.37109375 0.03046875 0.03828125
0 0.6765625 0.3578125 0.0265625 0.046875
0 0.73515625 0.83671875 0.0328125 0.04140625
0 0.334375 0.18203125 0.0359375 0.0671875
0 0.31640625 0.65546875 0.03828125 0.04375
0 0.1984375 0.65390625 0.0375 0.04375
0 0.19921875 0.59296875 0.03828125 0.04453125
0 0.15859375 0.25703125 0.03515625 0.0609375
0 0.0890625 0.63828125 0.01953125 0.03515625
0 0.2421875 0.7125 0.0328125 0.05625
0 0.09375 0.4453125 0.0140625 0.02734375
0 0.12109375 0.48515625 0.028125 0.03515625