0 0.51875 0.66640625 0.0265625 0.05703125
0 0.6578125 0.73671875 0.0359375 0.03828125
0 0.56796875 0.54765625 0.03125 0.0421875
0 0.64296875 0.4921875 0.03125 0.04140625
0 0.70625 0.49296875 0.028125 0.0375
0 0.78359375 0.41171875 0.02109375 0.040625
0 0.81796875 0.3546875 0.03125 0.04296875
0 0.86875 0.29921875 0.0234375 0.053125
0 0.68203125 0.29921875 0.0234375 0.053125
0 0.58203125 0.5625 0.021875 0.03828125
0 0.2796875 0.4796875 0.01953125 0.034375
0 0.25234375 0.49296875 0.0234375 0.040625
0 0.32578125 0.53125 0.0265625 0.04375
0 0.3515625 0.4875 0.0265625 0.0359375
0 0.17578125 0.48203125 0.03671875 0.05625