0 0.34453125 0.56875 0.0421875 0.05
0 0.2984375 0.8390625 0.03125 0.0796875
0 0.259375 0.896875 0.0421875 0.0515625
0 0.30546875 0.66953125 0.02890625 0.05859375
0 0.19453125 0.66953125 0.028125 0.0578125
0 0.23671875 0.41484375 0.034375 0.05078125
0 0.3765625 0.26171875 0.028125 0.05703125
0 0.16640625 0.77890625 0.02578125 0.0515625
0 0.6890625 0.3875 0.028125 0.075
0 0.88671875 0.8375 0.028125 0.07421875
0 0.709375 0.58203125 0.0328125 0.06484375
0 0.76484375 0.58203125 0.03203125 0.0640625
0 0.91953125 0.58203125 0.0328125 0.06484375
0 0.8375 0.78046875 0.02578125 0.0515625
0 0.709375 0.78671875 0.0328125 0.0640625