0 0.82578125 0.19375 0.04453125 0.08671875
0 0.82578125 0.13046875 0.04453125 0.0859375
0 0.06171875 0.5734375 0.04296875 0.08515625
0 0.30703125 0.9828125 0.0421875 0.034375
0 0.0578125 0.7921875 0.04296875 0.075
0 0.24453125 0.61015625 0.06015625 0.06328125
0 0.56171875 0.85 0.053125 0.06484375
0 0.7515625 0.69375 0.04296875 0.0734375
0 0.62734375 0.69375 0.04296875 0.0734375
0 0.72890625 0.5125 0.04140625 0.071875
0 0.50625 0.5109375 0.04375 0.07421875
0 0.36796875 0.60703125 0.05078125 0.06171875