0 0.3078125 0.15703125 0.03203125 0.09296875
0 0.28359375 0.9546875 0.03203125 0.090625
0 0.034375 0.51484375 0.04296875 0.0671875
0 0.1 0.3515625 0.02578125 0.0671875
0 0.209375 0.4375 0.02734375 0.0671875
0 0.234375 0.2421875 0.0328125 0.059375
0 0.209375 0.628125 0.02578125 0.06484375
0 0.10078125 0.5140625 0.0328125 0.06328125
0 0.2703125 0.62109375 0.02109375 0.0546875
0 0.165625 0.6921875 0.0328125 0.0609375
0 0.2859375 0.8109375 0.03125 0.090625
0 0.309375 0.0203125 0.03203125 0.040625
0 0.70078125 0.3953125 0.0265625 0.06796875
0 0.56484375 0.3984375 0.0234375 0.0609375
0 0.6953125 0.49921875 0.02890625 0.05234375
0 0.6703125 0.5890625 0.03046875 0.05625
0 0.56484375 0.5765625 0.02265625 0.05703125
0 0.6984375 0.634375 0.02421875 0.06171875