0 0.07421875 0.215625 0.04296875 0.07265625
0 0.07421875 0.26796875 0.04296875 0.07265625
0 0.07265625 0.553125 0.0375 0.053125
0 0.2265625 0.60546875 0.04609375 0.046875
0 0.1359375 0.696875 0.04609375 0.04296875
0 0.29140625 0.665625 0.0421875 0.059375
0 0.35546875 0.6734375 0.046875 0.0484375
0 0.2203125 0.48828125 0.04453125 0.0625
0 0.3109375 0.4890625 0.04296875 0.06015625
0 0.7171875 0.2125 0.04296875 0.07265625
0 0.7171875 0.2640625 0.04296875 0.07265625
0 0.8109375 0.83515625 0.04921875 0.08125
0 0.79375 0.48515625 0.04375 0.059375
0 0.82890625 0.6671875 0.05 0.0515625
0 0.81015625 0.759375 0.046875 0.0625
0 0.79296875 0.9234375 0.05234375 0.05390625