0 0.625 0.9296875 0.06796875 0.09453125
0 0.7328125 0.053125 0.059375 0.08671875
0 0.7328125 0.1125 0.059375 0.08671875
0 0.69765625 0.72734375 0.0671875 0.05703125
0 0.7609375 0.71640625 0.0515625 0.06171875
0 0.7984375 0.6171875 0.05390625 0.04453125
0 0.4015625 0.48125 0.046875 0.05703125
0 0.28203125 0.53359375 0.0578125 0.0671875
0 0.4953125 0.6359375 0.06796875 0.059375
0 0.6140625 0.79609375 0.06484375 0.07265625
0 0.28203125 0.359375 0.05703125 0.06484375
0 0.2703125 0.46171875 0.06640625 0.05859375