0 0.41171875 0.915625 0.065625 0.09140625
0 0.3078125 0.07109375 0.05703125 0.08359375
0 0.3078125 0.128125 0.05703125 0.08359375
0 0.34140625 0.7203125 0.06484375 0.0546875
0 0.28046875 0.709375 0.05 0.059375
0 0.24375 0.61484375 0.05234375 0.04296875
0 0.6265625 0.48359375 0.04453125 0.0546875
0 0.74140625 0.53359375 0.05546875 0.06484375
0 0.53671875 0.63203125 0.065625 0.05703125
0 0.421875 0.78671875 0.0625 0.06953125
0 0.74140625 0.365625 0.0546875 0.0625
0 0.753125 0.4640625 0.0640625 0.05625