0 0.490625 0.22421875 0.0546875 0.084375
0 0.184375 0.25 0.065625 0.08046875
0 0.18046875 0.4453125 0.065625 0.0796875
0 0.38203125 0.40703125 0.05390625 0.0671875
0 0.4484375 0.684375 0.065625 0.059375
0 0.29296875 0.64140625 0.04140625 0.05078125
0 0.38125 0.61328125 0.06015625 0.0703125
0 0.65234375 0.86328125 0.06484375 0.09453125
0 0.65625 0.73203125 0.06484375 0.075
0 0.78671875 0.6125 0.05546875 0.065625
0 0.7859375 0.453125 0.0546875 0.06484375
0 0.8171875 0.5421875 0.0609375 0.05703125
0 0.2296875 0.6578125 0.08203125 0.059375