0 0.48203125 0.20390625 0.05703125 0.0875
0 0.8 0.23125 0.06875 0.08359375
0 0.80390625 0.43359375 0.06796875 0.0828125
0 0.59453125 0.39375 0.05625 0.06953125
0 0.52578125 0.68203125 0.06796875 0.06171875
0 0.6875 0.6375 0.04296875 0.053125
0 0.5953125 0.6078125 0.0625 0.0734375
0 0.3140625 0.86796875 0.0671875 0.09765625
0 0.31015625 0.73125 0.0671875 0.07734375
0 0.17421875 0.60703125 0.0578125 0.06796875
0 0.17578125 0.44140625 0.05703125 0.0671875
0 0.14296875 0.534375 0.06328125 0.059375
0 0.753125 0.6546875 0.0859375 0.06171875