0 0.8953125 0.6875 0.05703125 0.0515625
0 0.89453125 0.40859375 0.05546875 0.04921875
0 0.31171875 0.8 0.04609375 0.07578125
0 0.6 0.1859375 0.05703125 0.0515625
0 0.5578125 0.346875 0.03828125 0.040625
0 0.5578125 0.30625 0.03828125 0.040625
0 0.62265625 0.68828125 0.05 0.0546875
0 0.79765625 0.64140625 0.04921875 0.0609375
0 0.76875 0.57265625 0.03828125 0.05390625
0 0.71171875 0.5453125 0.03828125 0.040625
0 0.3109375 0.6265625 0.046875 0.0640625
0 0.2484375 0.51640625 0.0328125 0.046875
0 0.17578125 0.5296875 0.04765625 0.053125
0 0.2 0.653125 0.06484375 0.0796875