0 0.37578125 0.1390625 0.071875 0.05859375
0 0.37578125 0.09375 0.071875 0.059375
0 0.46640625 0.68125 0.07578125 0.06484375
0 0.5328125 0.34765625 0.06328125 0.04609375
0 0.67890625 0.153125 0.07421875 0.04296875
0 0.54296875 0.40546875 0.06640625 0.0375
0 0.60703125 0.5765625 0.0796875 0.0453125
0 0.38515625 0.5234375 0.0796875 0.04453125
0 0.4484375 0.4140625 0.0625 0.034375
0 0.1953125 0.4703125 0.0515625 0.0375
0 0.46875 0.58203125 0.07578125 0.05390625
0 0.68125 0.83046875 0.08828125 0.05
0 0.715625 0.39453125 0.0828125 0.05390625