0 0.27109375 0.90546875 0.03671875 0.071875
0 0.1546875 0.92109375 0.05703125 0.10234375
0 0.21171875 0.92109375 0.05703125 0.10234375
0 0.78359375 0.82734375 0.04375 0.08359375
0 0.51015625 0.2859375 0.05546875 0.05703125
0 0.5484375 0.2859375 0.05546875 0.05703125
0 0.48984375 0.51328125 0.0390625 0.075
0 0.3578125 0.51640625 0.03671875 0.071875
0 0.30390625 0.51796875 0.03359375 0.06640625
0 0.26796875 0.50625 0.04375 0.046875
0 0.553125 0.63125 0.0453125 0.05625
0 0.64453125 0.57578125 0.03359375 0.0609375
0 0.75625 0.68046875 0.03671875 0.04296875
0 0.75625 0.6078125 0.03671875 0.04375
0 0.8375 0.59765625 0.04765625 0.059375
0 0.8359375 0.48046875 0.04453125 0.05546875
0 0.83671875 0.234375 0.04609375 0.0578125
0 0.65078125 0.79609375 0.040625 0.04765625
0 0.43828125 0.81015625 0.03671875 0.04375
0 0.47734375 0.65625 0.03046875 0.0546875