0 0.7265625 0.9015625 0.03671875 0.071875
0 0.84296875 0.91640625 0.05703125 0.10234375
0 0.78515625 0.91640625 0.05703125 0.10234375
0 0.2109375 0.82265625 0.04453125 0.08359375
0 0.4859375 0.278125 0.05625 0.05703125
0 0.446875 0.278125 0.05625 0.05703125
0 0.50625 0.50703125 0.03984375 0.075
0 0.6390625 0.51015625 0.03671875 0.071875
0 0.69296875 0.5125 0.03359375 0.0671875
0 0.72890625 0.5 0.04453125 0.046875
0 0.4421875 0.625 0.0453125 0.05625
0 0.35078125 0.5703125 0.034375 0.06171875
0 0.23828125 0.675 0.03671875 0.04296875
0 0.23828125 0.60234375 0.03671875 0.04375
0 0.15703125 0.5921875 0.04765625 0.06015625
0 0.15859375 0.47421875 0.04453125 0.05546875
0 0.1578125 0.22734375 0.04609375 0.0578125
0 0.34453125 0.79140625 0.040625 0.04765625
0 0.5578125 0.80546875 0.03671875 0.04375
0 0.51796875 0.6515625 0.03046875 0.0546875