0 0.20390625 0.74765625 0.03359375 0.07578125
0 0.1703125 0.1609375 0.03046875 0.06875
0 0.30234375 0.16015625 0.03203125 0.06953125
0 0.27109375 0.53828125 0.03359375 0.0484375
0 0.24296875 0.45546875 0.03203125 0.046875
0 0.27265625 0.39375 0.03515625 0.0515625
0 0.36953125 0.5265625 0.0234375 0.0453125
0 0.32109375 0.390625 0.0375 0.05546875
0 0.35234375 0.32265625 0.0234375 0.0453125
0 0.125 0.9015625 0.0328125 0.046875
0 0.778125 0.44453125 0.03359375 0.04765625
0 0.8078125 0.38203125 0.034375 0.05078125
0 0.8265625 0.52734375 0.03359375 0.04921875
0 0.6921875 0.534375 0.034375 0.05