0 0.8015625 0.78515625 0.034375 0.07734375
0 0.83671875 0.18515625 0.03125 0.0703125
0 0.70078125 0.184375 0.0328125 0.071875
0 0.7328125 0.571875 0.034375 0.04921875
0 0.76171875 0.48671875 0.0328125 0.0484375
0 0.73203125 0.42265625 0.0359375 0.053125
0 0.63203125 0.559375 0.0234375 0.04609375
0 0.68203125 0.4203125 0.03828125 0.05703125
0 0.64921875 0.35078125 0.02421875 0.04609375
0 0.8828125 0.94296875 0.03359375 0.0484375
0 0.21328125 0.47578125 0.034375 0.0484375
0 0.18359375 0.4109375 0.03515625 0.0515625
0 0.1640625 0.56015625 0.034375 0.05078125
0 0.3015625 0.5671875 0.03515625 0.05078125