0 0.571875 0.78046875 0.025 0.0453125
0 0.78046875 0.83828125 0.025 0.0453125
0 0.49921875 0.7828125 0.025 0.040625
0 0.59453125 0.7015625 0.02890625 0.0328125
0 0.784375 0.6609375 0.02421875 0.0375
0 0.5921875 0.6625 0.0234375 0.03984375
0 0.58828125 0.53515625 0.03125 0.0328125
0 0.58984375 0.6203125 0.02890625 0.0328125
0 0.59375 0.57265625 0.02421875 0.0390625
0 0.63515625 0.57578125 0.02734375 0.03203125
0 0.5609375 0.7734375 0.02890625 0.03203125
0 0.5609375 0.66953125 0.0296875 0.0328125
0 0.14140625 0.49609375 0.02421875 0.04140625
0 0.40234375 0.2796875 0.03046875 0.05078125
0 0.15 0.4 0.02421875 0.03984375
0 0.12734375 0.36171875 0.0296875 0.0328125
0 0.171875 0.2546875 0.03046875 0.04609375
0 0.8171875 0.30546875 0.0328125 0.0359375
0 0.5921875 0.29375 0.02421875 0.0390625
0 0.65078125 0.29375 0.02421875 0.03984375
0 0.68515625 0.2984375 0.02890625 0.03359375
0 0.690625 0.2515625 0.02421875 0.0390625
0 0.61328125 0.1625 0.028125 0.03203125