0 0.43828125 0.76484375 0.0265625 0.04765625
0 0.21796875 0.82578125 0.0265625 0.04765625
0 0.51484375 0.7671875 0.0265625 0.04296875
0 0.4140625 0.68125 0.03046875 0.03515625
0 0.21328125 0.6390625 0.02578125 0.0390625
0 0.41640625 0.640625 0.025 0.0421875
0 0.4203125 0.50625 0.0328125 0.034375
0 0.41953125 0.5953125 0.03046875 0.034375
0 0.41484375 0.5453125 0.02578125 0.040625
0 0.37109375 0.54921875 0.02890625 0.03359375
0 0.45 0.7578125 0.03046875 0.03359375
0 0.44921875 0.64765625 0.03125 0.034375
0 0.8921875 0.46484375 0.02578125 0.04296875
0 0.6171875 0.2359375 0.03203125 0.05390625
0 0.8828125 0.36328125 0.02578125 0.0421875
0 0.90625 0.32265625 0.03125 0.03515625
0 0.86015625 0.21015625 0.03203125 0.0484375
0 0.1796875 0.26328125 0.03515625 0.03828125
0 0.41640625 0.2515625 0.02578125 0.04140625
0 0.3546875 0.2515625 0.02578125 0.0421875
0 0.31875 0.25625 0.03046875 0.03515625
0 0.31328125 0.20703125 0.02578125 0.040625
0 0.39453125 0.1125 0.0296875 0.03359375