0 0.4734375 0.825 0.04921875 0.0640625
0 0.9421875 0.59921875 0.06484375 0.0484375
0 0.46328125 0.240625 0.06484375 0.0484375
0 0.3984375 0.303125 0.05 0.0640625
0 0.26640625 0.7390625 0.05625 0.0484375
0 0.26640625 0.58828125 0.05625 0.0484375
0 0.3265625 0.5296875 0.04921875 0.05390625
0 0.35625 0.60078125 0.0515625 0.0546875
0 0.8421875 0.5921875 0.04921875 0.05390625
0 0.6765625 0.496875 0.05390625 0.04765625
0 0.87421875 0.45078125 0.04140625 0.04609375
0 0.77421875 0.72734375 0.05390625 0.04609375