0 0.59765625 0.7921875 0.06328125 0.071875
0 0.59765625 0.734375 0.06328125 0.07109375
0 0.19765625 0.39296875 0.0765625 0.05625
0 0.63203125 0.3265625 0.053125 0.0578125
0 0.853125 0.253125 0.04609375 0.0484375
0 0.640625 0.7078125 0.05859375 0.04609375
0 0.63515625 0.60390625 0.0703125 0.05625
0 0.6875 0.42265625 0.0515625 0.03984375
0 0.6875 0.4625 0.0515625 0.03984375
0 0.81484375 0.61015625 0.05390625 0.06015625
0 0.42265625 0.74140625 0.0421875 0.0453125
0 0.38046875 0.74140625 0.04296875 0.0453125