0 0.12421875 0.08203125 0.0328125 0.0828125
0 0.21015625 0.08515625 0.02890625 0.0765625
0 0.27421875 0.08515625 0.02890625 0.0765625
0 0.36171875 0.0796875 0.034375 0.08671875
0 0.3640625 0.65 0.02890625 0.07578125
0 0.1203125 0.65078125 0.02890625 0.07734375
0 0.09921875 0.1953125 0.0328125 0.05234375
0 0.13359375 0.34375 0.0265625 0.040625
0 0.35078125 0.34453125 0.0265625 0.040625
0 0.38515625 0.19453125 0.0328125 0.05234375
0 0.684375 0.209375 0.03203125 0.053125
0 0.81875 0.20859375 0.03125 0.0515625
0 0.634375 0.27265625 0.02890625 0.06171875
0 0.86875 0.271875 0.02890625 0.06015625
0 0.596875 0.30078125 0.0328125 0.05234375
0 0.596875 0.3734375 0.0328125 0.0515625
0 0.6296875 0.44375 0.02890625 0.06015625
0 0.90703125 0.3734375 0.0328125 0.05234375
0 0.90703125 0.3015625 0.0328125 0.05234375
0 0.8734375 0.44296875 0.02890625 0.06015625
0 0.6296875 0.5953125 0.02890625 0.06953125
0 0.87421875 0.5953125 0.028125 0.06953125