0 0.553125 0.70390625 0.03125 0.0453125
0 0.4734375 0.70234375 0.03515625 0.0484375
0 0.45625 0.87734375 0.03203125 0.0390625
0 0.46171875 0.91484375 0.03828125 0.03046875
0 0.31328125 0.91484375 0.03828125 0.03046875
0 0.3703125 0.95390625 0.03359375 0.03828125
0 0.54140625 0.953125 0.03203125 0.03515625
0 0.93515625 0.134375 0.03515625 0.04609375
0 0.80234375 0.50390625 0.03671875 0.04765625
0 0.96171875 0.3625 0.0390625 0.03203125
0 0.79296875 0.3515625 0.03828125 0.03125
0 0.64140625 0.50390625 0.03203125 0.03828125
0 0.28203125 0.28359375 0.03125 0.02578125
0 0.28203125 0.34140625 0.03125 0.02578125
0 0.20859375 0.2671875 0.03359375 0.0359375
0 0.16953125 0.275 0.0390625 0.03203125