0 0.30234375 0.925 0.0484375 0.03203125
0 0.4078125 0.77109375 0.0390625 0.04453125
0 0.47265625 0.79921875 0.05078125 0.0359375
0 0.39921875 0.72890625 0.0359375 0.0234375
0 0.2875 0.821875 0.04609375 0.040625
0 0.28671875 0.9203125 0.04765625 0.0453125
0 0.2125 0.93046875 0.0734375 0.065625
0 0.1390625 0.93046875 0.07421875 0.065625
0 0.6890625 0.815625 0.053125 0.03828125
0 0.47109375 0.60859375 0.04921875 0.034375
0 0.67578125 0.12578125 0.04609375 0.0515625
0 0.67578125 0.0890625 0.04609375 0.0515625
0 0.41015625 0.33828125 0.04375 0.0296875
0 0.37265625 0.33828125 0.04375 0.0296875
0 0.471875 0.3375 0.04140625 0.02890625
0 0.81171875 0.2765625 0.04296875 0.03984375
0 0.70390625 0.278125 0.03828125 0.0359375
0 0.7578125 0.21484375 0.046875 0.0328125
0 0.75859375 0.33828125 0.0484375 0.034375
0 0.66015625 0.34765625 0.03359375 0.03046875
0 0.63046875 0.33671875 0.04453125 0.03046875
0 0.59140625 0.33671875 0.04453125 0.03046875
0 0.234375 0.2171875 0.05234375 0.03671875
0 0.22734375 0.38125 0.04921875 0.04296875
0 0.36328125 0.38046875 0.04765625 0.04140625
0 0.18125 0.34453125 0.0390625 0.0265625