0 0.71328125 0.88046875 0.05078125 0.03359375
0 0.60234375 0.71875 0.04140625 0.046875
0 0.53359375 0.74921875 0.05390625 0.0375
0 0.6109375 0.67421875 0.0375 0.025
0 0.72890625 0.771875 0.04921875 0.04296875
0 0.7296875 0.87578125 0.05 0.04765625
0 0.8078125 0.88671875 0.07734375 0.06953125
0 0.88515625 0.88671875 0.078125 0.06953125
0 0.30546875 0.765625 0.05625 0.03984375
0 0.5359375 0.54765625 0.0515625 0.03671875
0 0.31953125 0.03828125 0.0484375 0.0546875
0 0.31953125 0.0140625 0.0484375 0.02734375
0 0.6 0.2625 0.04609375 0.03125
0 0.6390625 0.2625 0.04609375 0.03125
0 0.534375 0.26171875 0.04375 0.03046875
0 0.1765625 0.19765625 0.0453125 0.0421875
0 0.28984375 0.2 0.03984375 0.0375
0 0.2328125 0.13359375 0.04921875 0.034375
0 0.23203125 0.2625 0.05078125 0.0359375
0 0.33671875 0.27265625 0.0359375 0.0328125
0 0.36796875 0.26171875 0.046875 0.0328125
0 0.40859375 0.26171875 0.046875 0.0328125
0 0.784375 0.13515625 0.0546875 0.0390625
0 0.7921875 0.3078125 0.0515625 0.0453125
0 0.64921875 0.30703125 0.05 0.04375
0 0.84140625 0.26875 0.04140625 0.028125