0 0.64609375 0.90625 0.05390625 0.1046875
0 0.5921875 0.90625 0.053125 0.1046875
0 0.70703125 0.33359375 0.0625 0.09140625
0 0.73203125 0.3703125 0.0625 0.09140625
0 0.6828125 0.1921875 0.03359375 0.065625
0 0.73203125 0.75234375 0.04296875 0.053125
0 0.91640625 0.49140625 0.03515625 0.0625
0 0.76953125 0.83671875 0.03984375 0.08515625
0 0.9171875 0.65859375 0.034375 0.0609375
0 0.76015625 0.596875 0.0375 0.06484375
0 0.18515625 0.34140625 0.06171875 0.08984375
0 0.2109375 0.37734375 0.06171875 0.08984375
0 0.25078125 0.85 0.03984375 0.08125
0 0.31171875 0.67890625 0.03984375 0.05
0 0.3125 0.43046875 0.04140625 0.053125
0 0.2515625 0.7453125 0.04140625 0.06875
0 0.15234375 0.55390625 0.0328125 0.040625
0 0.1546875 0.6109375 0.03828125 0.0484375