0 0.56171875 0.85703125 0.03671875 0.078125
0 0.46953125 0.74296875 0.04609375 0.06875
0 0.32578125 0.5140625 0.03046875 0.065625
0 0.35234375 0.45078125 0.034375 0.04921875
0 0.76328125 0.43671875 0.03828125 0.078125
0 0.62578125 0.26484375 0.04375 0.0671875
0 0.5703125 0.45546875 0.03515625 0.071875
0 0.6296875 0.56328125 0.03125 0.06640625
0 0.5140625 0.678125 0.02890625 0.0625
0 0.56015625 0.68359375 0.03515625 0.07421875
0 0.5484375 0.60859375 0.03828125 0.0578125
0 0.54921875 0.46796875 0.0390625 0.059375