0 0.275 0.9265625 0.02578125 0.04140625
0 0.5328125 0.88515625 0.0484375 0.05625
0 0.6078125 0.60390625 0.02578125 0.04296875
0 0.271875 0.646875 0.025 0.04453125
0 0.19765625 0.778125 0.03046875 0.03046875
0 0.1140625 0.79765625 0.0203125 0.028125
0 0.16875 0.8296875 0.02421875 0.03203125
0 0.2203125 0.79609375 0.02734375 0.03671875
0 0.5546875 0.775 0.02421875 0.0328125
0 0.6125 0.74375 0.034375 0.03125
0 0.559375 0.74375 0.03046875 0.0296875
0 0.49609375 0.84140625 0.0453125 0.05234375
0 0.27109375 0.15546875 0.02734375 0.04453125
0 0.30625 0.2453125 0.02890625 0.02890625
0 0.5171875 0.2453125 0.02890625 0.02890625
0 0.3109375 0.3 0.0265625 0.03515625
0 0.4515625 0.3 0.0265625 0.0359375
0 0.5140625 0.27109375 0.02421875 0.0328125
0 0.25625 0.33828125 0.02421875 0.03125