0 0.6625 0.84765625 0.0234375 0.03828125
0 0.42265625 0.809375 0.0453125 0.05234375
0 0.353125 0.5484375 0.02421875 0.03984375
0 0.66484375 0.58828125 0.0234375 0.04140625
0 0.73359375 0.71015625 0.028125 0.028125
0 0.81171875 0.728125 0.01875 0.02578125
0 0.76015625 0.7578125 0.021875 0.0296875
0 0.7125 0.7265625 0.025 0.03359375
0 0.40234375 0.70703125 0.02265625 0.03046875
0 0.3484375 0.678125 0.03203125 0.02890625
0 0.3984375 0.678125 0.028125 0.02734375
0 0.45625 0.76875 0.0421875 0.04921875
0 0.665625 0.13203125 0.02578125 0.04140625
0 0.6328125 0.21484375 0.02734375 0.02734375
0 0.43671875 0.21484375 0.0265625 0.0265625
0 0.628125 0.26640625 0.02421875 0.0328125
0 0.49765625 0.26640625 0.025 0.0328125
0 0.43984375 0.2390625 0.021875 0.03046875
0 0.6796875 0.3015625 0.021875 0.02890625