0 0.34765625 0.32265625 0.0296875 0.03828125
0 0.11796875 0.44296875 0.03828125 0.05703125
0 0.11796875 0.5 0.03828125 0.0578125
0 0.34765625 0.39296875 0.02421875 0.03828125
0 0.4609375 0.50234375 0.01875 0.028125
0 0.378125 0.38046875 0.0203125 0.0453125
0 0.3375 0.44609375 0.01953125 0.0453125
0 0.41484375 0.47109375 0.03125 0.059375
0 0.74375 0.709375 0.02265625 0.0546875
0 0.92890625 0.51171875 0.025 0.0359375
0 0.75234375 0.34140625 0.01953125 0.05078125
0 0.79921875 0.578125 0.03046875 0.0578125
0 0.86171875 0.5640625 0.0203125 0.0453125
0 0.68125 0.57265625 0.01484375 0.03515625
0 0.6421875 0.5796875 0.03125 0.059375