0 0.415625 0.07265625 0.02265625 0.07734375
0 0.39375 0.07265625 0.02265625 0.07734375
0 0.1671875 0.19609375 0.028125 0.090625
0 0.575 0.809375 0.01015625 0.0515625
0 0.55546875 0.82734375 0.028125 0.08828125
0 0.14921875 0.615625 0.046875 0.10078125
0 0.1640625 0.490625 0.028125 0.071875
0 0.28359375 0.48671875 0.03125 0.07890625
0 0.4703125 0.490625 0.028125 0.071875
0 0.73125 0.55703125 0.028125 0.071875
0 0.61171875 0.53046875 0.0453125 0.09609375
0 0.57734375 0.65859375 0.009375 0.034375
0 0.55703125 0.6375 0.02890625 0.07578125
0 0.53515625 0.528125 0.03984375 0.08515625
0 0.43515625 0.20390625 0.02578125 0.040625
0 0.43515625 0.24375 0.02578125 0.040625
0 0.21015625 0.4453125 0.03671875 0.06484375
0 0.27109375 0.6703125 0.034375 0.059375
0 0.734375 0.43515625 0.03515625 0.06015625
0 0.84140625 0.43828125 0.04140625 0.05859375
0 0.8890625 0.41640625 0.040625 0.065625