0 0.41015625 0.0546875 0.02421875 0.08203125
0 0.3859375 0.0546875 0.02421875 0.08203125
0 0.14609375 0.18671875 0.03046875 0.09609375
0 0.578125 0.83671875 0.0109375 0.0546875
0 0.55703125 0.85625 0.0296875 0.09375
0 0.12734375 0.63125 0.05 0.10703125
0 0.14296875 0.4984375 0.03046875 0.0765625
0 0.26953125 0.49453125 0.03359375 0.084375
0 0.46796875 0.4984375 0.03046875 0.0765625
0 0.74375 0.56953125 0.0296875 0.0765625
0 0.6171875 0.540625 0.0484375 0.10234375
0 0.58046875 0.6765625 0.01015625 0.03671875
0 0.559375 0.6546875 0.03125 0.08046875
0 0.5359375 0.53828125 0.04296875 0.090625
0 0.43046875 0.19453125 0.02734375 0.04296875
0 0.43046875 0.2375 0.02734375 0.04296875
0 0.1921875 0.45078125 0.0390625 0.06875
0 0.25625 0.6890625 0.03671875 0.06328125
0 0.746875 0.43984375 0.03671875 0.0640625
0 0.8609375 0.44296875 0.04375 0.0625
0 0.91171875 0.4203125 0.04296875 0.06953125