0 0.32734375 0.49453125 0.03359375 0.05546875
0 0.3609375 0.49453125 0.03359375 0.05546875
0 0.609375 0.71796875 0.0296875 0.02734375
0 0.43359375 0.68359375 0.02109375 0.03359375
0 0.49296875 0.65546875 0.02109375 0.0328125
0 0.5484375 0.68359375 0.02109375 0.0328125
0 0.5828125 0.6578125 0.01796875 0.02890625
0 0.41796875 0.79609375 0.0234375 0.0265625
0 0.384375 0.790625 0.021875 0.034375
0 0.4359375 0.60078125 0.0203125 0.03203125
0 0.43828125 0.775 0.02109375 0.0328125
0 0.5421875 0.746875 0.0203125 0.0328125
0 0.496875 0.78359375 0.0234375 0.0265625
0 0.49609375 0.8203125 0.02421875 0.02734375
0 0.5515625 0.78203125 0.0234375 0.0265625
0 0.5640625 0.7484375 0.01640625 0.01796875
0 0.5609375 0.71953125 0.0234375 0.0265625
0 0.534375 0.7421875 0.02265625 0.02578125
0 0.465625 0.71171875 0.0140625 0.0234375
0 0.3328125 0.04609375 0.0203125 0.03984375
0 0.3328125 0.0734375 0.0203125 0.03984375
0 0.39140625 0.4140625 0.021875 0.04140625
0 0.34140625 0.2390625 0.0203125 0.0328125
0 0.39140625 0.2390625 0.0203125 0.0328125
0 0.4 0.25 0.0234375 0.0265625
0 0.4203125 0.28671875 0.025 0.02734375
0 0.38203125 0.19921875 0.0234375 0.02734375
0 0.3203125 0.2859375 0.025 0.02734375
0 0.23515625 0.26484375 0.01953125 0.03125
0 0.265625 0.26484375 0.01953125 0.03125
0 0.3921875 0.32265625 0.02109375 0.03359375
0 0.32421875 0.29453125 0.0203125 0.03203125
0 0.35546875 0.2953125 0.01953125 0.03125
0 0.38515625 0.38046875 0.02109375 0.0234375
0 0.659375 0.3015625 0.02578125 0.028125
0 0.65234375 0.2046875 0.0203125 0.0328125
0 0.6484375 0.3640625 0.025 0.028125
0 0.5984375 0.2859375 0.025 0.02734375
0 0.65234375 0.26953125 0.02109375 0.0328125