0 0.528125 0.63125 0.05 0.05703125
0 0.6625 0.8078125 0.05546875 0.03828125
0 0.76015625 0.8171875 0.04765625 0.04765625
0 0.32734375 0.87578125 0.0453125 0.04453125
0 0.6171875 0.87421875 0.05 0.0484375
0 0.3109375 0.67734375 0.04375 0.0296875
0 0.31328125 0.778125 0.0484375 0.034375
0 0.21171875 0.89921875 0.0390625 0.04296875
0 0.2109375 0.78671875 0.040625 0.04296875
0 0.6125 0.7515625 0.0359375 0.02734375
0 0.11015625 0.240625 0.0625 0.03828125
0 0.15625 0.240625 0.0625 0.03828125
0 0.53046875 0.45859375 0.015625 0.028125
0 0.4984375 0.47265625 0.0484375 0.05546875
0 0.62578125 0.346875 0.03359375 0.0359375
0 0.53046875 0.3671875 0.01484375 0.0203125
0 0.49921875 0.38125 0.0484375 0.0484375
0 0.69296875 0.33515625 0.05 0.0359375
0 0.69375 0.23046875 0.0515625 0.03671875