0 0.68671875 0.10390625 0.040625 0.06328125
0 0.7015625 0.69296875 0.0421875 0.06484375
0 0.7703125 0.83125 0.046875 0.04765625
0 0.7703125 0.70390625 0.04609375 0.046875
0 0.75078125 0.63515625 0.03828125 0.04140625
0 0.7171875 0.434375 0.03828125 0.040625
0 0.65 0.575 0.040625 0.04296875
0 0.36953125 0.4265625 0.03828125 0.04140625
0 0.359375 0.48671875 0.03359375 0.0484375
0 0.3140625 0.4453125 0.03359375 0.046875
0 0.2546875 0.55 0.0328125 0.046875
0 0.27421875 0.3984375 0.03984375 0.04296875
0 0.296875 0.28828125 0.05234375 0.06328125