0 0.546875 0.84765625 0.0765625 0.053125
0 0.4765625 0.78828125 0.07109375 0.08046875
0 0.39375 0.61796875 0.05 0.05234375
0 0.475 0.61328125 0.0609375 0.06171875
0 0.3640625 0.5703125 0.06640625 0.04765625
0 0.30546875 0.4609375 0.07265625 0.05234375
0 0.37890625 0.39921875 0.06171875 0.06171875
0 0.13359375 0.478125 0.04765625 0.04921875
0 0.24140625 0.6484375 0.06015625 0.04140625
0 0.43359375 0.1328125 0.07421875 0.05234375
0 0.68125 0.215625 0.06484375 0.07578125
0 0.68125 0.16015625 0.06484375 0.07578125