0 0.0515625 0.5046875 0.06875 0.07109375
0 0.009375 0.66640625 0.01875 0.07265625
0 0.65390625 0.8765625 0.0546875 0.09453125
0 0.1125 0.4203125 0.04921875 0.078125
0 0.20625 0.4171875 0.053125 0.08359375
0 0.821875 0.50078125 0.06328125 0.07421875
0 0.76640625 0.4796875 0.04140625 0.06640625
0 0.88125 0.4796875 0.0421875 0.06796875
0 0.73984375 0.2953125 0.06015625 0.06875
0 0.88046875 0.3125 0.03984375 0.06171875
0 0.65390625 0.7484375 0.05546875 0.08359375
0 0.7265625 0.684375 0.04140625 0.06484375
0 0.06796875 0.2828125 0.040625 0.06875
0 0.30390625 0.55546875 0.06171875 0.071875
0 0.2390625 0.64375 0.04921875 0.07890625