0 0.61171875 0.79140625 0.04375 0.03984375
0 0.61171875 0.7515625 0.04375 0.03984375
0 0.6265625 0.6421875 0.025 0.04921875
0 0.6265625 0.675 0.025 0.04921875
0 0.5171875 0.63515625 0.0265625 0.0390625
0 0.43984375 0.63046875 0.02734375 0.03125
0 0.4171875 0.7234375 0.0234375 0.03515625
0 0.42265625 0.775 0.028125 0.03125
0 0.421875 0.8578125 0.0296875 0.03359375
0 0.534375 0.815625 0.025 0.0375
0 0.44140625 0.6859375 0.02578125 0.028125
0 0.40703125 0.61953125 0.03046875 0.03515625
0 0.290625 0.60078125 0.028125 0.03203125
0 0.25078125 0.73984375 0.02109375 0.03125
0 0.253125 0.815625 0.02890625 0.0390625
0 0.428125 0.58515625 0.02109375 0.03203125
0 0.2609375 0.584375 0.02421875 0.040625
0 0.275 0.7828125 0.0203125 0.021875
0 0.52890625 0.225 0.04140625 0.03515625
0 0.72890625 0.4109375 0.021875 0.046875
0 0.75078125 0.4109375 0.021875 0.046875
0 0.65 0.19375 0.028125 0.0296875
0 0.77421875 0.23125 0.0234375 0.03671875
0 0.79765625 0.23125 0.0234375 0.03671875
0 0.83515625 0.25859375 0.0359375 0.040625
0 0.60390625 0.240625 0.02421875 0.0375
0 0.68671875 0.37265625 0.0234375 0.025
0 0.60390625 0.18984375 0.0234375 0.0359375
0 0.5625 0.16328125 0.0171875 0.02734375
0 0.56796875 0.2265625 0.0296875 0.0328125
0 0.6953125 0.35703125 0.02421875 0.0375
0 0.83515625 0.32578125 0.02109375 0.0328125
0 0.75390625 0.03046875 0.02109375 0.0234375
0 0.75390625 0.05390625 0.02109375 0.0234375
0 0.78203125 0.0328125 0.01953125 0.021875
0 0.78203125 0.0546875 0.01953125 0.021875
0 0.234375 0.4 0.01640625 0.03984375
0 0.2515625 0.4 0.01640625 0.03984375
0 0.23515625 0.378125 0.0171875 0.03984375
0 0.2515625 0.378125 0.0171875 0.03984375
0 0.2984375 0.18359375 0.0296875 0.0328125
0 0.2984375 0.24140625 0.02890625 0.0328125
0 0.29921875 0.30859375 0.028125 0.03046875
0 0.2953125 0.1046875 0.01953125 0.0296875
0 0.15234375 0.18359375 0.0296875 0.03359375
0 0.13046875 0.28984375 0.021875 0.02421875
0 0.153125 0.33671875 0.01875 0.0296875
0 0.29453125 0.1578125 0.01875 0.02890625
0 0.26484375 0.1578125 0.0171875 0.02734375
0 0.23828125 0.1578125 0.0171875 0.02734375
0 0.21015625 0.15859375 0.01875 0.02890625
0 0.18046875 0.1578125 0.01875 0.02890625
0 0.15390625 0.15859375 0.01875 0.02890625