0 0.53515625 0.23671875 0.04609375 0.0984375
0 0.53515625 0.1640625 0.04609375 0.09921875
0 0.8609375 0.40703125 0.04765625 0.0953125
0 0.78125 0.575 0.046875 0.103125
0 0.20390625 0.89375 0.046875 0.09921875
0 0.75078125 0.090625 0.04453125 0.0953125
0 0.6421875 0.72734375 0.03671875 0.06875
0 0.69140625 0.74453125 0.06328125 0.07109375
0 0.73671875 0.74453125 0.06328125 0.07109375
0 0.53125 0.75859375 0.04609375 0.0625
0 0.15703125 0.515625 0.04296875 0.0578125
0 0.0390625 0.403125 0.0375 0.06875
0 0.11796875 0.5953125 0.04765625 0.06484375
0 0.2015625 0.76484375 0.04609375 0.08203125
0 0.1703125 0.4 0.04140625 0.075
0 0.61875 0.5 0.04453125 0.059375
0 0.625 0.43125 0.0390625 0.0703125