0 0.53671875 0.228125 0.04765625 0.10078125
0 0.53671875 0.15390625 0.04765625 0.1015625
0 0.87109375 0.403125 0.04921875 0.09765625
0 0.78984375 0.57578125 0.0484375 0.10546875
0 0.196875 0.90234375 0.0484375 0.1015625
0 0.7578125 0.078125 0.04609375 0.09765625
0 0.646875 0.73203125 0.03828125 0.0703125
0 0.69765625 0.74921875 0.06484375 0.07265625
0 0.74375 0.74921875 0.06484375 0.07265625
0 0.5328125 0.7640625 0.04765625 0.0640625
0 0.1484375 0.51484375 0.04375 0.059375
0 0.02734375 0.39921875 0.03828125 0.0703125
0 0.10859375 0.59609375 0.04921875 0.06640625
0 0.19375 0.7703125 0.04765625 0.084375
0 0.16171875 0.39609375 0.0421875 0.0765625
0 0.62265625 0.4984375 0.0453125 0.0609375
0 0.62890625 0.42734375 0.03984375 0.071875