0 0.75234375 0.27578125 0.04296875 0.03515625
0 0.5609375 0.2890625 0.02890625 0.05
0 0.6984375 0.80390625 0.03515625 0.0578125
0 0.62265625 0.85078125 0.03984375 0.03828125
0 0.76171875 0.6828125 0.03359375 0.034375
0 0.76171875 0.63515625 0.0328125 0.03359375
0 0.6609375 0.678125 0.034375 0.0359375
0 0.690625 0.54921875 0.034375 0.034375
0 0.5984375 0.49140625 0.03359375 0.034375
0 0.621875 0.653125 0.03828125 0.0453125
0 0.55390625 0.55859375 0.04375 0.05234375
0 0.56484375 0.4515625 0.028125 0.03828125