0 0.746875 0.278125 0.04296875 0.03515625
0 0.55390625 0.29140625 0.02890625 0.05
0 0.6921875 0.80859375 0.03515625 0.0578125
0 0.61640625 0.85625 0.03984375 0.03828125
0 0.75546875 0.6875 0.03359375 0.034375
0 0.75546875 0.6390625 0.0328125 0.03359375
0 0.65390625 0.6828125 0.034375 0.0359375
0 0.684375 0.553125 0.034375 0.03515625
0 0.5921875 0.4953125 0.03359375 0.03515625
0 0.61484375 0.6578125 0.03828125 0.0453125
0 0.546875 0.5625 0.04453125 0.05234375
0 0.5578125 0.45546875 0.028125 0.0390625