0 0.278125 0.50546875 0.0390625 0.07109375
0 0.55 0.68125 0.06640625 0.0625
0 0.55 0.74296875 0.06640625 0.06171875
0 0.834375 0.82421875 0.0421875 0.06953125
0 0.6828125 0.1796875 0.03984375 0.07265625
0 0.68203125 0.590625 0.0421875 0.07578125
0 0.64375 0.278125 0.0421875 0.0453125
0 0.7609375 0.41484375 0.0359375 0.05
0 0.80234375 0.3640625 0.0421875 0.0453125
0 0.84140625 0.31328125 0.04765625 0.06015625
0 0.278125 0.38828125 0.0359375 0.05
0 0.346875 0.34375 0.0375 0.0515625
0 0.17578125 0.3359375 0.04296875 0.04609375
0 0.17578125 0.278125 0.04296875 0.046875
0 0.27109375 0.22734375 0.0375 0.0515625
0 0.68125 0.4765625 0.0375 0.0515625
0 0.9109375 0.83515625 0.0453125 0.04296875