0 0.23515625 0.8625 0.03203125 0.11015625
0 0.440625 0.6171875 0.028125 0.09921875
0 0.03671875 0.3203125 0.03984375 0.07109375
0 0.03671875 0.484375 0.0390625 0.0703125
0 0.21328125 0.4640625 0.03203125 0.071875
0 0.184375 0.6046875 0.03203125 0.07109375
0 0.1453125 0.5859375 0.025 0.07109375
0 0.184375 0.33515625 0.03203125 0.071875
0 0.134375 0.18125 0.025 0.053125
0 0.17890625 0.23828125 0.028125 0.08125
0 0.23515625 0.6953125 0.03203125 0.08984375
0 0.5484375 0.484375 0.03828125 0.0703125
0 0.6953125 0.3328125 0.03203125 0.07109375
0 0.7625 0.55234375 0.028125 0.07890625
0 0.6953125 0.5375 0.03203125 0.071875