0 0.7640625 0.7640625 0.0484375 0.12421875
0 0.7640625 0.85078125 0.0484375 0.12421875
0 0.2921875 0.91953125 0.0546875 0.1359375
0 0.09609375 0.06875 0.06953125 0.08515625
0 0.14375 0.06875 0.06875 0.08515625
0 0.371875 0.43828125 0.0421875 0.08828125
0 0.36484375 0.10703125 0.0484375 0.075
0 0.153125 0.80703125 0.0484375 0.0765625
0 0.1078125 0.62890625 0.05625 0.0875
0 0.10234375 0.51875 0.05625 0.08828125
0 0.734375 0.134375 0.04921875 0.0765625
0 0.85703125 0.48359375 0.04140625 0.0921875
0 0.8625 0.209375 0.04296875 0.08984375
0 0.8515625 0.39453125 0.0484375 0.07734375
0 0.3140625 0.35703125 0.04765625 0.09765625
0 0.2921875 0.74375 0.05390625 0.109375
0 0.40078125 0.6578125 0.04140625 0.0859375
0 0.87421875 0.11875 0.0546875 0.0859375