0 0.7875 0.9203125 0.05625 0.08203125
0 0.765625 0.159375 0.06875 0.06171875
0 0.765625 0.42421875 0.06796875 0.06015625
0 0.71015625 0.64765625 0.065625 0.0578125
0 0.646875 0.61953125 0.053125 0.06953125
0 0.8703125 0.61953125 0.053125 0.06953125
0 0.784375 0.81796875 0.0546875 0.071875
0 0.653125 0.18359375 0.053125 0.06953125
0 0.24765625 0.01328125 0.06953125 0.0265625
0 0.35390625 0.6171875 0.05234375 0.06875
0 0.24375 0.61796875 0.05390625 0.06953125
0 0.18046875 0.54921875 0.0625 0.05546875
0 0.17890625 0.45703125 0.065625 0.05859375