0 0.26015625 0.93046875 0.053125 0.07734375
0 0.28046875 0.21640625 0.0640625 0.0578125
0 0.28046875 0.46484375 0.06328125 0.05625
0 0.33203125 0.675 0.06171875 0.05390625
0 0.3921875 0.64765625 0.05 0.06484375
0 0.1828125 0.64765625 0.05 0.06484375
0 0.26328125 0.834375 0.0515625 0.0671875
0 0.3859375 0.2390625 0.05 0.06484375
0 0.76640625 0.04609375 0.065625 0.09140625
0 0.6671875 0.64609375 0.04921875 0.0640625
0 0.7703125 0.64609375 0.05078125 0.06484375
0 0.83046875 0.58203125 0.05859375 0.05234375
0 0.83203125 0.4953125 0.06171875 0.0546875