0 0.75703125 0.125 0.05 0.09296875
0 0.75703125 0.19765625 0.05 0.09375
0 0.96953125 0.709375 0.05859375 0.06484375
0 0.38828125 0.89765625 0.05546875 0.1
0 0.034375 0.52890625 0.06171875 0.06484375
0 0.225 0.4296875 0.05078125 0.06015625
0 0.22421875 0.6359375 0.05234375 0.06171875
0 0.17578125 0.440625 0.04140625 0.06953125
0 0.2734375 0.36328125 0.0375 0.06328125
0 0.38984375 0.68671875 0.0515625 0.084375
0 0.30390625 0.6953125 0.03984375 0.06640625
0 0.72265625 0.771875 0.05078125 0.059375
0 0.89296875 0.63515625 0.0421875 0.071875
0 0.89296875 0.490625 0.0421875 0.0734375
0 0.8375 0.49765625 0.05 0.0578125