0 0.33828125 0.47265625 0.0640625 0.0375
0 0.3421875 0.19609375 0.0546875 0.0359375
0 0.3390625 0.09375 0.0484375 0.03125
0 0.17109375 0.21328125 0.04140625 0.04296875
0 0.1296875 0.8921875 0.065625 0.06953125
0 0.1953125 0.8921875 0.065625 0.06953125
0 0.6671875 0.88515625 0.04921875 0.0546875
0 0.28359375 0.48671875 0.04296875 0.04375
0 0.159375 0.4890625 0.0375 0.0390625
0 0.16015625 0.46484375 0.0390625 0.0390625
0 0.15078125 0.4796875 0.04140625 0.02734375
0 0.18046875 0.4109375 0.04609375 0.03125
0 0.2875 0.34375 0.03515625 0.0359375
0 0.721875 0.7296875 0.03515625 0.0359375
0 0.78125 0.8234375 0.0375 0.025
0 0.66640625 0.82734375 0.04921875 0.04609375
0 0.78828125 0.71953125 0.0515625 0.03671875
0 0.7890625 0.67265625 0.0515625 0.0375
0 0.70234375 0.66953125 0.04921875 0.04609375