0 0.4328125 0.79296875 0.05234375 0.08828125
0 0.49453125 0.18984375 0.04140625 0.084375
0 0.49453125 0.13046875 0.0421875 0.08515625
0 0.2046875 0.13046875 0.0421875 0.084375
0 0.68671875 0.3921875 0.03984375 0.0484375
0 0.54609375 0.43671875 0.03515625 0.05625
0 0.21953125 0.2828125 0.040625 0.05078125
0 0.50546875 0.30625 0.03828125 0.04609375
0 0.34921875 0.43515625 0.03359375 0.0390625
0 0.31171875 0.209375 0.05234375 0.065625
0 0.45078125 0.36171875 0.034375 0.05859375
0 0.41328125 0.52421875 0.03984375 0.0453125
0 0.37578125 0.59609375 0.05078125 0.0609375
0 0.76171875 0.58828125 0.040625 0.06484375
0 0.70859375 0.58828125 0.040625 0.06484375
0 0.43359375 0.6375 0.0515625 0.08046875
0 0.51640625 0.65078125 0.0328125 0.053125