0 0.57734375 0.78203125 0.05390625 0.090625
0 0.51328125 0.1625 0.04296875 0.08671875
0 0.5140625 0.1015625 0.04375 0.08671875
0 0.81171875 0.1015625 0.04375 0.08671875
0 0.315625 0.37109375 0.040625 0.04921875
0 0.46015625 0.41640625 0.0359375 0.0578125
0 0.79609375 0.25859375 0.0421875 0.05234375
0 0.50234375 0.28203125 0.0390625 0.04765625
0 0.66328125 0.41484375 0.034375 0.03984375
0 0.7015625 0.1828125 0.05390625 0.0671875
0 0.55859375 0.3390625 0.03515625 0.06015625
0 0.59765625 0.50625 0.040625 0.046875
0 0.6359375 0.5796875 0.05234375 0.0625
0 0.23828125 0.571875 0.0421875 0.0671875
0 0.29296875 0.571875 0.0421875 0.0671875
0 0.57578125 0.62265625 0.053125 0.0828125
0 0.49140625 0.6359375 0.03359375 0.0546875