0 0.65 0.37421875 0.0109375 0.03515625
0 0.73828125 0.50234375 0.015625 0.025
0 0.75625 0.528125 0.009375 0.0265625
0 0.75625 0.5484375 0.009375 0.0265625
0 0.67578125 0.4328125 0.0078125 0.021875
0 0.65078125 0.4375 0.01171875 0.03046875
0 0.63046875 0.44140625 0.01171875 0.021875
0 0.628125 0.53046875 0.0109375 0.01953125
0 0.603125 0.575 0.01015625 0.0171875
0 0.59375 0.55234375 0.0078125 0.021875
0 0.59453125 0.5078125 0.00859375 0.02421875
0 0.6546875 0.5421875 0.0109375 0.0203125
0 0.6828125 0.46796875 0.01015625 0.028125
0 0.69609375 0.44296875 0.0125 0.02265625
0 0.6203125 0.08515625 0.01015625 0.03125
0 0.6203125 0.06171875 0.01015625 0.03203125
0 0.66953125 0.30546875 0.0109375 0.03515625
0 0.65703125 0.16484375 0.009375 0.025
0 0.6265625 0.2140625 0.01171875 0.02265625
0 0.69609375 0.21328125 0.0125 0.0234375
0 0.69921875 0.125 0.009375 0.025
0 0.70234375 0.16640625 0.009375 0.0171875
0 0.66953125 0.2203125 0.0109375 0.02734375