0 0.30546875 0.44375 0.01171875 0.03671875
0 0.21328125 0.578125 0.01640625 0.02578125
0 0.19453125 0.6046875 0.01015625 0.028125
0 0.19453125 0.6265625 0.01015625 0.028125
0 0.27890625 0.50546875 0.00859375 0.0234375
0 0.3046875 0.51015625 0.0125 0.03203125
0 0.3265625 0.5140625 0.0125 0.0234375
0 0.32890625 0.6078125 0.0109375 0.0203125
0 0.3546875 0.65390625 0.01015625 0.01796875
0 0.3640625 0.63046875 0.00859375 0.0234375
0 0.3640625 0.584375 0.009375 0.025
0 0.30078125 0.61953125 0.01171875 0.02109375
0 0.27109375 0.5421875 0.0109375 0.02890625
0 0.25703125 0.515625 0.0125 0.0234375
0 0.33671875 0.140625 0.0109375 0.0328125
0 0.33671875 0.11640625 0.0109375 0.03359375
0 0.28515625 0.371875 0.01171875 0.03671875
0 0.2984375 0.225 0.01015625 0.0265625
0 0.33046875 0.27578125 0.0125 0.02421875
0 0.25703125 0.27578125 0.0125 0.025
0 0.2546875 0.18203125 0.01015625 0.0265625
0 0.25078125 0.22578125 0.009375 0.01796875
0 0.28515625 0.2828125 0.01171875 0.028125