0 0.67265625 0.1796875 0.0421875 0.11640625
0 0.43828125 0.1765625 0.0453125 0.12265625
0 0.384375 0.87734375 0.04765625 0.13046875
0 0.19140625 0.54296875 0.0515625 0.08828125
0 0.19140625 0.43515625 0.0515625 0.0875
0 0.38515625 0.63203125 0.04921875 0.10859375
0 0.275 0.6375 0.04453125 0.0984375
0 0.671875 0.44453125 0.0453125 0.10234375
0 0.70234375 0.38046875 0.04453125 0.08828125
0 0.66640625 0.61015625 0.04765625 0.08203125
0 0.703125 0.5875 0.04765625 0.09375
0 0.90078125 0.35390625 0.04921875 0.0875