0 0.29375 0.546875 0.04140625 0.04453125
0 0.40859375 0.54140625 0.040625 0.04296875
0 0.9359375 0.3640625 0.046875 0.04609375
0 0.71796875 0.446875 0.0390625 0.0578125
0 0.68984375 0.24765625 0.02890625 0.04453125
0 0.65078125 0.3875 0.03125 0.02734375
0 0.69375 0.03828125 0.025 0.0390625
0 0.69296875 0.0671875 0.0265625 0.04140625
0 0.5875 0.159375 0.025 0.02109375
0 0.53203125 0.19296875 0.02421875 0.0375
0 0.71875 0.3390625 0.0359375 0.0515625
0 0.7953125 0.33203125 0.040625 0.0421875
0 0.99609375 0.3625 0.0078125 0.05
0 0.1 0.27421875 0.02265625 0.03671875
0 0.0703125 0.27421875 0.02109375 0.0359375
0 0.234375 0.3125 0.025 0.025
0 0.21328125 0.3125 0.025 0.025
0 0.28671875 0.08671875 0.02421875 0.0265625
0 0.1546875 0.08671875 0.025 0.0265625
0 0.2609375 0.25546875 0.03515625 0.03671875
0 0.21484375 0.23984375 0.02109375 0.03046875
0 0.203125 0.25546875 0.03515625 0.03671875