0 0.5375 0.08203125 0.0453125 0.0921875
0 0.24375 0.0828125 0.04453125 0.090625
0 0.7703125 0.87734375 0.053125 0.10078125
0 0.9796875 0.515625 0.040625 0.0703125
0 0.8203125 0.54609375 0.05625 0.0765625
0 0.925 0.29296875 0.04765625 0.08125
0 0.89453125 0.5015625 0.05 0.08515625
0 0.73125 0.390625 0.053125 0.090625
0 0.24609375 0.39921875 0.04921875 0.084375
0 0.18125 0.4890625 0.06015625 0.08203125
0 0.41484375 0.503125 0.05 0.08515625
0 0.2484375 0.58125 0.0515625 0.0890625
0 0.3421875 0.740625 0.05625 0.07734375
0 0.765625 0.765625 0.05234375 0.08984375