0 0.271875 0.1671875 0.05703125 0.059375
0 0.29921875 0.875 0.05625 0.03671875
0 0.26015625 0.790625 0.065625 0.065625
0 0.17578125 0.503125 0.0625 0.0453125
0 0.17578125 0.5609375 0.0625 0.0453125
0 0.25859375 0.6796875 0.06171875 0.05546875
0 0.3828125 0.684375 0.04921875 0.04609375
0 0.765625 0.16640625 0.0578125 0.0625
0 0.678125 0.44765625 0.0640625 0.04609375
0 0.67734375 0.5359375 0.06484375 0.04609375
0 0.7421875 0.38125 0.05859375 0.05625
0 0.77734375 0.4484375 0.05703125 0.040625
0 0.7765625 0.62421875 0.059375 0.0421875
0 0.740625 0.63515625 0.05078125 0.04921875