0 0.72734375 0.18203125 0.05703125 0.059375
0 0.70078125 0.88671875 0.05625 0.03671875
0 0.7390625 0.803125 0.065625 0.065625
0 0.8234375 0.51640625 0.0625 0.0453125
0 0.8234375 0.57421875 0.0625 0.0453125
0 0.740625 0.6921875 0.06171875 0.05546875
0 0.6171875 0.696875 0.0484375 0.0453125
0 0.23671875 0.18125 0.0578125 0.0625
0 0.32421875 0.4609375 0.0640625 0.0453125
0 0.32421875 0.54921875 0.06484375 0.04609375
0 0.26015625 0.3953125 0.05859375 0.05546875
0 0.225 0.4625 0.05703125 0.040625
0 0.22578125 0.63671875 0.059375 0.04140625
0 0.26171875 0.64765625 0.05078125 0.0484375