0 0.25234375 0.7921875 0.02890625 0.078125
0 0.321875 0.7890625 0.02578125 0.071875
0 0.44375 0.44453125 0.040625 0.0484375
0 0.38125 0.48828125 0.02578125 0.0546875
0 0.30859375 0.4578125 0.0296875 0.04765625
0 0.29140625 0.384375 0.04296875 0.07734375
0 0.38203125 0.28046875 0.0265625 0.0546875
0 0.3609375 0.61328125 0.02109375 0.053125
0 0.184375 0.38046875 0.0265625 0.05546875
0 0.8125 0.78984375 0.02578125 0.06953125
0 0.75859375 0.1546875 0.0265625 0.071875
0 0.6265625 0.41875 0.03046875 0.0484375
0 0.6265625 0.3578125 0.03046875 0.0484375
0 0.6265625 0.60703125 0.03046875 0.04921875
0 0.67890625 0.3390625 0.0265625 0.05546875
0 0.8734375 0.35625 0.0390625 0.071875