0 0.68515625 0.7125 0.0328125 0.08828125
0 0.41796875 0.7109375 0.0328125 0.0859375
0 0.66875 0.24609375 0.03984375 0.0703125
0 0.45 0.4296875 0.0359375 0.06484375
0 0.54140625 0.33203125 0.03359375 0.0875
0 0.52578125 0.525 0.0359375 0.065625
0 0.39140625 0.34609375 0.02734375 0.071875
0 0.7078125 0.2375 0.03203125 0.05234375
0 0.70546875 0.5046875 0.03515625 0.06015625
0 0.70859375 0.37265625 0.0296875 0.04765625
0 0.68515625 0.55703125 0.034375 0.0875
0 0.7890625 0.234375 0.028125 0.05
0 0.815625 0.31328125 0.021875 0.06015625
0 0.96484375 0.32265625 0.04296875 0.07265625
0 0.96328125 0.45859375 0.04296875 0.06953125
0 0.41640625 0.83984375 0.03046875 0.0796875
0 0.046875 0.478125 0.028125 0.0734375
0 0.16328125 0.15859375 0.028125 0.07734375
0 0.05 0.15625 0.0265625 0.071875
0 0.1046875 0.39765625 0.0390625 0.0703125
0 0.07421875 0.49140625 0.0359375 0.065625