0 0.4140625 0.20546875 0.05234375 0.04296875
0 0.31015625 0.57578125 0.05703125 0.0453125
0 0.803125 0.57265625 0.04765625 0.03984375
0 0.6296875 0.68359375 0.0703125 0.0328125
0 0.25 0.46015625 0.05625 0.02890625
0 0.30078125 0.42109375 0.05625 0.02890625
0 0.28984375 0.35625 0.075 0.04375
0 0.30625 0.24375 0.05625 0.02890625
0 0.67265625 0.3140625 0.0546875 0.028125
0 0.81953125 0.3453125 0.0453125 0.03046875
0 0.809375 0.4234375 0.06171875 0.0296875
0 0.675 0.5140625 0.059375 0.02890625
0 0.81875 0.49453125 0.05078125 0.0328125