0 0.19453125 0.45390625 0.04375 0.034375
0 0.30703125 0.46796875 0.03125 0.05390625
0 0.771875 0.11875 0.046875 0.040625
0 0.753125 0.90390625 0.0359375 0.059375
0 0.725 0.89609375 0.02109375 0.04375
0 0.25625 0.80859375 0.03046875 0.04609375
0 0.29609375 0.87578125 0.04140625 0.03359375
0 0.24453125 0.55390625 0.03125 0.0484375
0 0.30546875 0.72890625 0.03203125 0.046875
0 0.5625 0.76796875 0.0359375 0.0515625
0 0.490625 0.728125 0.03359375 0.0484375
0 0.45703125 0.76640625 0.03359375 0.0484375
0 0.79609375 0.715625 0.04453125 0.03984375
0 0.76484375 0.6640625 0.03671875 0.03046875
0 0.85859375 0.7015625 0.025 0.03828125
0 0.753125 0.85 0.03359375 0.046875
0 0.72421875 0.84375 0.02265625 0.03515625
0 0.3296875 0.54921875 0.04453125 0.04140625
0 0.45625 0.575 0.0203125 0.034375
0 0.40625 0.69140625 0.02890625 0.04140625
0 0.50234375 0.54921875 0.04140625 0.0375
0 0.83671875 0.2734375 0.03515625 0.05
0 0.871875 0.2734375 0.03515625 0.05