0 0.18125 0.4671875 0.04453125 0.03515625
0 0.296875 0.48203125 0.03203125 0.05546875
0 0.77421875 0.12421875 0.0484375 0.04140625
0 0.7546875 0.9296875 0.03671875 0.0609375
0 0.72578125 0.92109375 0.021875 0.04453125
0 0.2453125 0.83125 0.03125 0.046875
0 0.2859375 0.90078125 0.04296875 0.034375
0 0.23359375 0.5703125 0.03203125 0.04921875
0 0.29609375 0.75 0.0328125 0.0484375
0 0.559375 0.7890625 0.03671875 0.053125
0 0.4859375 0.74921875 0.034375 0.04921875
0 0.4515625 0.78828125 0.034375 0.05
0 0.7984375 0.73671875 0.04609375 0.040625
0 0.76640625 0.68359375 0.0375 0.03125
0 0.8625 0.721875 0.02578125 0.0390625
0 0.7546875 0.8734375 0.034375 0.0484375
0 0.72578125 0.86796875 0.0234375 0.0359375
0 0.3203125 0.565625 0.0453125 0.0421875
0 0.45 0.5921875 0.02109375 0.03515625
0 0.39921875 0.7109375 0.0296875 0.0421875
0 0.49765625 0.565625 0.04296875 0.03828125
0 0.840625 0.2828125 0.0359375 0.05078125
0 0.8765625 0.2828125 0.0359375 0.05078125