0 0.9625 0.6796875 0.0453125 0.08671875
0 0.9171875 0.6796875 0.0453125 0.08671875
0 0.834375 0.23515625 0.04453125 0.05859375
0 0.9 0.16640625 0.0359375 0.05
0 0.2109375 0.75234375 0.03828125 0.08125
0 0.56875 0.0609375 0.04375 0.08984375
0 0.48515625 0.45703125 0.04453125 0.06328125
0 0.48515625 0.1921875 0.0453125 0.065625
0 0.57421875 0.25078125 0.034375 0.065625
0 0.5609375 0.36796875 0.03359375 0.04609375
0 0.16328125 0.54140625 0.0453125 0.06328125
0 0.2 0.425 0.040625 0.05625
0 0.1984375 0.33671875 0.05703125 0.096875
0 0.08125 0.36484375 0.02890625 0.05625
0 0.21171875 0.65078125 0.03828125 0.0703125