0 0.11484375 0.25859375 0.03828125 0.08359375
0 0.428125 0.25859375 0.03828125 0.08359375
0 0.2234375 0.95546875 0.03828125 0.08203125
0 0.4390625 0.953125 0.0359375 0.07890625
0 0.17109375 0.9671875 0.03984375 0.06015625
0 0.1375 0.4671875 0.04296875 0.06328125
0 0.2375 0.86484375 0.04453125 0.06640625
0 0.6203125 0.53203125 0.03515625 0.075
0 0.50625 0.63671875 0.02734375 0.06171875
0 0.590625 0.63671875 0.02734375 0.06171875
0 0.7421875 0.69375 0.03515625 0.0765625
0 0.79296875 0.6921875 0.034375 0.0734375
0 0.928125 0.69453125 0.03671875 0.07890625
0 0.4390625 0.80546875 0.0359375 0.07578125
0 0.55 0.78359375 0.0328125 0.05625
0 0.9296875 0.5375 0.04453125 0.07734375
0 0.94375 0.615625 0.03359375 0.05