0 0.87109375 0.22578125 0.03671875 0.0796875
0 0.57421875 0.22578125 0.03671875 0.0796875
0 0.76875 0.88515625 0.0359375 0.078125
0 0.56484375 0.88359375 0.03359375 0.07421875
0 0.81796875 0.89609375 0.0375 0.05703125
0 0.85 0.42265625 0.040625 0.06015625
0 0.75546875 0.79921875 0.0421875 0.0625
0 0.3921875 0.484375 0.03359375 0.07109375
0 0.0203125 0.565625 0.040625 0.0609375
0 0.50078125 0.58359375 0.02578125 0.05859375
0 0.42109375 0.58359375 0.02578125 0.05859375
0 0.278125 0.6375 0.03359375 0.07265625
0 0.22890625 0.6359375 0.03203125 0.06953125
0 0.1015625 0.63828125 0.034375 0.07421875
0 0.5640625 0.74375 0.034375 0.071875
0 0.459375 0.72265625 0.03125 0.05390625
0 0.1 0.48984375 0.0421875 0.0734375
0 0.08671875 0.56328125 0.03203125 0.04765625