0 0.2078125 0.61875 0.04609375 0.0890625
0 0.5640625 0.7609375 0.04921875 0.09375
0 0.721875 0.3046875 0.04921875 0.06015625
0 0.721875 0.478125 0.04921875 0.06015625
0 0.81875 0.45390625 0.034375 0.05703125
0 0.63046875 0.23515625 0.0421875 0.06875
0 0.64140625 0.5375 0.0453125 0.07265625
0 0.5640625 0.6046875 0.05 0.08046875
0 0.2875 0.13828125 0.03984375 0.04765625
0 0.15859375 0.209375 0.03671875 0.06015625
0 0.16640625 0.32734375 0.0359375 0.04375
0 0.15625 0.4 0.0421875 0.06953125
0 0.1515625 0.13515625 0.03828125 0.04453125