0 0.6484375 0.79765625 0.03359375 0.071875
0 0.85625 0.7984375 0.03515625 0.0734375
0 0.86953125 0.25703125 0.0328125 0.07109375
0 0.86953125 0.2078125 0.0328125 0.07109375
0 0.6328125 0.2578125 0.034375 0.0734375
0 0.63359375 0.20546875 0.034375 0.0734375
0 0.8421875 0.86796875 0.04453125 0.05078125
0 0.66328125 0.86953125 0.04609375 0.053125
0 0.84453125 0.69765625 0.03671875 0.0515625
0 0.66015625 0.58359375 0.03828125 0.05234375
0 0.84453125 0.5796875 0.0375 0.0515625
0 0.6984375 0.565625 0.03125 0.053125
0 0.80703125 0.565625 0.03125 0.053125
0 0.6609375 0.69609375 0.03828125 0.0515625
0 0.60390625 0.62734375 0.03828125 0.05390625
0 0.6484375 0.6359375 0.034375 0.0578125
0 0.90078125 0.6265625 0.0375 0.0515625
0 0.85546875 0.63515625 0.0328125 0.05625
0 0.4046875 0.60390625 0.046875 0.0671875
0 0.36171875 0.5953125 0.03515625 0.05859375
0 0.17265625 0.5953125 0.034375 0.05859375
0 0.35625 0.534375 0.03828125 0.0515625
0 0.1296875 0.6046875 0.046875 0.065625
0 0.178125 0.5359375 0.0375 0.05078125