0 0.82265625 0.83828125 0.03125 0.10625
0 0.56875 0.665625 0.03984375 0.06875
0 0.546875 0.62734375 0.028125 0.08046875
0 0.81953125 0.48828125 0.02734375 0.08046875
0 0.71796875 0.48828125 0.02734375 0.08046875
0 0.6734375 0.2375 0.028125 0.0515625
0 0.66875 0.40390625 0.03203125 0.0671875
0 0.86953125 0.403125 0.03203125 0.06796875
0 0.8515625 0.50625 0.0328125 0.06875
0 0.0609375 0.2859375 0.02734375 0.08984375
0 0.040625 0.3078125 0.00859375 0.0453125
0 0.3984375 0.38125 0.028125 0.078125
0 0.36171875 0.38125 0.02734375 0.078125
0 0.403125 0.490625 0.03125 0.06796875
0 0.31796875 0.59296875 0.04140625 0.103125