0 0.47421875 0.409375 0.0265625 0.05625
0 0.47421875 0.6921875 0.02578125 0.05390625
0 0.315625 0.53125 0.02421875 0.05234375
0 0.4203125 0.58203125 0.021875 0.06328125
0 0.38125 0.6546875 0.02578125 0.05625
0 0.3078125 0.29609375 0.02421875 0.071875
0 0.22421875 0.36015625 0.02578125 0.07734375
0 0.30234375 0.6875 0.02734375 0.09296875
0 0.30234375 0.7578125 0.02734375 0.09296875
0 0.30078125 0.92734375 0.02890625 0.08828125
0 0.51484375 0.85 0.028125 0.09296875
0 0.51484375 0.921875 0.028125 0.09296875
0 0.56328125 0.9375 0.04453125 0.125
0 0.6078125 0.9375 0.04453125 0.125
0 0.35625 0.68984375 0.021875 0.065625
0 0.77265625 0.3640625 0.03046875 0.06015625
0 0.74921875 0.3640625 0.03125 0.06015625