0 0.63125 0.64765625 0.04921875 0.0390625
0 0.53359375 0.528125 0.04609375 0.0359375
0 0.51796875 0.4546875 0.0390625 0.04921875
0 0.71640625 0.0875 0.0484375 0.03828125
0 0.53125 0.38515625 0.04375 0.0375
0 0.64375 0.48046875 0.03359375 0.0390625
0 0.81640625 0.52109375 0.040625 0.0359375
0 0.86875 0.71640625 0.0375 0.0421875
0 0.7 0.64765625 0.04375 0.0390625
0 0.71796875 0.52109375 0.03984375 0.034375
0 0.7765625 0.38828125 0.0484375 0.05
0 0.7140625 0.4078125 0.0328125 0.0375
0 0.16796875 0.10546875 0.03515625 0.0453125
0 0.3 0.265625 0.03359375 0.03828125
0 0.1984375 0.265625 0.034375 0.03828125
0 0.19921875 0.4515625 0.03359375 0.03828125
0 0.3 0.4515625 0.03359375 0.0375
0 0.34296875 0.3875 0.03828125 0.03359375