0 0.3546875 0.65 0.05078125 0.040625
0 0.45546875 0.52734375 0.04765625 0.03671875
0 0.47109375 0.45234375 0.03984375 0.05
0 0.26796875 0.075 0.05 0.0390625
0 0.4578125 0.38046875 0.04453125 0.03828125
0 0.3421875 0.478125 0.034375 0.03984375
0 0.16484375 0.5203125 0.04140625 0.03671875
0 0.1109375 0.7203125 0.0390625 0.04375
0 0.284375 0.65 0.0453125 0.03984375
0 0.265625 0.5203125 0.040625 0.0359375
0 0.20625 0.38359375 0.05 0.0515625
0 0.2703125 0.40390625 0.03359375 0.03828125
0 0.83046875 0.09375 0.0359375 0.04609375
0 0.6953125 0.2578125 0.034375 0.03984375
0 0.8 0.2578125 0.03515625 0.03984375
0 0.7984375 0.4484375 0.034375 0.0390625
0 0.6953125 0.4484375 0.034375 0.03828125
0 0.65078125 0.3828125 0.0390625 0.034375