0 0.62578125 0.7859375 0.02578125 0.09453125
0 0.78359375 0.15390625 0.034375 0.0671875
0 0.89140625 0.578125 0.03515625 0.06875
0 0.77890625 0.39609375 0.02578125 0.0609375
0 0.77890625 0.59140625 0.02578125 0.06015625
0 0.81015625 0.7765625 0.02578125 0.06015625
0 0.80390625 0.6421875 0.02265625 0.0703125
0 0.625 0.61953125 0.025 0.078125
0 0.58125 0.6046875 0.02734375 0.06171875
0 0.60546875 0.40703125 0.02890625 0.0671875
0 0.61484375 0.33125 0.02265625 0.06875
0 0.42890625 0.46953125 0.034375 0.06875