0 0.3828125 0.80703125 0.0265625 0.09765625
0 0.22109375 0.1578125 0.0359375 0.06875
0 0.11015625 0.59375 0.03671875 0.07109375
0 0.22578125 0.40703125 0.0265625 0.0625
0 0.22578125 0.60703125 0.0265625 0.06171875
0 0.19375 0.79765625 0.0265625 0.06171875
0 0.2 0.66015625 0.0234375 0.07265625
0 0.38359375 0.63671875 0.02578125 0.0796875
0 0.42890625 0.62109375 0.028125 0.06328125
0 0.40390625 0.41796875 0.0296875 0.06875
0 0.39453125 0.33984375 0.0234375 0.07109375
0 0.5859375 0.48203125 0.0359375 0.07109375