0 0.78515625 0.16328125 0.04296875 0.0796875
0 0.76796875 0.66015625 0.04375 0.07890625
0 0.8375 0.33828125 0.03828125 0.0625
0 0.79140625 0.4859375 0.04375 0.053125
0 0.79140625 0.34921875 0.04375 0.053125
0 0.784375 0.39765625 0.040625 0.0640625
0 0.29765625 0.16328125 0.04296875 0.0796875
0 0.1890625 0.1625 0.04375 0.08125
0 0.29296875 0.48515625 0.03984375 0.0609375
0 0.4109375 0.47890625 0.0296875 0.046875
0 0.29765625 0.4234375 0.04453125 0.0515625
0 0.284375 0.33828125 0.03984375 0.0609375
0 0.203125 0.33828125 0.0390625 0.0609375