0 0.2234375 0.16328125 0.04453125 0.08359375
0 0.240625 0.68359375 0.04609375 0.08203125
0 0.16875 0.34609375 0.040625 0.065625
0 0.2171875 0.5015625 0.04609375 0.05546875
0 0.2171875 0.3578125 0.04609375 0.05546875
0 0.22421875 0.40859375 0.04296875 0.06640625
0 0.734375 0.1625 0.0453125 0.08359375
0 0.8484375 0.16171875 0.04609375 0.08515625
0 0.7390625 0.50078125 0.0421875 0.06328125
0 0.615625 0.49375 0.03125 0.04921875
0 0.734375 0.43515625 0.046875 0.05390625
0 0.7484375 0.34609375 0.0421875 0.0640625
0 0.83359375 0.34609375 0.04140625 0.06328125