0 0.334375 0.696875 0.03046875 0.08359375
0 0.15625 0.38828125 0.0375 0.053125
0 0.209375 0.3734375 0.02734375 0.0640625
0 0.321875 0.31953125 0.0265625 0.06171875
0 0.3609375 0.37265625 0.0265625 0.0625
0 0.33125 0.18359375 0.02890625 0.053125
0 0.2828125 0.3921875 0.028125 0.0515625
0 0.28203125 0.52109375 0.0296875 0.05234375
0 0.190625 0.23984375 0.02734375 0.06015625
0 0.803125 0.3859375 0.02890625 0.05390625
0 0.68359375 0.3953125 0.02890625 0.05234375
0 0.728125 0.37890625 0.0265625 0.059375
0 0.76328125 0.37890625 0.0265625 0.05859375