0 0.5296875 0.15859375 0.0484375 0.06640625
0 0.49453125 0.15859375 0.0484375 0.06640625
0 0.6984375 0.1796875 0.03515625 0.09453125
0 0.58125 0.896875 0.034375 0.08828125
0 0.73046875 0.91328125 0.05234375 0.121875
0 0.678125 0.91328125 0.05234375 0.121875
0 0.1921875 0.821875 0.03828125 0.09140625
0 0.52734375 0.59375 0.04375 0.06875
0 0.621875 0.390625 0.03125 0.0703125
0 0.62890625 0.60234375 0.03203125 0.05
0 0.534375 0.60625 0.034375 0.07578125
0 0.584375 0.38359375 0.03515625 0.0515625
0 0.70703125 0.384375 0.034375 0.053125
0 0.26953125 0.615625 0.0265625 0.0640625
0 0.1421875 0.64375 0.04140625 0.06640625
0 0.1421875 0.4671875 0.04140625 0.06640625
0 0.14140625 0.27578125 0.0421875 0.06796875
0 0.19375 0.66640625 0.0359375 0.07734375
0 0.20390625 0.21953125 0.02265625 0.05390625
0 0.9296875 0.45390625 0.028125 0.075
0 0.8875 0.615625 0.03046875 0.071875
0 0.93125 0.61875 0.028125 0.0671875