0 0.4640625 0.19296875 0.0453125 0.06171875
0 0.496875 0.19296875 0.0453125 0.06171875
0 0.30625 0.2125 0.0328125 0.08828125
0 0.415625 0.8828125 0.03203125 0.08203125
0 0.2765625 0.8984375 0.0484375 0.1140625
0 0.32578125 0.8984375 0.04921875 0.1140625
0 0.7796875 0.81328125 0.0359375 0.0859375
0 0.46640625 0.59921875 0.040625 0.0640625
0 0.378125 0.409375 0.0296875 0.065625
0 0.37109375 0.6078125 0.0296875 0.04609375
0 0.46015625 0.61171875 0.03203125 0.07109375
0 0.41328125 0.403125 0.0328125 0.0484375
0 0.29765625 0.40390625 0.03203125 0.05
0 0.7078125 0.61953125 0.025 0.06015625
0 0.8265625 0.64609375 0.03828125 0.06171875
0 0.8265625 0.48125 0.03828125 0.06171875
0 0.8265625 0.30234375 0.0390625 0.06328125
0 0.778125 0.66796875 0.03359375 0.07265625
0 0.76875 0.25 0.02109375 0.05078125
0 0.08984375 0.46875 0.0265625 0.0703125
0 0.1296875 0.6203125 0.028125 0.0671875
0 0.0890625 0.62265625 0.0265625 0.0625