0 0.5828125 0.11796875 0.04921875 0.05390625
0 0.58515625 0.2296875 0.0453125 0.0484375
0 0.55 0.24453125 0.03203125 0.06796875
0 0.021875 0.49609375 0.04375 0.0828125
0 0.06171875 0.6671875 0.0234375 0.0421875
0 0.08515625 0.6671875 0.0234375 0.0421875
0 0.0890625 0.85859375 0.02734375 0.03515625
0 0.609375 0.640625 0.03125 0.06796875
0 0.35234375 0.48671875 0.03203125 0.05546875
0 0.421875 0.4875 0.03203125 0.05390625
0 0.3140625 0.89375 0.03671875 0.07578125
0 0.55078125 0.58515625 0.03203125 0.05390625
0 0.41171875 0.63359375 0.03203125 0.0546875
0 0.540625 0.725 0.0265625 0.05
0 0.34140625 0.71328125 0.04609375 0.06796875
0 0.31484375 0.77890625 0.03515625 0.06015625
0 0.5671875 0.471875 0.028125 0.03671875
0 0.56796875 0.3515625 0.02734375 0.0359375
0 0.465625 0.54140625 0.0359375 0.0484375