0 0.6125 0.0484375 0.0515625 0.05703125
0 0.61484375 0.16640625 0.046875 0.05
0 0.578125 0.18203125 0.03359375 0.07109375
0 0.0234375 0.4453125 0.046875 0.0875
0 0.06640625 0.625 0.025 0.04375
0 0.09140625 0.625 0.025 0.04375
0 0.09453125 0.82578125 0.02890625 0.03671875
0 0.640625 0.596875 0.0328125 0.07109375
0 0.37109375 0.4359375 0.03359375 0.0578125
0 0.44375 0.43671875 0.03359375 0.05703125
0 0.33046875 0.8625 0.03828125 0.07890625
0 0.57890625 0.5390625 0.03359375 0.05703125
0 0.4328125 0.58984375 0.03359375 0.05703125
0 0.56796875 0.6859375 0.028125 0.05234375
0 0.359375 0.6734375 0.04765625 0.07109375
0 0.33203125 0.7421875 0.03671875 0.06328125
0 0.59609375 0.4203125 0.0296875 0.03828125
0 0.596875 0.29375 0.02890625 0.0375
0 0.48984375 0.49296875 0.0375 0.05