0 0.64765625 0.7859375 0.04765625 0.06171875
0 0.28046875 0.246875 0.0421875 0.05078125
0 0.8921875 0.7828125 0.046875 0.11875
0 0.84609375 0.7828125 0.046875 0.11875
0 0.71171875 0.59140625 0.04453125 0.0546875
0 0.6546875 0.5734375 0.028125 0.084375
0 0.2875 0.41171875 0.028125 0.04453125
0 0.43203125 0.33984375 0.0234375 0.05390625
0 0.315625 0.29453125 0.0234375 0.05546875
0 0.1296875 0.67109375 0.0234375 0.053125
0 0.178125 0.4890625 0.0234375 0.05390625
0 0.59296875 0.72109375 0.03125 0.06640625
0 0.5546875 0.66875 0.0234375 0.05234375