0 0.6703125 0.8390625 0.0515625 0.0671875
0 0.27109375 0.253125 0.04609375 0.05546875
0 0.93671875 0.8359375 0.05078125 0.12890625
0 0.8859375 0.8359375 0.05078125 0.12890625
0 0.740625 0.62734375 0.04921875 0.059375
0 0.678125 0.6078125 0.03125 0.09140625
0 0.278125 0.43203125 0.03125 0.0484375
0 0.4359375 0.35390625 0.02578125 0.05859375
0 0.30859375 0.3046875 0.02578125 0.06015625
0 0.10625 0.71484375 0.025 0.0578125
0 0.159375 0.51640625 0.02578125 0.05859375
0 0.6109375 0.76796875 0.034375 0.07265625
0 0.56875 0.71171875 0.02578125 0.05703125