0 0.771875 0.33046875 0.046875 0.04765625
0 0.1984375 0.571875 0.05234375 0.04453125
0 0.64609375 0.88515625 0.03515625 0.0703125
0 0.86171875 0.678125 0.0390625 0.04375
0 0.58125 0.715625 0.03359375 0.0515625
0 0.63125 0.7125 0.03828125 0.0578125
0 0.71953125 0.7421875 0.05 0.06953125
0 0.528125 0.70859375 0.03984375 0.0453125
0 0.37265625 0.6703125 0.034375 0.05546875
0 0.4 0.7046875 0.034375 0.03671875
0 0.4 0.7421875 0.034375 0.03671875
0 0.45234375 0.584375 0.03671875 0.04375
0 0.3765625 0.5234375 0.0328125 0.05078125
0 0.33515625 0.56328125 0.0359375 0.040625
0 0.32734375 0.41953125 0.03125 0.034375
0 0.15 0.44609375 0.04375 0.0453125
0 0.15078125 0.5734375 0.0453125 0.04609375