0 0.20546875 0.52578125 0.0453125 0.0484375
0 0.67265625 0.52578125 0.04453125 0.04765625
0 0.61484375 0.88359375 0.04375 0.04765625
0 0.24375 0.884375 0.04609375 0.04921875
0 0.35390625 0.8984375 0.04609375 0.034375
0 0.24375 0.7859375 0.0390625 0.0375
0 0.35546875 0.78125 0.0453125 0.0390625
0 0.26796875 0.74296875 0.03984375 0.028125
0 0.19375 0.7265625 0.04609375 0.03359375
0 0.30390625 0.78046875 0.04609375 0.0328125
0 0.5546875 0.78203125 0.04453125 0.0328125
0 0.59140625 0.74296875 0.0390625 0.02890625
0 0.50234375 0.77890625 0.046875 0.03984375
0 0.6140625 0.78671875 0.0390625 0.0375
0 0.7296875 0.84453125 0.0359375 0.02578125
0 0.6640625 0.7265625 0.04609375 0.0328125
0 0.5046875 0.89765625 0.04609375 0.034375
0 0.84140625 0.25 0.05234375 0.03359375
0 0.0359375 0.2484375 0.0546875 0.034375
0 0.2078125 0.24921875 0.040625 0.0296875
0 0.2078125 0.27890625 0.040625 0.0296875
0 0.10546875 0.21015625 0.03515625 0.03515625
0 0.153125 0.23984375 0.0359375 0.03515625
0 0.325 0.246875 0.040625 0.03828125
0 0.6484375 0.24921875 0.04140625 0.03046875
0 0.6484375 0.28046875 0.04140625 0.03046875
0 0.7515625 0.21171875 0.034375 0.034375
0 0.703125 0.24140625 0.0359375 0.03515625
0 0.53046875 0.24765625 0.0421875 0.03984375