0 0.2578125 0.50390625 0.0421875 0.0453125
0 0.69609375 0.50390625 0.04140625 0.0453125
0 0.6421875 0.83984375 0.04140625 0.04453125
0 0.29375 0.840625 0.04375 0.04609375
0 0.39765625 0.85390625 0.04296875 0.03203125
0 0.29375 0.7484375 0.03671875 0.0359375
0 0.3984375 0.74375 0.0421875 0.03671875
0 0.31640625 0.7078125 0.0375 0.02578125
0 0.246875 0.6921875 0.04296875 0.03125
0 0.35078125 0.74375 0.04296875 0.03046875
0 0.5859375 0.74453125 0.04140625 0.03046875
0 0.6203125 0.7078125 0.03671875 0.0265625
0 0.53671875 0.7421875 0.04375 0.0375
0 0.64140625 0.74921875 0.03671875 0.0359375
0 0.75 0.80390625 0.034375 0.02421875
0 0.68828125 0.6921875 0.04296875 0.03046875
0 0.5390625 0.85390625 0.04375 0.03203125
0 0.8546875 0.2453125 0.04921875 0.03125
0 0.0984375 0.24375 0.0515625 0.03203125
0 0.26015625 0.24453125 0.03828125 0.02734375
0 0.26015625 0.27265625 0.03828125 0.02734375
0 0.1640625 0.2078125 0.0328125 0.0328125
0 0.20859375 0.23515625 0.03359375 0.0328125
0 0.3703125 0.2421875 0.0375 0.0359375
0 0.6734375 0.24453125 0.0390625 0.028125
0 0.6734375 0.2734375 0.0390625 0.02890625
0 0.7703125 0.209375 0.03203125 0.03203125
0 0.725 0.23671875 0.03359375 0.0328125
0 0.56328125 0.24296875 0.03984375 0.0375