0 0.79296875 0.8671875 0.05703125 0.08671875
0 0.34140625 0.70859375 0.06953125 0.053125
0 0.34140625 0.6546875 0.06953125 0.05390625
0 0.1921875 0.18828125 0.0515625 0.08046875
0 0.40859375 0.18828125 0.0515625 0.08046875
0 0.73125 0.7859375 0.059375 0.05859375
0 0.78515625 0.31015625 0.0609375 0.06015625
0 0.73046875 0.58828125 0.06171875 0.0609375
0 0.7453125 0.63359375 0.03203125 0.028125
0 0.853125 0.78515625 0.05859375 0.05859375
0 0.3453125 0.26328125 0.06015625 0.06015625
0 0.3 0.3296875 0.05390625 0.06953125
0 0.40625 0.33359375 0.0484375 0.06171875
0 0.27421875 0.4625 0.0625 0.06015625