0 0.76640625 0.86640625 0.05703125 0.08671875
0 0.3171875 0.7078125 0.06875 0.053125
0 0.3171875 0.6546875 0.06875 0.053125
0 0.16953125 0.190625 0.05078125 0.08046875
0 0.38515625 0.190625 0.05078125 0.08046875
0 0.70546875 0.78515625 0.059375 0.05859375
0 0.75859375 0.31171875 0.06015625 0.06015625
0 0.7046875 0.58828125 0.0609375 0.06015625
0 0.71875 0.63359375 0.03203125 0.028125
0 0.82578125 0.784375 0.0578125 0.05859375
0 0.321875 0.265625 0.06015625 0.06015625
0 0.2765625 0.33125 0.05390625 0.06875
0 0.38203125 0.33515625 0.04765625 0.0609375
0 0.2515625 0.4640625 0.0625 0.06015625