0 0.1296875 0.340625 0.02421875 0.01875
0 0.12890625 0.4734375 0.02578125 0.02109375
0 0.26484375 0.3765625 0.01953125 0.01875
0 0.26484375 0.3265625 0.01953125 0.01875
0 0.28359375 0.3046875 0.0171875 0.021875
0 0.2484375 0.41953125 0.01640625 0.021875
0 0.271875 0.40625 0.0265625 0.02890625
0 0.11015625 0.26796875 0.0203125 0.01953125
0 0.4125 0.33984375 0.02421875 0.01875
0 0.4109375 0.4734375 0.0265625 0.02109375
0 0.525 0.2359375 0.0171875 0.021875
0 0.5484375 0.3296875 0.01875 0.01875
0 0.54765625 0.3796875 0.01953125 0.01875
0 0.56875 0.30546875 0.0171875 0.02265625
0 0.39296875 0.27265625 0.0203125 0.01875
0 0.69296875 0.36171875 0.0234375 0.01875
0 0.80546875 0.4046875 0.0171875 0.0234375
0 0.828125 0.3765625 0.0203125 0.01875
0 0.8046875 0.2828125 0.01640625 0.021875