0 0.0765625 0.6578125 0.0203125 0.07734375
0 0.25234375 0.82109375 0.0234375 0.08359375
0 0.42421875 0.54140625 0.03046875 0.053125
0 0.37265625 0.42734375 0.02109375 0.059375
0 0.36875 0.365625 0.02578125 0.053125
0 0.2953125 0.5484375 0.02578125 0.0546875
0 0.2953125 0.44375 0.02578125 0.0546875
0 0.8078125 0.64921875 0.02109375 0.078125
0 0.67890625 0.4515625 0.02109375 0.06015625
0 0.6796875 0.2765625 0.02109375 0.06015625
0 0.87578125 0.325 0.02109375 0.06328125
0 0.88984375 0.4015625 0.0234375 0.053125
0 0.84921875 0.540625 0.025 0.0546875