0 0.13046875 0.425 0.021875 0.04765625
0 0.253125 0.33515625 0.01796875 0.03359375
0 0.2328125 0.3703125 0.01953125 0.021875
0 0.171875 0.14296875 0.01796875 0.0203125
0 0.22421875 0.28671875 0.0234375 0.02421875
0 0.2046875 0.1890625 0.02578125 0.0296875
0 0.503125 0.5515625 0.02421875 0.04609375
0 0.578125 0.5515625 0.0234375 0.0453125
0 0.52890625 0.5125 0.028125 0.028125
0 0.57890625 0.4640625 0.02421875 0.05234375
0 0.4203125 0.3796875 0.0203125 0.0359375
0 0.44375 0.409375 0.0171875 0.01796875
0 0.51640625 0.1984375 0.02421875 0.0515625
0 0.7546875 0.4625 0.01796875 0.04921875
0 0.7734375 0.4625 0.01796875 0.04921875
0 0.8546875 0.4625 0.01796875 0.04921875
0 0.87265625 0.4625 0.01796875 0.04921875
0 0.8140625 0.20078125 0.02109375 0.0484375
0 0.78046875 0.31796875 0.0234375 0.02890625
0 0.78046875 0.271875 0.0234375 0.0296875
0 0.8234375 0.34921875 0.01875 0.03203125