0 0.15078125 0.6796875 0.03515625 0.05234375
0 0.359375 0.76015625 0.0265625 0.078125
0 0.46953125 0.8859375 0.02265625 0.06953125
0 0.41640625 0.278125 0.02578125 0.04765625
0 0.41640625 0.56015625 0.02578125 0.04765625
0 0.4171875 0.49453125 0.0265625 0.0484375
0 0.3734375 0.26953125 0.02265625 0.05546875
0 0.1546875 0.46171875 0.0265625 0.04921875
0 0.17734375 0.3578125 0.02421875 0.0453125
0 0.17734375 0.3125 0.02421875 0.0453125
0 0.053125 0.4078125 0.02265625 0.053125
0 0.09296875 0.59453125 0.02421875 0.046875
0 0.43125 0.72421875 0.02265625 0.05390625