0 0.1203125 0.7046875 0.03359375 0.05078125
0 0.32265625 0.7828125 0.02578125 0.07578125
0 0.42890625 0.90390625 0.021875 0.0671875
0 0.37734375 0.31640625 0.025 0.04609375
0 0.378125 0.5890625 0.025 0.04609375
0 0.378125 0.5265625 0.02578125 0.046875
0 0.3359375 0.30859375 0.021875 0.053125
0 0.125 0.49453125 0.02578125 0.04765625
0 0.14609375 0.39375 0.0234375 0.04375
0 0.14609375 0.35 0.0234375 0.04375
0 0.02578125 0.4421875 0.021875 0.0515625
0 0.06484375 0.62265625 0.0234375 0.0453125
0 0.39140625 0.74765625 0.021875 0.05234375