0 0.64375 0.03671875 0.034375 0.0734375
0 0.7546875 0.77265625 0.0203125 0.07109375
0 0.7546875 0.72421875 0.0203125 0.071875
0 0.734375 0.7734375 0.0203125 0.071875
0 0.734375 0.72421875 0.0203125 0.071875
0 0.81796875 0.65859375 0.0265625 0.053125
0 0.8453125 0.27890625 0.0390625 0.08203125
0 0.88359375 0.46328125 0.02734375 0.078125
0 0.70625 0.62734375 0.03203125 0.06328125
0 0.67578125 0.26875 0.04140625 0.084375
0 0.79140625 0.6 0.021875 0.06484375
0 0.76171875 0.6 0.021875 0.065625
0 0.709375 0.60234375 0.02421875 0.06953125
0 0.678125 0.59375 0.0171875 0.053125
0 0.678125 0.6515625 0.015625 0.04921875
0 0.9046875 0.590625 0.03359375 0.0828125
0 0.74453125 0.9578125 0.02890625 0.08359375
0 0.3328125 0.56328125 0.03203125 0.05546875
0 0.3140625 0.3328125 0.040625 0.08125
0 0.39453125 0.5375 0.02734375 0.0875
0 0.26640625 0.29140625 0.03125 0.1
0 0.2140625 0.61015625 0.025 0.04765625
0 0.21796875 0.3671875 0.03359375 0.06796875
0 0.45625 0.27265625 0.0171875 0.05390625
0 0.0625 0.55234375 0.02421875 0.071875