0 0.6453125 0.84453125 0.0265625 0.084375
0 0.83671875 0.84140625 0.0234375 0.078125
0 0.8140625 0.271875 0.03671875 0.053125
0 0.8203125 0.43671875 0.02421875 0.08125
0 0.81015625 0.63125 0.0296875 0.05546875
0 0.92890625 0.64921875 0.02421875 0.06171875
0 0.5953125 0.6046875 0.01875 0.0484375
0 0.5765625 0.6046875 0.01875 0.0484375
0 0.575 0.55 0.02890625 0.05546875
0 0.37421875 0.44296875 0.02421875 0.0796875
0 0.32265625 0.51640625 0.02265625 0.04140625
0 0.32265625 0.5578125 0.02265625 0.04140625
0 0.2859375 0.6140625 0.025 0.0625
0 0.153125 0.61484375 0.02578125 0.06328125
0 0.12109375 0.61484375 0.02578125 0.06328125
0 0.1140625 0.5125 0.02890625 0.05546875