0 0.49140625 0.1203125 0.07734375 0.0796875
0 0.49140625 0.1796875 0.07734375 0.08046875
0 0.87890625 0.121875 0.07265625 0.07578125
0 0.42734375 0.87578125 0.090625 0.059375
0 0.51640625 0.8484375 0.0828125 0.08671875
0 0.365625 0.59453125 0.0859375 0.05859375
0 0.365625 0.67421875 0.0859375 0.059375
0 0.51640625 0.74609375 0.08359375 0.071875
0 0.63046875 0.6890625 0.0640625 0.05703125
0 0.7453125 0.6734375 0.0859375 0.05859375
0 0.8703125 0.4078125 0.065625 0.06328125
0 0.7265625 0.296875 0.0828125 0.05703125