0 0.409375 0.4765625 0.04609375 0.06015625
0 0.878125 0.484375 0.0609375 0.07578125
0 0.8171875 0.484375 0.0609375 0.07578125
0 0.25234375 0.065625 0.04296875 0.0578125
0 0.25234375 0.0265625 0.04296875 0.05234375
0 0.571875 0.52109375 0.0609375 0.04296875
0 0.7171875 0.0796875 0.05859375 0.04453125
0 0.56640625 0.27890625 0.05078125 0.04140625
0 0.36015625 0.29921875 0.0515625 0.04296875
0 0.1359375 0.32109375 0.03515625 0.0390625
0 0.13671875 0.19609375 0.03359375 0.03828125
0 0.4109375 0.40625 0.04296875 0.046875
0 0.48984375 0.36796875 0.03515625 0.03984375
0 0.70234375 0.6328125 0.078125 0.06171875
0 0.70234375 0.69453125 0.078125 0.06171875