0 0.52421875 0.43203125 0.04609375 0.0609375
0 0.05 0.43984375 0.06171875 0.0765625
0 0.11171875 0.43984375 0.06171875 0.0765625
0 0.6828125 0.02265625 0.04296875 0.04453125
0 0.359375 0.4765625 0.06171875 0.04375
0 0.2125 0.0296875 0.059375 0.0453125
0 0.36484375 0.23203125 0.05078125 0.0421875
0 0.5734375 0.25234375 0.05234375 0.04375
0 0.80078125 0.275 0.03515625 0.0390625
0 0.79921875 0.1484375 0.034375 0.0390625
0 0.521875 0.36015625 0.04296875 0.04765625
0 0.4421875 0.321875 0.0359375 0.040625
0 0.22734375 0.590625 0.07890625 0.0625
0 0.22734375 0.65234375 0.07890625 0.0625