0 0.5796875 0.8484375 0.05546875 0.1375
0 0.634375 0.8484375 0.05546875 0.1375
0 0.6875 0.41015625 0.03828125 0.06171875
0 0.77109375 0.61875 0.04375 0.071875
0 0.7734375 0.4375 0.03828125 0.06171875
0 0.7625 0.3515625 0.034375 0.0796875
0 0.7546875 0.5375 0.0421875 0.06953125
0 0.753125 0.409375 0.0390625 0.0640625
0 0.9140625 0.528125 0.03671875 0.0859375
0 0.82578125 0.1765625 0.0359375 0.05859375
0 0.25859375 0.82890625 0.0359375 0.09453125
0 0.25 0.38203125 0.03359375 0.08046875
0 0.06015625 0.31875 0.03046875 0.07578125
0 0.20703125 0.29375 0.0421875 0.06796875
0 0.06796875 0.54375 0.03125 0.07734375
0 0.18046875 0.4828125 0.0296875 0.0734375
0 0.2578125 0.58125 0.0359375 0.084375
0 0.18359375 0.56328125 0.0453125 0.08125
0 0.25078125 0.6578125 0.034375 0.0546875