0 0.41015625 0.859375 0.05546875 0.1375
0 0.3546875 0.859375 0.05546875 0.1375
0 0.3015625 0.42109375 0.03828125 0.06171875
0 0.21796875 0.6296875 0.04375 0.071875
0 0.215625 0.4484375 0.03828125 0.06171875
0 0.2265625 0.3625 0.034375 0.0796875
0 0.234375 0.54765625 0.0421875 0.06953125
0 0.2359375 0.4203125 0.0390625 0.0640625
0 0.075 0.5390625 0.03671875 0.0859375
0 0.16328125 0.1875 0.0359375 0.05859375
0 0.73125 0.8390625 0.0359375 0.09453125
0 0.7390625 0.39296875 0.03359375 0.08046875
0 0.92890625 0.3296875 0.03046875 0.07578125
0 0.78203125 0.3046875 0.0421875 0.06796875
0 0.92109375 0.55390625 0.03125 0.07734375
0 0.80859375 0.49375 0.0296875 0.0734375
0 0.73203125 0.5921875 0.0359375 0.084375
0 0.80625 0.5734375 0.0453125 0.08125
0 0.73828125 0.66875 0.034375 0.0546875