0 0.4171875 0.04375 0.0484375 0.04453125
0 0.7453125 0.25703125 0.065625 0.03359375
0 0.4671875 0.665625 0.0546875 0.0484375
0 0.44921875 0.71875 0.0625 0.03125
0 0.421875 0.190625 0.04609375 0.034375
0 0.68828125 0.22109375 0.04296875 0.0328125
0 0.38125 0.08515625 0.0484375 0.0296875
0 0.33125 0.125 0.04453125 0.03359375
0 0.4703125 0.1734375 0.05078125 0.03125
0 0.6015625 0.10234375 0.04140625 0.025
0 0.6046875 0.17421875 0.04765625 0.02890625
0 0.4125 0.5515625 0.04921875 0.0296875
0 0.41171875 0.51015625 0.05078125 0.03046875
0 0.56484375 0.62265625 0.05078125 0.03125
0 0.5375 0.46484375 0.05078125 0.03125
0 0.15625 0.77734375 0.04296875 0.03671875