0 0.49296875 0.8828125 0.07734375 0.06953125
0 0.428125 0.34140625 0.06953125 0.0625
0 0.34921875 0.2625 0.03984375 0.03984375
0 0.23359375 0.25390625 0.03984375 0.03203125
0 0.25234375 0.47734375 0.0609375 0.05546875
0 0.240625 0.3484375 0.03515625 0.03671875
0 0.165625 0.3484375 0.034375 0.03515625
0 0.4703125 0.78125 0.0453125 0.04609375
0 0.34296875 0.778125 0.03984375 0.040625
0 0.2265625 0.77890625 0.04140625 0.04140625
0 0.2203125 0.734375 0.0453125 0.03671875
0 0.865625 0.65546875 0.05703125 0.03671875