0 0.415625 0.8921875 0.078125 0.0703125
0 0.35 0.346875 0.0703125 0.06328125
0 0.2703125 0.26796875 0.03984375 0.03984375
0 0.15390625 0.259375 0.040625 0.03203125
0 0.1734375 0.48359375 0.0609375 0.05546875
0 0.1609375 0.3546875 0.03515625 0.03671875
0 0.0859375 0.35390625 0.03515625 0.0359375
0 0.3921875 0.78984375 0.04609375 0.04609375
0 0.26484375 0.78671875 0.040625 0.04140625
0 0.146875 0.7875 0.04140625 0.0421875
0 0.140625 0.7421875 0.04609375 0.03671875
0 0.78984375 0.66328125 0.05703125 0.03671875