0 0.8171875 0.76640625 0.0296875 0.08515625
0 0.73828125 0.1140625 0.02734375 0.08828125
0 0.73828125 0.0515625 0.02734375 0.0890625
0 0.51015625 0.8203125 0.04140625 0.11015625
0 0.46875 0.8203125 0.04140625 0.11015625
0 0.53203125 0.04453125 0.0296875 0.084375
0 0.53203125 0.35390625 0.0296875 0.084375
0 0.66328125 0.4890625 0.028125 0.04921875
0 0.6625 0.69375 0.0296875 0.05234375
0 0.78203125 0.471875 0.028125 0.05
0 0.78359375 0.68984375 0.03125 0.05546875
0 0.85 0.4796875 0.03203125 0.05859375
0 0.896875 0.72578125 0.02578125 0.046875
0 0.94609375 0.471875 0.0265625 0.07265625
0 0.8546875 0.571875 0.02265625 0.065625
0 0.8171875 0.66484375 0.0296875 0.0796875
0 0.653125 0.46953125 0.02890625 0.0765625
0 0.17890625 0.34765625 0.03203125 0.0609375
0 0.14375 0.33046875 0.02734375 0.07734375
0 0.2328125 0.57578125 0.0265625 0.07421875
0 0.2328125 0.515625 0.0265625 0.0734375
0 0.17578125 0.4125 0.0203125 0.06171875
0 0.34921875 0.35546875 0.03359375 0.065625
0 0.32109375 0.35546875 0.034375 0.065625
0 0.1078125 0.346875 0.03359375 0.06484375