0 0.1703125 0.73125 0.02890625 0.08203125
0 0.24609375 0.10390625 0.0265625 0.084375
0 0.24609375 0.04375 0.0265625 0.08515625
0 0.46640625 0.78359375 0.03984375 0.10546875
0 0.50625 0.78359375 0.03984375 0.10546875
0 0.4453125 0.03828125 0.028125 0.0765625
0 0.4453125 0.334375 0.028125 0.08125
0 0.31953125 0.46484375 0.02734375 0.04765625
0 0.31953125 0.66171875 0.028125 0.05078125
0 0.2046875 0.44765625 0.0265625 0.0484375
0 0.203125 0.65859375 0.0296875 0.05390625
0 0.1390625 0.45546875 0.03125 0.05703125
0 0.09375 0.69296875 0.02421875 0.0453125
0 0.046875 0.44765625 0.025 0.0703125
0 0.13515625 0.54375 0.021875 0.06328125
0 0.17109375 0.634375 0.02890625 0.07734375
0 0.32890625 0.44609375 0.02734375 0.07421875
0 0.7859375 0.32890625 0.03125 0.05859375
0 0.81953125 0.31171875 0.0265625 0.075
0 0.734375 0.5484375 0.025 0.071875
0 0.734375 0.490625 0.025 0.07109375
0 0.7890625 0.39140625 0.01953125 0.059375
0 0.621875 0.3359375 0.0328125 0.06328125
0 0.6484375 0.3359375 0.0328125 0.06328125
0 0.8546875 0.32734375 0.0328125 0.0625