0 0.68046875 0.74375 0.0671875 0.0828125
0 0.26953125 0.77265625 0.084375 0.059375
0 0.7640625 0.57421875 0.06640625 0.05703125
0 0.7046875 0.4984375 0.065625 0.05546875
0 0.8390625 0.346875 0.0671875 0.05703125
0 0.5796875 0.2578125 0.08984375 0.084375
0 0.33359375 0.2359375 0.0609375 0.06484375
0 0.0265625 0.16015625 0.053125 0.0546875
0 0.27578125 0.30390625 0.06875 0.05859375
0 0.26171875 0.16328125 0.06796875 0.05859375
0 0.41796875 0.20078125 0.06796875 0.05859375
0 0.48984375 0.190625 0.0609375 0.0625