0 0.3296875 0.5609375 0.0375 0.0453125
0 0.55625 0.56171875 0.0359375 0.04296875
0 0.56015625 0.89296875 0.034375 0.04296875
0 0.32265625 0.89375 0.0359375 0.04375
0 0.3328125 0.615625 0.04921875 0.04140625
0 0.33828125 0.83359375 0.0390625 0.03203125
0 0.37734375 0.6671875 0.0296875 0.03359375
0 0.3296875 0.69609375 0.03046875 0.034375
0 0.50703125 0.66640625 0.03046875 0.034375
0 0.5546875 0.69609375 0.03046875 0.034375
0 0.55 0.615625 0.0484375 0.0421875
0 0.5453125 0.83359375 0.0375 0.03203125
0 0.5890625 0.5390625 0.05 0.0390625
0 0.80390625 0.8203125 0.040625 0.03359375
0 0.34765625 0.91953125 0.0421875 0.034375
0 0.534375 0.91953125 0.0421875 0.0359375
0 0.078125 0.8171875 0.04140625 0.034375
0 0.296875 0.5390625 0.0515625 0.040625
0 0.253125 0.228125 0.04140625 0.034375
0 0.009375 0.1703125 0.01796875 0.0390625
0 0.628125 0.228125 0.040625 0.03359375
0 0.87890625 0.17265625 0.03515625 0.0390625