0 0.36875 0.1421875 0.040625 0.0828125
0 0.22890625 0.11875 0.05703125 0.05859375
0 0.75703125 0.8953125 0.046875 0.07890625
0 0.84453125 0.42265625 0.0453125 0.07421875
0 0.7890625 0.42265625 0.0453125 0.07421875
0 0.86171875 0.528125 0.0375 0.04453125
0 0.72421875 0.7125 0.06015625 0.0875
0 0.446875 0.50390625 0.046875 0.06015625
0 0.403125 0.63125 0.0515625 0.06796875
0 0.3296875 0.315625 0.046875 0.06015625
0 0.32421875 0.51484375 0.03671875 0.0453125
0 0.23828125 0.32265625 0.040625 0.06640625
0 0.840625 0.621875 0.053125 0.06796875