0 0.27421875 0.73359375 0.040625 0.071875
0 0.2625 0.28125 0.0375 0.04921875
0 0.43203125 0.2828125 0.034375 0.04609375
0 0.33046875 0.234375 0.0421875 0.0421875
0 0.296875 0.53515625 0.03515625 0.034375
0 0.43125 0.4546875 0.0359375 0.04765625
0 0.41171875 0.33046875 0.0421875 0.04140625
0 0.11953125 0.22265625 0.034375 0.053125
0 0.25546875 0.23125 0.0390625 0.0375
0 0.21953125 0.53359375 0.0421875 0.04296875
0 0.2734375 0.6375 0.04140625 0.05390625
0 0.76015625 0.74296875 0.04375 0.06875
0 0.70625 0.278125 0.04296875 0.04296875
0 0.7625 0.2671875 0.02890625 0.03984375
0 0.8234375 0.2296875 0.0375 0.04921875
0 0.70546875 0.53828125 0.04453125 0.04296875
0 0.76015625 0.66796875 0.04140625 0.0546875
0 0.890625 0.50390625 0.02421875 0.0390625
0 0.78359375 0.56328125 0.034375 0.0328125