0 0.23046875 0.2734375 0.0421875 0.05234375
0 0.190625 0.71953125 0.04765625 0.05703125
0 0.23828125 0.86875 0.0484375 0.03671875
0 0.1953125 0.64765625 0.0421875 0.04375
0 0.1796875 0.67109375 0.04453125 0.0328125
0 0.68359375 0.27734375 0.040625 0.0515625
0 0.61484375 0.64375 0.03671875 0.02734375
0 0.659375 0.5671875 0.040625 0.0421875
0 0.7125 0.4953125 0.04765625 0.03671875
0 0.70390625 0.31953125 0.040625 0.03046875
0 0.74921875 0.45078125 0.03671875 0.03671875
0 0.66328125 0.45078125 0.04140625 0.04140625