0 0.7859375 0.13515625 0.028125 0.040625
0 0.725 0.1546875 0.02265625 0.06171875
0 0.796875 0.3296875 0.01875 0.0328125
0 0.8578125 0.2296875 0.01796875 0.0421875
0 0.8921875 0.26328125 0.015625 0.03671875
0 0.9484375 0.425 0.02421875 0.0328125
0 0.7328125 0.209375 0.015625 0.028125
0 0.33828125 0.375 0.02890625 0.04140625
0 0.43359375 0.51015625 0.034375 0.06875
0 0.5453125 0.88984375 0.0203125 0.05703125
0 0.5515625 0.89765625 0.0265625 0.03671875
0 0.5859375 0.9671875 0.02421875 0.06484375
0 0.61015625 0.9671875 0.02421875 0.06484375
0 0.46015625 0.14296875 0.028125 0.040625
0 0.57265625 0.63828125 0.0203125 0.03671875
0 0.57265625 0.571875 0.01953125 0.034375
0 0.571875 0.49765625 0.01796875 0.03203125
0 0.575 0.67890625 0.0171875 0.0390625
0 0.553125 0.68359375 0.0171875 0.040625
0 0.55234375 0.53125 0.0171875 0.03984375
0 0.5234375 0.571875 0.0203125 0.0359375
0 0.14375 0.43515625 0.015625 0.0484375
0 0.1703125 0.23515625 0.0171875 0.0390625
0 0.221875 0.23359375 0.01875 0.0421875
0 0.18828125 0.34609375 0.01328125 0.03125
0 0.24453125 0.3796875 0.01328125 0.03125