0 0.703125 0.7421875 0.025 0.046875
0 0.7796875 0.509375 0.01953125 0.0359375
0 0.89609375 0.16640625 0.025 0.04140625
0 0.83203125 0.26875 0.01796875 0.03203125
0 0.8703125 0.46171875 0.021875 0.02421875
0 0.81484375 0.29296875 0.02578125 0.02734375
0 0.83203125 0.3125 0.01875 0.03203125
0 0.76640625 0.3125 0.01875 0.03203125
0 0.9578125 0.53515625 0.02421875 0.040625
0 0.3265625 0.74140625 0.02578125 0.04921875
0 0.159375 0.73984375 0.0234375 0.046875
0 0.0359375 0.70625 0.025 0.04765625
0 0.146875 0.3359375 0.02421875 0.046875
0 0.17109375 0.2796875 0.03359375 0.0328125
0 0.35546875 0.1625 0.02421875 0.040625
0 0.30390625 0.17265625 0.0375 0.05234375
0 0.25 0.43125 0.01796875 0.03203125
0 0.26171875 0.6078125 0.02421875 0.040625
0 0.21640625 0.5046875 0.02421875 0.040625
0 0.0421875 0.5328125 0.0234375 0.0390625
0 0.215625 0.5734375 0.03046875 0.0453125
0 0.1328125 0.6359375 0.02734375 0.03828125
0 0.42265625 0.50703125 0.02421875 0.040625