0 0.6578125 0.75390625 0.025 0.046875
0 0.73515625 0.51953125 0.01953125 0.0359375
0 0.8515625 0.17421875 0.025 0.04140625
0 0.7875 0.278125 0.01796875 0.03203125
0 0.8265625 0.471875 0.021875 0.02421875
0 0.7703125 0.30234375 0.02578125 0.02734375
0 0.7875 0.32109375 0.01875 0.03203125
0 0.72109375 0.32109375 0.01875 0.03203125
0 0.91484375 0.5453125 0.02421875 0.040625
0 0.27890625 0.753125 0.02578125 0.04921875
0 0.1109375 0.7515625 0.0234375 0.046875
0 0.0984375 0.3453125 0.02421875 0.04765625
0 0.12265625 0.2890625 0.03359375 0.0328125
0 0.30859375 0.17109375 0.02421875 0.040625
0 0.25703125 0.18125 0.03828125 0.053125
0 0.2015625 0.44140625 0.01796875 0.03203125
0 0.2140625 0.61875 0.02421875 0.040625
0 0.16875 0.515625 0.025 0.040625
0 0.16796875 0.584375 0.03046875 0.0453125
0 0.084375 0.64765625 0.028125 0.03828125
0 0.37578125 0.51796875 0.025 0.040625