0 0.67421875 0.64296875 0.02109375 0.040625
0 0.8453125 0.5609375 0.025 0.02734375
0 0.66875 0.22890625 0.02890625 0.03203125
0 0.775 0.3796875 0.01875 0.02265625
0 0.76796875 0.55703125 0.01953125 0.03359375
0 0.7421875 0.55625 0.01796875 0.03203125
0 0.67265625 0.55859375 0.021875 0.0375
0 0.67109375 0.44375 0.0234375 0.0296875
0 0.76875 0.4359375 0.01953125 0.0328125
0 0.709375 0.5625 0.02265625 0.028125
0 0.5375 0.5015625 0.02109375 0.0234375
0 0.621875 0.49765625 0.0234375 0.0296875
0 0.62578125 0.55625 0.01875 0.0328125
0 0.53125 0.49453125 0.02109375 0.0375
0 0.80859375 0.33046875 0.015625 0.02734375
0 0.88203125 0.43203125 0.02265625 0.0296875
0 0.25 0.6453125 0.01953125 0.040625
0 0.28125 0.2390625 0.0203125 0.03828125
0 0.2546875 0.3875 0.02421875 0.02734375
0 0.25390625 0.4453125 0.02578125 0.03046875