0 0.33046875 0.8609375 0.01953125 0.02578125
0 0.303125 0.86875 0.0359375 0.040625
0 0.52109375 0.86875 0.0359375 0.040625
0 0.5484375 0.8609375 0.01875 0.025
0 0.7109375 0.86953125 0.03828125 0.0421875
0 0.68359375 0.86015625 0.0171875 0.02421875
0 0.0921875 0.48046875 0.03984375 0.03984375
0 0.26015625 0.5828125 0.0375 0.03671875
0 0.4859375 0.58125 0.0328125 0.03359375
0 0.56875 0.58203125 0.0359375 0.0359375
0 0.70078125 0.5515625 0.0359375 0.0359375
0 0.75703125 0.590625 0.03984375 0.03203125
0 0.75 0.615625 0.02578125 0.01953125
0 0.2234375 0.61484375 0.034375 0.03515625
0 0.65390625 0.6140625 0.03671875 0.03671875
0 0.5234375 0.61484375 0.03515625 0.03515625
0 0.07421875 0.55078125 0.0296875 0.02265625
0 0.075 0.5875 0.0296875 0.02265625
0 0.04375 0.5921875 0.0265625 0.025
0 0.04375 0.5453125 0.0265625 0.025
0 0.303125 0.80859375 0.0359375 0.0328125
0 0.33046875 0.8015625 0.01796875 0.01796875
0 0.54921875 0.803125 0.01953125 0.01953125
0 0.52109375 0.81015625 0.03515625 0.0328125
0 0.71171875 0.81171875 0.0375 0.034375
0 0.684375 0.80390625 0.01796875 0.01796875
0 0.2921875 0.11171875 0.0375 0.03828125
0 0.4734375 0.1109375 0.03515625 0.0359375
0 0.64765625 0.11015625 0.03515625 0.03515625
0 0.08671875 0.01484375 0.0390625 0.0296875
0 0.696875 0.20078125 0.034375 0.03515625
0 0.1390625 0.14375 0.03515625 0.03515625
0 0.25078125 0.14375 0.0359375 0.0359375
0 0.33515625 0.14375 0.034375 0.03515625
0 0.5109375 0.14453125 0.0328125 0.03359375
0 0.15546875 0.1859375 0.03359375 0.02265625
0 0.18515625 0.253125 0.03984375 0.028125
0 0.59453125 0.18984375 0.03203125 0.02421875
0 0.18515625 0.190625 0.02421875 0.0234375
0 0.078125 0.0875 0.0328125 0.025
0 0.07734375 0.125 0.03046875 0.02265625
0 0.0484375 0.1296875 0.0234375 0.021875
0 0.0484375 0.08046875 0.025 0.0234375