0 0.446875 0.2953125 0.03671875 0.0234375
0 0.446875 0.31796875 0.03671875 0.02265625
0 0.378125 0.34921875 0.03125 0.03359375
0 0.378125 0.5484375 0.03203125 0.034375
0 0.58984375 0.5921875 0.0328125 0.034375
0 0.56796875 0.58359375 0.0109375 0.01640625
0 0.7734375 0.684375 0.03515625 0.040625
0 0.82578125 0.3359375 0.046875 0.028125
0 0.6390625 0.51875 0.04140625 0.02734375
0 0.6390625 0.46171875 0.04140625 0.0265625
0 0.6515625 0.36484375 0.0265625 0.0265625
0 0.64375 0.1453125 0.03203125 0.0296875
0 0.68359375 0.34140625 0.034375 0.025
0 0.7484375 0.2328125 0.025 0.02421875
0 0.6890625 0.234375 0.028125 0.02734375
0 0.7171875 0.2375 0.03203125 0.02265625
0 0.56953125 0.5421875 0.01640625 0.0171875
0 0.59140625 0.546875 0.02734375 0.0265625
0 0.60546875 0.8328125 0.03984375 0.02578125
0 0.76796875 0.7875 0.03125 0.0328125