0 0.36328125 0.27578125 0.028125 0.07265625
0 0.296875 0.834375 0.03046875 0.078125
0 0.1078125 0.6015625 0.040625 0.05859375
0 0.3578125 0.52578125 0.02890625 0.06328125
0 0.37421875 0.46953125 0.03203125 0.05546875
0 0.41484375 0.45703125 0.02109375 0.04765625
0 0.36171875 0.628125 0.0296875 0.05078125
0 0.32265625 0.66796875 0.0421875 0.08046875
0 0.296875 0.73984375 0.03046875 0.065625
0 0.58671875 0.5921875 0.03828125 0.05390625
0 0.81328125 0.584375 0.03125 0.05390625
0 0.8140625 0.509375 0.03203125 0.05546875
0 0.7703125 0.59296875 0.028125 0.06015625