0 0.63203125 0.3 0.02578125 0.06796875
0 0.69453125 0.821875 0.02890625 0.0734375
0 0.871875 0.6046875 0.03828125 0.05546875
0 0.6375 0.53359375 0.02734375 0.05859375
0 0.621875 0.48125 0.0296875 0.05234375
0 0.58359375 0.46875 0.01953125 0.04453125
0 0.63359375 0.62890625 0.028125 0.04765625
0 0.66953125 0.6671875 0.0390625 0.075
0 0.69453125 0.734375 0.02890625 0.06171875
0 0.42265625 0.5953125 0.0359375 0.05078125
0 0.21015625 0.58828125 0.02890625 0.05078125
0 0.21015625 0.51875 0.0296875 0.05234375
0 0.25078125 0.596875 0.02578125 0.05625