0 0.32265625 0.540625 0.05078125 0.04375
0 0.32265625 0.584375 0.05078125 0.04375
0 0.41875 0.72109375 0.02421875 0.02890625
0 0.440625 0.63125 0.02421875 0.02890625
0 0.27109375 0.60859375 0.01875 0.02265625
0 0.3796875 0.75234375 0.0296875 0.02734375
0 0.378125 0.790625 0.0328125 0.0296875
0 0.378125 0.82109375 0.0328125 0.0296875
0 0.46015625 0.86484375 0.02421875 0.02890625
0 0.57578125 0.81953125 0.02421875 0.02890625
0 0.353125 0.83203125 0.02734375 0.025
0 0.4921875 0.9078125 0.02734375 0.02421875
0 0.421875 0.27578125 0.0359375 0.02890625
0 0.421875 0.24609375 0.0359375 0.02890625
0 0.421875 0.27578125 0.0359375 0.02890625
0 0.421875 0.246875 0.0359375 0.02890625
0 0.45 0.27578125 0.0359375 0.02890625
0 0.45 0.246875 0.0359375 0.02890625
0 0.14375 0.02890625 0.03203125 0.025
0 0.15859375 0.32734375 0.02734375 0.0375
0 0.15859375 0.35625 0.02734375 0.0375
0 0.1734375 0.31796875 0.028125 0.02421875
0 0.19453125 0.2046875 0.02265625 0.0203125
0 0.17265625 0.25 0.02890625 0.02578125
0 0.16875 0.1015625 0.02421875 0.02890625
0 0.98046875 0.33515625 0.0328125 0.02578125
0 0.7046875 0.234375 0.02890625 0.02578125
0 0.70546875 0.296875 0.028125 0.025
0 0.80078125 0.1609375 0.025 0.0296875
0 0.8609375 0.15 0.028125 0.025
0 0.8328125 0.12265625 0.02421875 0.02890625
0 0.825 0.07734375 0.02265625 0.01953125
0 0.765625 0.07890625 0.02265625 0.01953125
0 0.7421875 0.1 0.02421875 0.02890625
0 0.80234375 0.28671875 0.0234375 0.02890625
0 0.834375 0.29375 0.028125 0.025
0 0.7703125 0.3265625 0.025 0.0296875