0 0.459375 0.075 0.071875 0.05234375
0 0.459375 0.11484375 0.071875 0.05234375
0 0.37109375 0.5578125 0.0734375 0.05625
0 0.365625 0.28125 0.0671875 0.04296875
0 0.45703125 0.28125 0.06875 0.04296875
0 0.75078125 0.2796875 0.0734375 0.04609375
0 0.15 0.2828125 0.06015625 0.03828125
0 0.15234375 0.2046875 0.053125 0.03515625
0 0.28515625 0.440625 0.0796875 0.0375
0 0.35 0.33046875 0.07109375 0.0328125
0 0.45703125 0.4515625 0.053125 0.03359375
0 0.3734375 0.4859375 0.0734375 0.04453125
0 0.1296875 0.84921875 0.08046875 0.05078125