0 0.584375 0.5453125 0.03125 0.03046875
0 0.83125 0.3859375 0.025 0.0421875
0 0.740625 0.3890625 0.0296875 0.0484375
0 0.5421875 0.2703125 0.03671875 0.0328125
0 0.51484375 0.21171875 0.0296875 0.0484375
0 0.62109375 0.128125 0.0375 0.04609375
0 0.6 0.2265625 0.02578125 0.03671875
0 0.75 0.1359375 0.021875 0.03125
0 0.77265625 0.1359375 0.021875 0.03125
0 0.74140625 0.17890625 0.02421875 0.025
0 0.66640625 0.25390625 0.02890625 0.03125
0 0.69140625 0.33359375 0.0296875 0.03046875
0 0.2515625 0.3875 0.02734375 0.0453125
0 0.17734375 0.15546875 0.0296875 0.03125
0 0.203125 0.21171875 0.028125 0.03046875
0 0.178125 0.27890625 0.028125 0.03046875
0 0.0875 0.25234375 0.02265625 0.03203125
0 0.3578125 0.165625 0.028125 0.03046875
0 0.325 0.1484375 0.02265625 0.03203125
0 0.2765625 0.11953125 0.025 0.03515625