0 0.55703125 0.74375 0.08203125 0.065625
0 0.5890625 0.25625 0.071875 0.06015625
0 0.5890625 0.21328125 0.071875 0.06015625
0 0.31328125 0.79921875 0.0890625 0.0421875
0 0.4265625 0.60078125 0.07890625 0.04140625
0 0.48828125 0.53828125 0.06328125 0.03203125
0 0.64296875 0.584375 0.078125 0.040625
0 0.3359375 0.49453125 0.071875 0.03671875
0 0.22109375 0.59296875 0.06328125 0.04296875
0 0.26484375 0.43125 0.0640625 0.04375
0 0.265625 0.34140625 0.0625 0.0421875
0 0.5578125 0.65234375 0.08046875 0.053125