0 0.59296875 0.76640625 0.0234375 0.059375
0 0.5546875 0.7859375 0.05078125 0.09921875
0 0.746875 0.0375 0.05 0.075
0 0.8296875 0.51796875 0.03828125 0.06640625
0 0.5890625 0.53671875 0.04765625 0.059375
0 0.59296875 0.6296875 0.02265625 0.04296875
0 0.55546875 0.65078125 0.05 0.08515625
0 0.4640625 0.51953125 0.03984375 0.06875
0 0.29765625 0.5171875 0.0375 0.06484375
0 0.5921875 0.45703125 0.04140625 0.05078125
0 0.66484375 0.3484375 0.04609375 0.05703125
0 0.7671875 0.365625 0.06484375 0.096875
0 0.76015625 0.11953125 0.059375 0.07578125
0 0.73203125 0.11640625 0.05390625 0.06875
0 0.47421875 0.421875 0.0453125 0.07578125
0 0.5703125 0.421875 0.0453125 0.0765625