0 0.5734375 0.1953125 0.0609375 0.0765625
0 0.5734375 0.246875 0.0609375 0.0765625
0 0.57734375 0.75625 0.0640625 0.07265625
0 0.57734375 0.8109375 0.0640625 0.07265625
0 0.3 0.60234375 0.06015625 0.0640625
0 0.3 0.65390625 0.06015625 0.06328125
0 0.16484375 0.38359375 0.05234375 0.03671875
0 0.1953125 0.40625 0.06953125 0.05234375
0 0.65703125 0.28515625 0.07109375 0.05390625
0 0.6015625 0.3734375 0.05546875 0.0390625
0 0.7234375 0.3671875 0.04375 0.0296875
0 0.71328125 0.4453125 0.065625 0.0484375