0 0.7234375 0.20859375 0.0640625 0.06171875
0 0.6234375 0.86640625 0.07109375 0.06796875
0 0.72734375 0.671875 0.0953125 0.0671875
0 0.88359375 0.64765625 0.0484375 0.03984375
0 0.7078125 0.5640625 0.06875 0.0453125
0 0.39453125 0.55625 0.06328125 0.05234375
0 0.3484375 0.46796875 0.06015625 0.03515625
0 0.16875 0.5640625 0.0859375 0.0453125
0 0.4046875 0.35390625 0.07109375 0.04609375
0 0.47578125 0.68671875 0.0953125 0.06875
0 0.49765625 0.56796875 0.07109375 0.04609375
0 0.62421875 0.79375 0.0703125 0.05546875
0 0.78671875 0.88984375 0.07578125 0.04375