0 0.53671875 0.64296875 0.06875 0.0546875
0 0.9140625 0.60703125 0.075 0.065625
0 0.965625 0.60625 0.06875 0.065625
0 0.67421875 0.215625 0.04453125 0.04296875
0 0.8359375 0.31796875 0.040625 0.05859375
0 0.628125 0.27109375 0.03671875 0.0546875
0 0.76796875 0.51953125 0.04296875 0.04296875
0 0.76796875 0.56171875 0.04296875 0.04296875
0 0.66875 0.64140625 0.05390625 0.07265625
0 0.24140625 0.0875 0.04609375 0.07421875
0 0.24375 0.84453125 0.05234375 0.08203125
0 0.30703125 0.5671875 0.05390625 0.05703125
0 0.184375 0.62734375 0.0515625 0.0546875
0 0.2453125 0.68671875 0.05234375 0.06953125
0 0.14609375 0.47734375 0.040625 0.05546875
0 0.13515625 0.55859375 0.04765625 0.05