0 0.52265625 0.6609375 0.0671875 0.053125
0 0.88984375 0.62578125 0.0734375 0.06328125
0 0.94296875 0.62578125 0.07421875 0.06328125
0 0.65625 0.2453125 0.04296875 0.04140625
0 0.81328125 0.34453125 0.03984375 0.05625
0 0.61171875 0.2984375 0.0359375 0.053125
0 0.746875 0.53984375 0.0421875 0.04140625
0 0.746875 0.58125 0.0421875 0.04140625
0 0.65078125 0.65859375 0.05234375 0.0703125
0 0.23515625 0.1203125 0.04453125 0.071875
0 0.2375 0.85625 0.05078125 0.08046875
0 0.29921875 0.58671875 0.05234375 0.05546875
0 0.1796875 0.6453125 0.05 0.053125
0 0.23828125 0.703125 0.05078125 0.06796875
0 0.1421875 0.49921875 0.03984375 0.05390625
0 0.13125 0.57890625 0.046875 0.0484375