0 0.48671875 0.41796875 0.03203125 0.059375
0 0.284375 0.78984375 0.028125 0.08203125
0 0.0890625 0.5078125 0.03125 0.05859375
0 0.178125 0.52578125 0.025 0.07109375
0 0.27578125 0.6578125 0.02890625 0.059375
0 0.24453125 0.5109375 0.02890625 0.05859375
0 0.2 0.371875 0.02890625 0.05859375
0 0.16875 0.6484375 0.02421875 0.04609375
0 0.775 0.78671875 0.025 0.0765625
0 0.71328125 0.50546875 0.02890625 0.05859375
0 0.68828125 0.4125 0.02890625 0.059375
0 0.784375 0.459375 0.03671875 0.08828125
0 0.81796875 0.51796875 0.0375 0.090625