0 0.74296875 0.9203125 0.0328125 0.10078125
0 0.721875 0.89453125 0.0109375 0.04921875
0 0.97890625 0.45859375 0.04140625 0.07578125
0 0.6984375 0.478125 0.0328125 0.06484375
0 0.70234375 0.75234375 0.02421875 0.0453125
0 0.659375 0.5515625 0.0234375 0.0640625
0 0.628125 0.69453125 0.02265625 0.0625
0 0.65859375 0.69453125 0.02265625 0.0625
0 0.7703125 0.73828125 0.03515625 0.0734375
0 0.7984375 0.559375 0.028125 0.0578125
0 0.74375 0.81875 0.02890625 0.07890625
0 0.72265625 0.79921875 0.01328125 0.03984375
0 0.4546875 0.58359375 0.04453125 0.07734375
0 0.1734375 0.53828125 0.034375 0.07109375
0 0.1734375 0.44765625 0.034375 0.071875
0 0.275 0.5375 0.03828125 0.078125
0 0.2296875 0.58046875 0.02265625 0.0671875
0 0.30234375 0.63515625 0.02265625 0.0671875