0 0.065625 0.30234375 0.06171875 0.09296875
0 0.065625 0.2265625 0.06171875 0.0921875
0 0.8046875 0.36953125 0.084375 0.07734375
0 0.8671875 0.36953125 0.084375 0.07734375
0 0.7359375 0.32265625 0.04375 0.06328125
0 0.69140625 0.32265625 0.04375 0.06328125
0 0.4484375 0.2609375 0.05546875 0.07734375
0 0.3234375 0.26015625 0.05625 0.078125
0 0.2640625 0.87109375 0.05859375 0.06328125
0 0.2671875 0.73203125 0.06484375 0.0703125
0 0.06171875 0.69765625 0.04296875 0.0703125
0 0.33359375 0.890625 0.0625 0.0984375
0 0.33359375 0.959375 0.0625 0.08046875