0 0.1640625 0.2625 0.06796875 0.04453125
0 0.115625 0.2625 0.0671875 0.04453125
0 0.559375 0.75546875 0.05 0.06640625
0 0.79609375 0.490625 0.075 0.0484375
0 0.8484375 0.490625 0.07578125 0.0484375
0 0.61640625 0.59296875 0.05703125 0.04375
0 0.5578125 0.65390625 0.05 0.05390625
0 0.45625 0.6109375 0.04375 0.0484375
0 0.36796875 0.59921875 0.0546875 0.04453125
0 0.415625 0.07109375 0.05625 0.04375
0 0.36484375 0.4953125 0.06171875 0.0484375
0 0.20703125 0.315625 0.04765625 0.0546875
0 0.56171875 0.25859375 0.05703125 0.0453125
0 0.6234375 0.19296875 0.05390625 0.05625
0 0.25703125 0.26796875 0.05078125 0.0375
0 0.75625 0.7875 0.059375 0.04375
0 0.7984375 0.8625 0.0609375 0.04921875