0 0.8546875 0.16328125 0.0453125 0.1078125
0 0.95 0.1625 0.04609375 0.10859375
0 0.40859375 0.8015625 0.05078125 0.1171875
0 0.778125 0.70078125 0.05078125 0.08046875
0 0.7328125 0.33671875 0.05078125 0.08046875
0 0.86875 0.584375 0.053125 0.08046875
0 0.85078125 0.38671875 0.06953125 0.1234375
0 0.234375 0.3625 0.04609375 0.09609375
0 0.2890625 0.3625 0.04609375 0.09609375
0 0.409375 0.59140625 0.0484375 0.10078125
0 0.28984375 0.5078125 0.0453125 0.09453125
0 0.18359375 0.4765625 0.05 0.07890625