0 0.5828125 0.7234375 0.04375 0.0515625
0 0.7453125 0.4390625 0.05625 0.03671875
0 0.58359375 0.66015625 0.04296875 0.0421875
0 0.65625 0.6265625 0.0296875 0.03046875
0 0.76015625 0.5921875 0.0390625 0.04375
0 0.190625 0.2328125 0.040625 0.04609375
0 0.17421875 0.53046875 0.03984375 0.03984375
0 0.240625 0.56796875 0.03984375 0.03984375
0 0.140625 0.6234375 0.046875 0.04140625
0 0.18984375 0.43984375 0.03984375 0.04140625
0 0.2390625 0.43984375 0.03984375 0.04140625
0 0.1640625 0.5046875 0.0328125 0.028125