0 0.41015625 0.7359375 0.0453125 0.05390625
0 0.24140625 0.440625 0.05859375 0.03828125
0 0.41015625 0.6703125 0.04453125 0.04453125
0 0.33359375 0.63515625 0.03046875 0.03125
0 0.22578125 0.6 0.040625 0.0453125
0 0.81796875 0.22578125 0.0421875 0.04765625
0 0.8359375 0.5359375 0.04140625 0.04140625
0 0.76640625 0.575 0.04140625 0.04140625
0 0.8703125 0.6328125 0.0484375 0.04296875
0 0.81953125 0.44140625 0.04140625 0.04296875
0 0.76796875 0.44140625 0.04140625 0.04296875
0 0.84609375 0.50859375 0.034375 0.0296875