0 0.44765625 0.44140625 0.0328125 0.02734375
0 0.70625 0.43828125 0.01875 0.028125
0 0.72578125 0.43828125 0.01875 0.028125
0 0.65546875 0.09375 0.0296875 0.025
0 0.65546875 0.06875 0.0296875 0.02421875
0 0.5859375 0.128125 0.021875 0.03203125
0 0.5640625 0.128125 0.021875 0.03203125
0 0.65390625 0.39765625 0.0296875 0.02421875
0 0.653125 0.30234375 0.03046875 0.025
0 0.59765625 0.459375 0.025 0.03203125
0 0.52265625 0.46171875 0.02109375 0.028125
0 0.51796875 0.49375 0.02578125 0.0234375
0 0.61875 0.359375 0.025 0.02265625
0 0.63515625 0.28359375 0.0171875 0.0234375
0 0.61796875 0.28359375 0.0171875 0.0234375
0 0.125 0.09296875 0.02734375 0.03828125
0 0.23359375 0.3421875 0.03125 0.028125
0 0.14453125 0.30078125 0.02890625 0.0265625
0 0.1265625 0.41015625 0.02734375 0.02578125
0 0.17265625 0.23984375 0.02265625 0.02890625
0 0.20703125 0.3359375 0.0234375 0.0296875
0 0.19296875 0.18828125 0.0234375 0.02109375