0 0.2609375 0.478125 0.0703125 0.053125
0 0.209375 0.478125 0.0703125 0.053125
0 0.5625 0.83359375 0.05546875 0.07265625
0 0.83046875 0.09609375 0.04921875 0.06796875
0 0.571875 0.24453125 0.05078125 0.059375
0 0.75859375 0.5828125 0.05078125 0.06015625
0 0.84296875 0.6015625 0.05625 0.05078125
0 0.5640625 0.71171875 0.05703125 0.0671875
0 0.68515625 0.65625 0.04921875 0.05859375
0 0.7828125 0.709375 0.05234375 0.06171875
0 0.84921875 0.35 0.0578125 0.0515625
0 0.91015625 0.27421875 0.0453125 0.059375
0 0.75078125 0.2328125 0.05546875 0.05
0 0.7359375 0.36015625 0.04375 0.0375
0 0.21484375 0.56640625 0.059375 0.05390625
0 0.15234375 0.728125 0.046875 0.05625
0 0.83125 0.21640625 0.05078125 0.059375