0 0.7125 0.18046875 0.03984375 0.0234375
0 0.59375 0.29609375 0.03671875 0.03125
0 0.77734375 0.29609375 0.03671875 0.03125
0 0.74765625 0.565625 0.03671875 0.03125
0 0.74765625 0.5921875 0.03671875 0.03125
0 0.65703125 0.52890625 0.0328125 0.02890625
0 0.746875 0.52734375 0.0359375 0.03203125
0 0.59609375 0.42109375 0.03671875 0.03125
0 0.6484375 0.42109375 0.0359375 0.03125
0 0.6578125 0.41796875 0.03828125 0.0203125
0 0.61171875 0.5546875 0.03671875 0.02109375
0 0.7390625 0.55390625 0.03671875 0.0203125