0 0.4015625 0.56015625 0.034375 0.0734375
0 0.29453125 0.646875 0.0265625 0.0359375
0 0.2828125 0.62734375 0.0328125 0.034375
0 0.14140625 0.66328125 0.021875 0.03125
0 0.6890625 0.89765625 0.03203125 0.053125
0 0.7203125 0.89765625 0.03125 0.053125
0 0.71953125 0.54765625 0.028125 0.04375
0 0.96484375 0.403125 0.0296875 0.04609375
0 0.93828125 0.346875 0.04375 0.034375
0 0.721875 0.45078125 0.02890625 0.05234375
0 0.7984375 0.40234375 0.040625 0.0375
0 0.60078125 0.196875 0.03046875 0.0453125
0 0.6546875 0.3828125 0.0390625 0.0375
0 0.73046875 0.2390625 0.025 0.0234375
0 0.19921875 0.275 0.03828125 0.03515625
0 0.22890625 0.128125 0.0375 0.03515625
0 0.26796875 0.12109375 0.0265625 0.03671875
0 0.23359375 0.33203125 0.028125 0.0421875
0 0.10390625 0.2578125 0.0234375 0.0328125
0 0.18046875 0.1625 0.0234375 0.0328125