0 0.8890625 0.346875 0.06015625 0.05625
0 0.88984375 0.4984375 0.06171875 0.0578125
0 0.2359375 0.80703125 0.04375 0.08359375
0 0.546875 0.1515625 0.04375 0.08359375
0 0.30703125 0.6046875 0.0390625 0.05859375
0 0.15625 0.5828125 0.04765625 0.0578125
0 0.196875 0.509375 0.04375 0.0515625
0 0.15625 0.42421875 0.0484375 0.05859375
0 0.2390625 0.35703125 0.04375 0.06484375
0 0.32578125 0.5015625 0.03828125 0.0578125
0 0.684375 0.43984375 0.0390625 0.05859375
0 0.5875 0.44296875 0.04375 0.06484375
0 0.6375 0.375 0.0484375 0.0578125
0 0.675 0.52578125 0.0375 0.0578125
0 0.7375 0.55859375 0.0390625 0.05859375
0 0.74296875 0.67578125 0.04453125 0.053125