0 0.41015625 0.9078125 0.0265625 0.075
0 0.2546875 0.80625 0.03046875 0.05078125
0 0.01328125 0.5046875 0.0265625 0.059375
0 0.14296875 0.3875 0.0234375 0.06875
0 0.2421875 0.3875 0.0234375 0.06875
0 0.20078125 0.63515625 0.025 0.04140625
0 0.16640625 0.62734375 0.0203125 0.0390625
0 0.19453125 0.575 0.0234375 0.0578125
0 0.3171875 0.71171875 0.0265625 0.05234375
0 0.35703125 0.746875 0.02265625 0.05625
0 0.41015625 0.8015625 0.0265625 0.0640625
0 0.440625 0.73515625 0.02734375 0.053125
0 0.4171875 0.5015625 0.02578125 0.0515625
0 0.46796875 0.2734375 0.01796875 0.04921875
0 0.5078125 0.2734375 0.01796875 0.04921875
0 0.44140625 0.2578125 0.02734375 0.0546875
0 0.63984375 0.36484375 0.0234375 0.0671875
0 0.66328125 0.36484375 0.0234375 0.0671875
0 0.66171875 0.90546875 0.0234375 0.0671875
0 0.6390625 0.90546875 0.0234375 0.0671875
0 0.73671875 0.90703125 0.02421875 0.06953125