0 0.59375 0.93671875 0.028125 0.08046875
0 0.759375 0.828125 0.0328125 0.05390625
0 0.878125 0.38125 0.025 0.0734375
0 0.77265625 0.38125 0.025 0.0734375
0 0.8171875 0.64609375 0.0265625 0.04453125
0 0.85390625 0.6375 0.021875 0.0421875
0 0.82421875 0.58125 0.025 0.06171875
0 0.69296875 0.72734375 0.028125 0.05625
0 0.65 0.76484375 0.02421875 0.06015625
0 0.59296875 0.82265625 0.028125 0.06875
0 0.5609375 0.75234375 0.02890625 0.05703125
0 0.5859375 0.503125 0.02734375 0.0546875
0 0.53203125 0.259375 0.01875 0.053125
0 0.4890625 0.259375 0.01953125 0.053125
0 0.5609375 0.24296875 0.0296875 0.05859375
0 0.3484375 0.35703125 0.025 0.071875
0 0.3234375 0.35703125 0.025 0.071875
0 0.325 0.934375 0.025 0.07109375
0 0.35 0.934375 0.025 0.07109375
0 0.24453125 0.93515625 0.02578125 0.07421875