0 0.60625 0.89609375 0.0625 0.03046875
0 0.94296875 0.809375 0.0796875 0.03515625
0 0.740625 0.74609375 0.0609375 0.02734375
0 0.84140625 0.7703125 0.05078125 0.0359375
0 0.78046875 0.80859375 0.065625 0.034375
0 0.7890625 0.8859375 0.04765625 0.0234375
0 0.41015625 0.6140625 0.05703125 0.04375
0 0.62578125 0.328125 0.05703125 0.046875
0 0.33515625 0.428125 0.0546875 0.0390625
0 0.42734375 0.4609375 0.04453125 0.03046875
0 0.184375 0.3765625 0.071875 0.03671875
0 0.2671875 0.37578125 0.06484375 0.034375
0 0.43984375 0.2078125 0.06484375 0.034375
0 0.3828125 0.30625 0.06640625 0.034375
0 0.46953125 0.26875 0.0515625 0.02578125
0 0.471875 0.31171875 0.046875 0.02265625
0 0.51640625 0.0953125 0.05546875 0.03671875
0 0.12421875 0.07578125 0.0796875 0.0359375