0 0.434375 0.946875 0.0640625 0.03046875
0 0.090625 0.8578125 0.08125 0.0359375
0 0.29765625 0.79375 0.06171875 0.028125
0 0.19375 0.81796875 0.05234375 0.03671875
0 0.25703125 0.8578125 0.0671875 0.03515625
0 0.24765625 0.93671875 0.0484375 0.0234375
0 0.63515625 0.65859375 0.05859375 0.04453125
0 0.41484375 0.365625 0.05859375 0.04765625
0 0.71171875 0.46875 0.05625 0.03984375
0 0.6171875 0.50234375 0.0453125 0.03046875
0 0.865625 0.415625 0.0734375 0.03828125
0 0.78125 0.415625 0.06640625 0.03515625
0 0.6046875 0.24375 0.06640625 0.03515625
0 0.66328125 0.34375 0.06796875 0.03515625
0 0.57421875 0.30546875 0.053125 0.0265625
0 0.571875 0.34921875 0.04765625 0.0234375
0 0.5265625 0.128125 0.05703125 0.03828125
0 0.92734375 0.1078125 0.08125 0.03671875