0 0.40078125 0.4671875 0.0359375 0.04765625
0 0.40078125 0.43359375 0.0359375 0.04765625
0 0.84609375 0.65625 0.05234375 0.034375
0 0.37578125 0.68359375 0.040625 0.0328125
0 0.4171875 0.753125 0.03828125 0.03984375
0 0.62890625 0.69140625 0.02890625 0.0328125
0 0.73046875 0.68984375 0.02578125 0.0296875
0 0.68984375 0.7625 0.0328125 0.02578125
0 0.7359375 0.7625 0.03125 0.025
0 0.4171875 0.8359375 0.03671875 0.0484375
0 0.69140625 0.615625 0.03671875 0.0390625
0 0.77890625 0.65625 0.040625 0.0328125
0 0.54296875 0.665625 0.02578125 0.0296875