0 0.4109375 0.92578125 0.02578125 0.04296875
0 0.4109375 0.96015625 0.02578125 0.04296875
0 0.66328125 0.8296875 0.0328125 0.0515625
0 0.98671875 0.54609375 0.0265625 0.03671875
0 0.965625 0.54609375 0.0390625 0.03671875
0 0.553125 0.60703125 0.028125 0.040625
0 0.41796875 0.61015625 0.0234375 0.034375
0 0.353125 0.60625 0.0296875 0.04296875
0 0.2765625 0.6109375 0.021875 0.0328125
0 0.53203125 0.68203125 0.0234375 0.03515625
0 0.58359375 0.71484375 0.02578125 0.03828125
0 0.57734375 0.7671875 0.021875 0.025
0 0.85625 0.603125 0.03359375 0.0375
0 0.71875 0.72578125 0.03203125 0.03671875
0 0.715625 0.60625 0.025 0.02734375
0 0.6671875 0.6046875 0.02421875 0.03828125
0 0.79921875 0.73125 0.028125 0.0296875
0 0.66328125 0.73125 0.03203125 0.04921875
0 0.6171875 0.12578125 0.03828125 0.03984375
0 0.64765625 0.12578125 0.03828125 0.03984375