0 0.06171875 0.8359375 0.03828125 0.08046875
0 0.3796875 0.69609375 0.03984375 0.0703125
0 0.36796875 0.41875 0.05546875 0.05546875
0 0.36875 0.60625 0.05859375 0.06015625
0 0.2421875 0.6390625 0.0375 0.06484375
0 0.1578125 0.63984375 0.0359375 0.0625
0 0.0640625 0.6921875 0.0359375 0.06328125
0 0.24765625 0.75859375 0.04375 0.053125
0 0.1078125 0.26171875 0.03671875 0.0625
0 0.7171875 0.56328125 0.04140625 0.05234375
0 0.6765625 0.58359375 0.0359375 0.0609375
0 0.66953125 0.43359375 0.04296875 0.053125
0 0.6671875 0.34375 0.03828125 0.04765625
0 0.69375 0.24375 0.03671875 0.0625