0 0.2265625 0.19453125 0.06328125 0.07890625
0 0.2265625 0.13203125 0.06328125 0.07890625
0 0.28984375 0.90390625 0.07421875 0.0625
0 0.2671875 0.85703125 0.06953125 0.08359375
0 0.328125 0.671875 0.06953125 0.0609375
0 0.26015625 0.68203125 0.059375 0.06484375
0 0.74609375 0.19296875 0.06328125 0.078125
0 0.74609375 0.13046875 0.06328125 0.078125
0 0.621875 0.4 0.0453125 0.05234375
0 0.7015625 0.38984375 0.06484375 0.071875
0 0.82890625 0.390625 0.06328125 0.0703125
0 0.709375 0.5921875 0.0640625 0.07109375
0 0.6234375 0.5796875 0.03984375 0.046875
0 0.84296875 0.59140625 0.06328125 0.0703125
0 0.87734375 0.69453125 0.0765625 0.078125