0 0.77109375 0.1625 0.06484375 0.08046875
0 0.77109375 0.0984375 0.06484375 0.08046875
0 0.70703125 0.88828125 0.0765625 0.0640625
0 0.7296875 0.840625 0.071875 0.08515625
0 0.6671875 0.65078125 0.071875 0.0625
0 0.73671875 0.6609375 0.06015625 0.06640625
0 0.2390625 0.1609375 0.06484375 0.0796875
0 0.2390625 0.096875 0.06484375 0.0796875
0 0.36640625 0.371875 0.04609375 0.05390625
0 0.284375 0.3625 0.06640625 0.0734375
0 0.15390625 0.36328125 0.06484375 0.071875
0 0.27734375 0.56875 0.065625 0.07265625
0 0.365625 0.55625 0.040625 0.04765625
0 0.13984375 0.56875 0.06484375 0.071875
0 0.1046875 0.6734375 0.07890625 0.0796875