0 0.33828125 0.79609375 0.046875 0.08046875
0 0.5046875 0.1265625 0.040625 0.0765625
0 0.40859375 0.12421875 0.04453125 0.08203125
0 0.20703125 0.1234375 0.04609375 0.08359375
0 0.7765625 0.19140625 0.04453125 0.07421875
0 0.7796875 0.35859375 0.04375 0.0640625
0 0.58515625 0.56015625 0.04296875 0.0640625
0 0.44140625 0.578125 0.06328125 0.08125
0 0.415625 0.4671875 0.04375 0.0640625
0 0.58359375 0.409375 0.04453125 0.065625
0 0.571875 0.35546875 0.04609375 0.053125
0 0.39765625 0.26015625 0.04453125 0.05
0 0.30625 0.27265625 0.04140625 0.0609375
0 0.33828125 0.63828125 0.04765625 0.06953125
0 0.296875 0.5453125 0.06015625 0.0796875