0 0.43125 0.88515625 0.03515625 0.028125
0 0.84375 0.796875 0.03046875 0.04140625
0 0.759375 0.7703125 0.03359375 0.03359375
0 0.7296875 0.84296875 0.03359375 0.03359375
0 0.76015625 0.89296875 0.0359375 0.03515625
0 0.8078125 0.890625 0.0328125 0.03203125
0 0.69921875 0.9 0.0296875 0.040625
0 0.60703125 0.9015625 0.02734375 0.0375
0 0.49921875 0.74921875 0.03515625 0.03515625
0 0.74296875 0.0515625 0.0359375 0.028125
0 0.79765625 0.52109375 0.0265625 0.04140625
0 0.8234375 0.52109375 0.0265625 0.04140625
0 0.8296875 0.41640625 0.0328125 0.04375
0 0.9046875 0.29765625 0.03359375 0.03359375
0 0.98984375 0.28671875 0.0203125 0.0328125
0 0.83984375 0.346875 0.0328125 0.0328125
0 0.8703125 0.1171875 0.02734375 0.0265625
0 0.8703125 0.14375 0.02734375 0.0265625
0 0.32734375 0.41640625 0.02421875 0.04140625
0 0.3921875 0.2640625 0.034375 0.034375
0 0.32578125 0.2078125 0.028125 0.03828125
0 0.23046875 0.26328125 0.03359375 0.0328125
0 0.44375 0.184375 0.02890625 0.02734375
0 0.21953125 0.17265625 0.028125 0.02734375