0 0.7734375 0.91640625 0.03984375 0.02734375
0 0.66484375 0.61015625 0.03671875 0.0390625
0 0.603125 0.61015625 0.0375 0.03984375
0 0.9046875 0.54375 0.05 0.03046875
0 0.65 0.528125 0.0390625 0.02734375
0 0.66328125 0.46640625 0.04453125 0.0359375
0 0.68203125 0.44765625 0.04453125 0.0359375
0 0.69921875 0.29296875 0.04921875 0.03046875
0 0.74453125 0.5125 0.03671875 0.03359375
0 0.77890625 0.57109375 0.03359375 0.03125
0 0.79609375 0.603125 0.0375 0.02734375
0 0.73984375 0.5546875 0.025 0.02421875
0 0.75546875 0.253125 0.03671875 0.03984375
0 0.3296875 0.25625 0.0375 0.03984375
0 0.2953125 0.24296875 0.0484375 0.03046875
0 0.2609375 0.45390625 0.040625 0.02421875
0 0.2609375 0.478125 0.040625 0.02421875
0 0.3265625 0.57265625 0.0375 0.034375
0 0.33359375 0.53515625 0.03671875 0.02578125
0 0.22109375 0.5171875 0.0375 0.034375
0 0.32578125 0.37578125 0.03828125 0.03515625
0 0.3671875 0.40859375 0.0375 0.0265625
0 0.22109375 0.325 0.0375 0.034375