0 0.48203125 0.55234375 0.03515625 0.06484375
0 0.51796875 0.55234375 0.0359375 0.06484375
0 0.90078125 0.5078125 0.03984375 0.07109375
0 0.8 0.30234375 0.03984375 0.06328125
0 0.7125 0.24921875 0.03984375 0.0640625
0 0.75859375 0.12265625 0.03984375 0.04296875
0 0.69921875 0.64453125 0.0484375 0.0546875
0 0.7765625 0.63515625 0.03984375 0.06484375
0 0.76875 0.796875 0.04140625 0.07734375
0 0.6953125 0.446875 0.03515625 0.03984375
0 0.246875 0.5109375 0.040625 0.06484375
0 0.2890625 0.38359375 0.03828125 0.040625
0 0.27421875 0.29609375 0.03984375 0.06484375