0 0.69921875 0.19375 0.03671875 0.11015625
0 0.553125 0.184375 0.0453125 0.1296875
0 0.5984375 0.184375 0.0453125 0.1296875
0 0.85859375 0.64921875 0.0265625 0.06796875
0 0.8234375 0.59296875 0.0265625 0.06796875
0 0.75390625 0.37421875 0.03125 0.08125
0 0.65546875 0.30546875 0.0390625 0.06953125
0 0.696875 0.63046875 0.0328125 0.0859375
0 0.7 0.3890625 0.03515625 0.0890625
0 0.225 0.84375 0.03359375 0.1015625
0 0.2203125 0.19140625 0.03203125 0.0859375
0 0.271875 0.38828125 0.03359375 0.0828125
0 0.3109375 0.5734375 0.03671875 0.06796875
0 0.18359375 0.671875 0.02265625 0.0578125
0 0.22421875 0.7328125 0.0328125 0.0796875
0 0.10859375 0.62109375 0.03515625 0.06796875