0 0.1234375 0.40390625 0.02421875 0.0421875
0 0.1171875 0.43125 0.01171875 0.01328125
0 0.8234375 0.77734375 0.01875 0.06328125
0 0.8109375 0.7921875 0.00625 0.03359375
0 0.4703125 0.64921875 0.01328125 0.053125
0 0.48359375 0.64921875 0.01328125 0.053125
0 0.13515625 0.390625 0.01875 0.0546875
0 0.23515625 0.40625 0.0265625 0.0421875
0 0.2296875 0.43359375 0.015625 0.01484375
0 0.19765625 0.33203125 0.0203125 0.0421875
0 0.19765625 0.290625 0.0203125 0.0421875
0 0.303125 0.1890625 0.01328125 0.0359375
0 0.8109375 0.62421875 0.00703125 0.0359375
0 0.8234375 0.63671875 0.01796875 0.0625
0 0.315625 0.3515625 0.0125 0.034375
0 0.31953125 0.41171875 0.01328125 0.03671875
0 0.3546875 0.40625 0.01875 0.03828125
0 0.4921875 0.403125 0.01796875 0.03671875
0 0.590625 0.403125 0.01875 0.0375
0 0.665625 0.29453125 0.01875 0.05078125
0 0.67890625 0.28125 0.0078125 0.02421875
0 0.71484375 0.3328125 0.01171875 0.03359375
0 0.72578125 0.3328125 0.0109375 0.03359375
0 0.75390625 0.48359375 0.0140625 0.028125
0 0.75390625 0.54921875 0.01484375 0.028125
0 0.73203125 0.48125 0.01328125 0.0265625
0 0.73203125 0.5484375 0.01328125 0.028125