0 0.703125 0.14609375 0.0265625 0.0421875
0 0.903125 0.1453125 0.02734375 0.04296875
0 0.778125 0.3953125 0.0265625 0.0359375
0 0.7515625 0.34453125 0.028125 0.02734375
0 0.91484375 0.3078125 0.0328125 0.03203125
0 0.8875 0.421875 0.03203125 0.03125
0 0.9203125 0.253125 0.02578125 0.03515625
0 0.85078125 0.24609375 0.0296875 0.02890625
0 0.684375 0.48984375 0.0265625 0.03828125
0 0.64921875 0.4328125 0.03046875 0.0296875
0 0.64921875 0.3203125 0.03046875 0.03046875
0 0.64921875 0.27578125 0.03046875 0.03046875
0 0.17421875 0.49765625 0.02890625 0.04375
0 0.19453125 0.14453125 0.028125 0.0421875
0 0.46953125 0.4328125 0.0359375 0.03046875
0 0.3796875 0.43046875 0.02734375 0.02890625
0 0.421875 0.30078125 0.025 0.03203125
0 0.41875 0.4015625 0.02578125 0.03359375
0 0.35625 0.25 0.0296875 0.03046875
0 0.1171875 0.3765625 0.0296875 0.03046875
0 0.15234375 0.3484375 0.0390625 0.04453125
0 0.1421875 0.2796875 0.02890625 0.0296875
0 0.17421875 0.57265625 0.03046875 0.04296875