0 0.3015625 0.14765625 0.0265625 0.0421875
0 0.10234375 0.146875 0.02734375 0.04296875
0 0.2265625 0.39609375 0.0265625 0.0359375
0 0.253125 0.34609375 0.028125 0.02734375
0 0.08984375 0.309375 0.0328125 0.03203125
0 0.11796875 0.4234375 0.03203125 0.03125
0 0.08515625 0.2546875 0.02578125 0.03515625
0 0.1546875 0.24765625 0.0296875 0.02890625
0 0.3203125 0.49140625 0.0265625 0.03828125
0 0.35625 0.434375 0.03046875 0.0296875
0 0.35625 0.321875 0.03046875 0.03046875
0 0.35625 0.27734375 0.03046875 0.03046875
0 0.83125 0.4984375 0.02890625 0.04375
0 0.8109375 0.1453125 0.028125 0.0421875
0 0.53515625 0.43359375 0.0359375 0.03046875
0 0.62578125 0.43125 0.02734375 0.02890625
0 0.58359375 0.30234375 0.025 0.03203125
0 0.5859375 0.403125 0.02578125 0.03359375
0 0.64921875 0.25078125 0.0296875 0.03046875
0 0.88828125 0.378125 0.0296875 0.03046875
0 0.853125 0.35 0.0390625 0.04453125
0 0.86328125 0.28125 0.02890625 0.0296875
0 0.83046875 0.5734375 0.03046875 0.04296875