0 0.63046875 0.25234375 0.03828125 0.06484375
0 0.63046875 0.30703125 0.03828125 0.065625
0 0.50703125 0.83359375 0.04921875 0.08046875
0 0.1390625 0.834375 0.05 0.08203125
0 0.0890625 0.834375 0.05 0.08203125
0 0.31640625 0.4140625 0.04453125 0.053125
0 0.20859375 0.42421875 0.04140625 0.06875
0 0.453125 0.653125 0.03984375 0.0484375
0 0.49140625 0.5421875 0.03984375 0.0640625
0 0.20859375 0.59140625 0.040625 0.06484375
0 0.334375 0.5875 0.03671875 0.04375
0 0.44296875 0.58828125 0.040625 0.0484375
0 0.50625 0.73515625 0.04765625 0.075