0 0.37109375 0.29296875 0.04140625 0.0703125
0 0.37109375 0.35234375 0.04140625 0.07109375
0 0.5046875 0.92265625 0.053125 0.08671875
0 0.903125 0.9234375 0.0546875 0.08828125
0 0.95703125 0.9234375 0.0546875 0.08828125
0 0.7109375 0.46796875 0.0484375 0.0578125
0 0.82734375 0.47890625 0.04453125 0.07421875
0 0.5625 0.72734375 0.04296875 0.05234375
0 0.52109375 0.60703125 0.04296875 0.06953125
0 0.82734375 0.66015625 0.04375 0.0703125
0 0.69140625 0.65625 0.03984375 0.04765625
0 0.57421875 0.65703125 0.04453125 0.05234375
0 0.50546875 0.815625 0.0515625 0.08125