0 0.37109375 0.975 0.05 0.05
0 0.534375 0.12734375 0.04921875 0.09375
0 0.77109375 0.8546875 0.0484375 0.09140625
0 0.97109375 0.86171875 0.0578125 0.10625
0 0.91328125 0.86171875 0.05859375 0.10625
0 0.3328125 0.846875 0.0453125 0.05625
0 0.26796875 0.4640625 0.0515625 0.0859375
0 0.21640625 0.846875 0.0453125 0.0546875
0 0.2109375 0.6703125 0.05703125 0.07109375
0 0.85390625 0.246875 0.04453125 0.05390625
0 0.7 0.4515625 0.07109375 0.1046875
0 0.78125 0.275 0.04453125 0.0796875
0 0.56015625 0.20546875 0.04296875 0.05234375
0 0.56015625 0.25859375 0.04296875 0.053125
0 0.7765625 0.5328125 0.04453125 0.07578125
0 0.7515625 0.66875 0.05703125 0.07265625
0 0.36953125 0.8625 0.05 0.084375