0 0.646875 0.96171875 0.04609375 0.07578125
0 0.4953125 0.1640625 0.0453125 0.0859375
0 0.02578125 0.30234375 0.0515625 0.06875
0 0.27734375 0.8359375 0.0453125 0.084375
0 0.09140625 0.84296875 0.0546875 0.0984375
0 0.14609375 0.84296875 0.05390625 0.0984375
0 0.68203125 0.82890625 0.0421875 0.0515625
0 0.7421875 0.47578125 0.04765625 0.0796875
0 0.78984375 0.82890625 0.04140625 0.05078125
0 0.7953125 0.665625 0.05234375 0.065625
0 0.20078125 0.27421875 0.040625 0.05
0 0.34296875 0.4640625 0.065625 0.09609375
0 0.26796875 0.30078125 0.040625 0.0734375
0 0.471875 0.23671875 0.03984375 0.0484375
0 0.471875 0.28515625 0.03984375 0.04921875
0 0.271875 0.53828125 0.040625 0.0703125
0 0.2953125 0.66484375 0.05234375 0.0671875
0 0.6484375 0.84375 0.04609375 0.078125