0 0.2296875 0.309375 0.028125 0.0703125
0 0.18359375 0.64375 0.02890625 0.04296875
0 0.18515625 0.43203125 0.02578125 0.0359375
0 0.18515625 0.46875 0.02578125 0.03671875
0 0.12265625 0.64765625 0.0265625 0.05546875
0 0.12734375 0.7546875 0.03046875 0.04609375
0 0.271875 0.71953125 0.02578125 0.0546875
0 0.23515625 0.8453125 0.0296875 0.0734375
0 0.0640625 0.634375 0.0375 0.04921875
0 0.81171875 0.09921875 0.0265625 0.06796875
0 0.81171875 0.30078125 0.0265625 0.06640625
0 0.88125 0.5375 0.0296875 0.04609375
0 0.76328125 0.62109375 0.0296875 0.0453125
0 0.7625 0.52421875 0.03125 0.04765625
0 0.8046875 0.65625 0.0234375 0.04921875