0 0.21796875 0.30078125 0.02890625 0.07265625
0 0.1703125 0.64609375 0.0296875 0.04453125
0 0.171875 0.42734375 0.0265625 0.0375
0 0.171875 0.46484375 0.0265625 0.03828125
0 0.10703125 0.65078125 0.02734375 0.0578125
0 0.1125 0.76171875 0.03125 0.04765625
0 0.2625 0.725 0.0265625 0.05625
0 0.22421875 0.8546875 0.03125 0.07578125
0 0.046875 0.63671875 0.03828125 0.05078125
0 0.82109375 0.0828125 0.02734375 0.0703125
0 0.82109375 0.29140625 0.02734375 0.06875
0 0.89296875 0.5359375 0.03046875 0.04765625
0 0.77109375 0.62265625 0.03046875 0.04765625
0 0.7703125 0.52265625 0.03203125 0.05
0 0.8140625 0.659375 0.02421875 0.05078125