0 0.353125 0.68359375 0.03515625 0.09921875
0 0.33203125 0.74453125 0.0421875 0.07109375
0 0.35390625 0.4890625 0.0359375 0.0796875
0 0.37265625 0.59609375 0.03984375 0.06796875
0 0.13984375 0.29921875 0.04609375 0.0703125
0 0.5890625 0.3 0.04765625 0.07265625
0 0.7359375 0.2953125 0.040625 0.07109375
0 0.7359375 0.384375 0.040625 0.07109375
0 0.87890625 0.40390625 0.0234375 0.05625
0 0.809375 0.3921875 0.03515625 0.07890625
0 0.84765625 0.353125 0.03671875 0.06328125
0 0.84921875 0.54453125 0.0359375 0.06171875