0 0.66171875 0.22734375 0.0203125 0.08203125
0 0.709375 0.7625 0.02265625 0.08828125
0 0.8484375 0.6359375 0.02890625 0.05390625
0 0.88359375 0.57109375 0.02109375 0.08515625
0 0.5734375 0.43203125 0.0296875 0.0546875
0 0.56640625 0.52109375 0.0203125 0.06484375
0 0.6828125 0.56328125 0.021875 0.04765625
0 0.6828125 0.51484375 0.021875 0.0484375
0 0.70234375 0.325 0.02578125 0.05703125
0 0.7078125 0.48828125 0.015625 0.05
0 0.8015625 0.32265625 0.025 0.05390625
0 0.84140625 0.33359375 0.0171875 0.06015625
0 0.88515625 0.384375 0.01875 0.06484375
0 0.66171875 0.14765625 0.0203125 0.07734375
0 0.04375 0.31484375 0.02265625 0.08984375
0 0.16796875 0.7578125 0.0203125 0.084375
0 0.35546875 0.63515625 0.0296875 0.05390625
0 0.1703125 0.53203125 0.02109375 0.065625
0 0.1640625 0.4234375 0.01875 0.04296875
0 0.18515625 0.36875 0.01953125 0.06171875
0 0.2140625 0.36875 0.01953125 0.06171875