0 0.67578125 0.2328125 0.0203125 0.0828125
0 0.7234375 0.7734375 0.02265625 0.0890625
0 0.8640625 0.6453125 0.0296875 0.05390625
0 0.9 0.58046875 0.021875 0.0859375
0 0.5859375 0.43984375 0.0296875 0.0546875
0 0.57890625 0.5296875 0.0203125 0.06484375
0 0.696875 0.571875 0.02265625 0.0484375
0 0.696875 0.5234375 0.02265625 0.04921875
0 0.71640625 0.33125 0.02578125 0.0578125
0 0.721875 0.49609375 0.015625 0.05078125
0 0.81640625 0.32890625 0.025 0.05390625
0 0.85703125 0.33984375 0.01796875 0.0609375
0 0.90078125 0.390625 0.01953125 0.065625
0 0.67578125 0.1515625 0.0203125 0.078125
0 0.05078125 0.32109375 0.02265625 0.090625
0 0.17578125 0.76875 0.02109375 0.08515625
0 0.36640625 0.6453125 0.0296875 0.05390625
0 0.178125 0.540625 0.021875 0.06640625
0 0.17265625 0.43046875 0.01875 0.04296875
0 0.19375 0.375 0.01953125 0.0625
0 0.22265625 0.375 0.0203125 0.0625