0 0.6296875 0.875 0.06015625 0.09296875
0 0.78671875 0.3484375 0.06171875 0.0734375
0 0.715625 0.409375 0.07109375 0.08359375
0 0.734375 0.55 0.046875 0.04609375
0 0.72109375 0.66171875 0.08046875 0.09375
0 0.62890625 0.771875 0.06015625 0.07734375
0 0.853125 0.60390625 0.04296875 0.0578125
0 0.57578125 0.91484375 0.04609375 0.06328125
0 0.30703125 0.23125 0.053125 0.084375
0 0.30703125 0.16953125 0.053125 0.084375
0 0.346875 0.63671875 0.05390625 0.0703125
0 0.28203125 0.63671875 0.053125 0.0703125
0 0.3609375 0.55234375 0.0453125 0.0453125