0 0.7328125 0.265625 0.06875 0.06484375
0 0.42890625 0.79140625 0.05390625 0.1
0 0.23203125 0.18828125 0.04609375 0.08828125
0 0.23203125 0.12734375 0.04609375 0.08828125
0 0.31796875 0.51640625 0.04921875 0.0734375
0 0.18984375 0.51484375 0.046875 0.06953125
0 0.66171875 0.52109375 0.03359375 0.05234375
0 0.490625 0.58203125 0.053125 0.0625
0 0.42890625 0.684375 0.05390625 0.08203125
0 0.48203125 0.38984375 0.0375 0.05703125
0 0.48671875 0.45625 0.04609375 0.05234375
0 0.590625 0.121875 0.0421875 0.04609375
0 0.54609375 0.2921875 0.040625 0.0625
0 0.7796875 0.55390625 0.0578125 0.06640625
0 0.77890625 0.3359375 0.0578125 0.0671875