0 0.2671875 0.265625 0.06875 0.06484375
0 0.57109375 0.79140625 0.05390625 0.1
0 0.76796875 0.18828125 0.04609375 0.08828125
0 0.76796875 0.12734375 0.04609375 0.08828125
0 0.68203125 0.51640625 0.04921875 0.0734375
0 0.81015625 0.51484375 0.046875 0.06953125
0 0.33828125 0.52109375 0.03359375 0.05234375
0 0.509375 0.58203125 0.053125 0.0625
0 0.57109375 0.684375 0.05390625 0.08203125
0 0.51796875 0.38984375 0.0375 0.05703125
0 0.51328125 0.45625 0.04609375 0.05234375
0 0.409375 0.121875 0.0421875 0.04609375
0 0.45390625 0.2921875 0.040625 0.0625
0 0.2203125 0.55390625 0.0578125 0.06640625
0 0.22109375 0.3359375 0.0578125 0.0671875