0 0.340625 0.5453125 0.0171875 0.0328125
0 0.47734375 0.8203125 0.0203125 0.0234375
0 0.4546875 0.8453125 0.01328125 0.025
0 0.43671875 0.81953125 0.01953125 0.021875
0 0.4359375 0.70234375 0.0171875 0.021875
0 0.459375 0.665625 0.01953125 0.0234375
0 0.30390625 0.75234375 0.01875 0.02265625
0 0.30390625 0.575 0.01796875 0.021875
0 0.265625 0.675 0.0171875 0.02890625
0 0.41796875 0.6953125 0.015625 0.02578125
0 0.4328125 0.6953125 0.01484375 0.02578125
0 0.3984375 0.74375 0.01171875 0.0203125
0 0.34375 0.746875 0.01484375 0.02578125
0 0.3734375 0.74453125 0.01171875 0.02109375
0 0.34609375 0.59609375 0.01328125 0.02265625
0 0.33828125 0.64375 0.01328125 0.0234375
0 0.27109375 0.80859375 0.01953125 0.0234375
0 0.29296875 0.0875 0.01640625 0.03125
0 0.2234375 0.36953125 0.0171875 0.0328125
0 0.2234375 0.39453125 0.0171875 0.03359375
0 0.0953125 0.39296875 0.01484375 0.0296875
0 0.30390625 0.41171875 0.0140625 0.01640625
0 0.2921875 0.36015625 0.0203125 0.02421875
0 0.178125 0.29375 0.01875 0.021875
0 0.1546875 0.2875 0.0109375 0.0203125
0 0.11015625 0.2953125 0.01953125 0.02265625
0 0.19609375 0.28828125 0.0125 0.021875
0 0.0921875 0.240625 0.01640625 0.028125
0 0.60625 0.08828125 0.015625 0.03046875
0 0.509375 0.28046875 0.01796875 0.02109375
0 0.53828125 0.18046875 0.02109375 0.02578125
0 0.55234375 0.221875 0.0140625 0.015625
0 0.63828125 0.36875 0.0171875 0.03125
0 0.67734375 0.3640625 0.01796875 0.021875
0 0.65859375 0.328125 0.01953125 0.0234375
0 0.60234375 0.23828125 0.0125 0.01484375
0 0.60234375 0.25234375 0.0125 0.01484375