0 0.3953125 0.5828125 0.015625 0.03046875
0 0.52109375 0.8359375 0.01875 0.021875
0 0.5 0.859375 0.0125 0.0234375
0 0.48359375 0.83515625 0.01796875 0.0203125
0 0.4828125 0.72734375 0.015625 0.01953125
0 0.5046875 0.69375 0.01796875 0.02109375
0 0.36171875 0.7734375 0.0171875 0.02109375
0 0.36171875 0.61015625 0.0171875 0.0203125
0 0.32578125 0.70234375 0.015625 0.0265625
0 0.46640625 0.72109375 0.0140625 0.02421875
0 0.48046875 0.72109375 0.0140625 0.02421875
0 0.4484375 0.765625 0.01015625 0.01875
0 0.39765625 0.76796875 0.01328125 0.0234375
0 0.42578125 0.76640625 0.0109375 0.01953125
0 0.40078125 0.6296875 0.01171875 0.02109375
0 0.39296875 0.6734375 0.0125 0.02109375
0 0.33125 0.825 0.01796875 0.021875
0 0.35078125 0.16171875 0.01484375 0.02890625
0 0.2875 0.42109375 0.015625 0.03046875
0 0.2875 0.44453125 0.015625 0.03046875
0 0.16953125 0.4421875 0.01328125 0.02734375
0 0.36171875 0.46015625 0.01328125 0.01484375
0 0.35078125 0.41328125 0.01875 0.02265625
0 0.24609375 0.3515625 0.0171875 0.0203125
0 0.22421875 0.3453125 0.01015625 0.01875
0 0.1828125 0.353125 0.01796875 0.02109375
0 0.2625 0.34609375 0.0109375 0.01953125
0 0.16640625 0.30234375 0.01484375 0.02578125
0 0.63984375 0.1625 0.0140625 0.028125
0 0.55 0.3390625 0.01640625 0.01953125
0 0.5765625 0.24765625 0.01953125 0.0234375
0 0.58984375 0.2859375 0.0125 0.0140625
0 0.66875 0.4203125 0.015625 0.02890625
0 0.70546875 0.41640625 0.01640625 0.0203125
0 0.68828125 0.38359375 0.01796875 0.02109375
0 0.63671875 0.3 0.01171875 0.01328125
0 0.63671875 0.31328125 0.01171875 0.01328125