0 0.42578125 0.7375 0.05234375 0.10703125
0 0.42578125 0.815625 0.05234375 0.10703125
0 0.8265625 0.40234375 0.07421875 0.06875
0 0.87265625 0.40234375 0.07421875 0.06875
0 0.46171875 0.60546875 0.0453125 0.06015625
0 0.36875 0.64453125 0.0453125 0.0578125
0 0.40390625 0.5578125 0.03828125 0.04609375
0 0.4015625 0.50234375 0.03359375 0.040625
0 0.3640625 0.33828125 0.0546875 0.071875
0 0.33828125 0.384375 0.02890625 0.05234375
0 0.3671875 0.384375 0.028125 0.05234375
0 0.29765625 0.38515625 0.02734375 0.05
0 0.22734375 0.38515625 0.02734375 0.05
0 0.2546875 0.38515625 0.02734375 0.05
0 0.1859375 0.3859375 0.0265625 0.04921875