0 0.2484375 0.275 0.04765625 0.0578125
0 0.2484375 0.23359375 0.04765625 0.0578125
0 0.3265625 0.73671875 0.04765625 0.05625
0 0.40703125 0.6421875 0.0359375 0.034375
0 0.32578125 0.63671875 0.04765625 0.0453125
0 0.33515625 0.45390625 0.0484375 0.04609375
0 0.34375 0.89140625 0.0578125 0.04453125
0 0.78046875 0.45078125 0.05 0.046875
0 0.71875 0.45078125 0.05 0.046875
0 0.63046875 0.5890625 0.0359375 0.0390625
0 0.7125 0.5359375 0.05390625 0.0421875
0 0.728125 0.58984375 0.03828125 0.03671875
0 0.78359375 0.59453125 0.04765625 0.0453125
0 0.80703125 0.73203125 0.0453125 0.05625
0 0.80703125 0.69296875 0.0453125 0.05625