0 0.421875 0.24609375 0.05859375 0.0453125
0 0.1578125 0.88359375 0.06328125 0.05078125
0 0.5109375 0.503125 0.0375 0.0671875
0 0.6921875 0.50390625 0.0375 0.06640625
0 0.62265625 0.95703125 0.0375 0.0640625
0 0.97890625 0.58125 0.0421875 0.05
0 0.69140625 0.6140625 0.03984375 0.05625
0 0.48671875 0.64296875 0.04140625 0.0390625
0 0.275 0.64609375 0.04375 0.04453125
0 0.3328125 0.7921875 0.04609375 0.0453125
0 0.25703125 0.8484375 0.04375 0.05703125
0 0.1671875 0.67578125 0.04609375 0.04609375
0 0.1953125 0.1609375 0.04609375 0.04453125
0 0.13828125 0.10390625 0.04140625 0.03828125
0 0.2359375 0.115625 0.03359375 0.04453125
0 0.20859375 0.25625 0.0453125 0.04609375