0 0.3390625 0.275 0.06015625 0.06015625
0 0.3390625 0.23203125 0.06015625 0.06015625
0 0.5609375 0.8203125 0.0671875 0.065625
0 0.5640625 0.51015625 0.06171875 0.05
0 0.69140625 0.4671875 0.059375 0.04765625
0 0.70625 0.51796875 0.05390625 0.0328125
0 0.77734375 0.659375 0.04453125 0.0375
0 0.75546875 0.66875 0.059375 0.03515625
0 0.640625 0.6796875 0.04453125 0.03828125
0 0.5625 0.71796875 0.06328125 0.0515625
0 0.43515625 0.5375 0.0453125 0.0390625
0 0.2953125 0.57578125 0.0609375 0.05
0 0.58046875 0.9265625 0.071875 0.04375
0 0.4875 0.6421875 0.071875 0.04453125