0 0.9859375 0.153125 0.028125 0.06015625
0 0.44609375 0.18515625 0.04140625 0.0859375
0 0.67265625 0.1859375 0.040625 0.084375
0 0.3015625 0.9140625 0.04453125 0.08984375
0 0.246875 0.7 0.04921875 0.05859375
0 0.2875 0.62265625 0.04765625 0.0546875
0 0.246875 0.50859375 0.04921875 0.0578125
0 0.16484375 0.6921875 0.0421875 0.06953125
0 0.2953125 0.44140625 0.04140625 0.06875
0 0.590625 0.4984375 0.0484375 0.05859375
0 0.303125 0.7234375 0.04453125 0.071875
0 0.646875 0.66015625 0.04296875 0.06875
0 0.68125 0.29921875 0.04609375 0.05390625
0 0.68515625 0.43515625 0.05 0.06171875