0 0.315625 0.31953125 0.0515625 0.05703125
0 0.2734375 0.31953125 0.0515625 0.05703125
0 0.484375 0.73828125 0.046875 0.07421875
0 0.51640625 0.71796875 0.0171875 0.034375
0 0.5625 0.06953125 0.0375 0.06328125
0 0.4703125 0.38671875 0.03984375 0.0625
0 0.5375 0.38359375 0.03515625 0.05625
0 0.69140625 0.33203125 0.040625 0.06328125
0 0.80703125 0.33203125 0.040625 0.06328125
0 0.425 0.51640625 0.04921875 0.05703125
0 0.41640625 0.41796875 0.0375 0.04296875
0 0.6484375 0.44375 0.04609375 0.0703125
0 0.484375 0.63984375 0.04609375 0.0703125
0 0.515625 0.6203125 0.01640625 0.03125
0 0.3859375 0.21171875 0.040625 0.0421875
0 0.3828125 0.325 0.04296875 0.0484375
0 0.2359375 0.3921875 0.04375 0.0515625