0 0.46796875 0.58828125 0.09453125 0.0953125
0 0.46796875 0.64921875 0.09453125 0.0953125
0 0.63671875 0.62421875 0.16484375 0.10625
0 0.57265625 0.6640625 0.165625 0.10625
0 0.31171875 0.47578125 0.053125 0.04296875
0 0.45 0.5171875 0.08125 0.04765625
0 0.48984375 0.1984375 0.06328125 0.03515625
0 0.48984375 0.16328125 0.06328125 0.0359375
0 0.403125 0.32421875 0.07265625 0.04140625
0 0.465625 0.41171875 0.08359375 0.0609375
0 0.590625 0.4046875 0.0609375 0.0453125
0 0.6515625 0.4046875 0.06015625 0.0453125