0 0.6859375 0.30234375 0.05078125 0.065625
0 0.8484375 0.89296875 0.05625 0.0703125
0 0.784375 0.69375 0.05390625 0.04140625
0 0.81484375 0.5140625 0.05 0.05234375
0 0.6890625 0.47421875 0.05 0.05234375
0 0.7546875 0.5671875 0.0578125 0.04375
0 0.65625 0.575 0.078125 0.0703125
0 0.8734375 0.92578125 0.05859375 0.04375
0 0.2984375 0.303125 0.05 0.06328125
0 0.27109375 0.68203125 0.05546875 0.0421875
0 0.31953125 0.58359375 0.05703125 0.04375
0 0.12109375 0.67421875 0.04921875 0.05078125
0 0.32890625 0.73359375 0.0515625 0.053125