0 0.81328125 0.2 0.04296875 0.06640625
0 0.81484375 0.31875 0.040625 0.0609375
0 0.81484375 0.06796875 0.03984375 0.06015625
0 0.7421875 0.54609375 0.04453125 0.06484375
0 0.55703125 0.09921875 0.03515625 0.0796875
0 0.634375 0.27265625 0.02890625 0.06328125
0 0.67421875 0.528125 0.02578125 0.05703125
0 0.6390625 0.38515625 0.0328125 0.05
0 0.6625 0.6171875 0.03203125 0.0671875
0 0.7765625 0.67734375 0.0375 0.08125
0 0.77265625 0.3796875 0.0390625 0.08359375
0 0.20625 0.46640625 0.03046875 0.0640625
0 0.15390625 0.46640625 0.03046875 0.06328125
0 0.19921875 0.67734375 0.03046875 0.06328125
0 0.15234375 0.67734375 0.03046875 0.06328125
0 0.2125 0.56640625 0.03359375 0.05078125