0 0.55390625 0.203125 0.05546875 0.0484375
0 0.7390625 0.8046875 0.03984375 0.05390625
0 0.7640625 0.884375 0.053125 0.0453125
0 0.81484375 0.6765625 0.0390625 0.06015625
0 0.7640625 0.51875 0.0453125 0.04296875
0 0.80234375 0.18984375 0.0453125 0.04296875
0 0.83046875 0.19921875 0.04375 0.0421875
0 0.875 0.13984375 0.03828125 0.05078125
0 0.80859375 0.17578125 0.0375 0.05078125
0 0.83046875 0.60546875 0.0453125 0.04375
0 0.83046875 0.5 0.0453125 0.04453125
0 0.83125 0.40078125 0.04453125 0.04296875
0 0.02109375 0.20625 0.0421875 0.046875
0 0.2828125 0.72265625 0.03828125 0.05859375
0 0.3671875 0.55 0.0375 0.0515625
0 0.2015625 0.85390625 0.046875 0.04609375
0 0.2828125 0.6375 0.0375 0.0515625