0 0.82578125 0.79453125 0.05390625 0.0796875
0 0.68984375 0.14765625 0.0953125 0.06640625
0 0.6359375 0.14765625 0.09453125 0.06640625
0 0.640625 0.65859375 0.08671875 0.10625
0 0.17890625 0.58203125 0.04921875 0.0890625
0 0.2875 0.64921875 0.06015625 0.1015625
0 0.3015625 0.7453125 0.04375 0.065625
0 0.27265625 0.6328125 0.0421875 0.103125
0 0.2703125 0.73359375 0.0578125 0.05859375
0 0.67890625 0.625 0.0390625 0.05859375
0 0.67890625 0.471875 0.04296875 0.06328125
0 0.31328125 0.45703125 0.05859375 0.05625
0 0.31328125 0.4 0.05859375 0.05703125