0 0.14375 0.76953125 0.0578125 0.084375
0 0.2875 0.08359375 0.10078125 0.07109375
0 0.3453125 0.08359375 0.1 0.07109375
0 0.33984375 0.625 0.09140625 0.1125
0 0.82890625 0.54453125 0.05234375 0.09375
0 0.71328125 0.615625 0.06328125 0.1078125
0 0.6984375 0.7171875 0.04609375 0.06953125
0 0.7296875 0.59765625 0.04453125 0.10859375
0 0.73203125 0.7046875 0.0609375 0.0625
0 0.29921875 0.58984375 0.04140625 0.0625
0 0.29921875 0.42734375 0.0453125 0.0671875
0 0.6859375 0.41171875 0.06171875 0.059375
0 0.6859375 0.3515625 0.06171875 0.06015625