0 0.53203125 0.54296875 0.03359375 0.05625
0 0.3859375 0.753125 0.0265625 0.07734375
0 0.240625 0.7578125 0.03359375 0.05625
0 0.240625 0.50546875 0.03359375 0.05625
0 0.33515625 0.50546875 0.028125 0.05078125
0 0.35859375 0.3765625 0.02734375 0.05078125
0 0.33515625 0.31015625 0.028125 0.05234375
0 0.2734375 0.57265625 0.0234375 0.0578125
0 0.3046875 0.68671875 0.02265625 0.05703125
0 0.38671875 0.58203125 0.0265625 0.065625
0 0.28125 0.3234375 0.0171875 0.0453125
0 0.11796875 0.26796875 0.02421875 0.0671875
0 0.76484375 0.75625 0.02578125 0.07578125
0 0.75703125 0.35625 0.02734375 0.0515625
0 0.73359375 0.28671875 0.02734375 0.05234375
0 0.73359375 0.58125 0.0265625 0.05234375
0 0.734375 0.68828125 0.02578125 0.04921875
0 0.67578125 0.2921875 0.0234375 0.059375