0 0.44375 0.5359375 0.03671875 0.06171875
0 0.60390625 0.7671875 0.02890625 0.084375
0 0.7640625 0.77265625 0.03671875 0.06171875
0 0.7640625 0.49453125 0.03671875 0.06171875
0 0.66015625 0.4953125 0.03046875 0.05625
0 0.634375 0.35390625 0.03046875 0.05546875
0 0.66015625 0.28046875 0.03125 0.0578125
0 0.72734375 0.56875 0.02578125 0.0640625
0 0.69375 0.69375 0.025 0.06328125
0 0.603125 0.57890625 0.02890625 0.071875
0 0.71953125 0.2953125 0.01875 0.04921875
0 0.89765625 0.234375 0.0265625 0.07421875
0 0.18828125 0.7703125 0.028125 0.08359375
0 0.196875 0.33125 0.0296875 0.05703125
0 0.22265625 0.25546875 0.0296875 0.0578125
0 0.22265625 0.578125 0.0296875 0.0578125
0 0.221875 0.69609375 0.028125 0.05390625
0 0.2859375 0.2609375 0.02578125 0.06484375