0 0.67734375 0.3703125 0.04453125 0.0515625
0 0.67734375 0.31875 0.04453125 0.05234375
0 0.37265625 0.61640625 0.0125 0.03515625
0 0.39765625 0.63828125 0.03828125 0.078125
0 0.86796875 0.69921875 0.04296875 0.05703125
0 0.81875 0.625 0.04296875 0.05625
0 0.6421875 0.6125 0.034375 0.05
0 0.74765625 0.63828125 0.0296875 0.05625
0 0.74140625 0.69375 0.03046875 0.04296875
0 0.43515625 0.39140625 0.03359375 0.04765625
0 0.86171875 0.8328125 0.03671875 0.065625
0 0.82578125 0.8328125 0.03671875 0.065625
0 0.11796875 0.10390625 0.02265625 0.0546875
0 0.140625 0.10390625 0.02265625 0.0546875
0 0.1375 0.31875 0.03671875 0.05546875
0 0.16953125 0.41953125 0.03515625 0.05234375
0 0.1375 0.5328125 0.03671875 0.05546875
0 0.07265625 0.51875 0.02578125 0.04921875
0 0.1734375 0.5984375 0.0328125 0.06171875