0 0.67421875 0.3984375 0.04609375 0.05390625
0 0.67421875 0.34453125 0.04609375 0.0546875
0 0.35625 0.6546875 0.01328125 0.03671875
0 0.3828125 0.67734375 0.03984375 0.08125
0 0.8734375 0.74140625 0.04453125 0.059375
0 0.821875 0.66328125 0.04453125 0.05859375
0 0.6375 0.65078125 0.0359375 0.05234375
0 0.74765625 0.678125 0.03046875 0.05859375
0 0.74140625 0.7359375 0.03203125 0.04453125
0 0.421875 0.4203125 0.03515625 0.05
0 0.8671875 0.88046875 0.03828125 0.06875
0 0.82890625 0.88046875 0.03828125 0.06875
0 0.090625 0.12109375 0.0234375 0.05703125
0 0.1140625 0.12109375 0.0234375 0.05703125
0 0.11171875 0.34453125 0.03828125 0.0578125
0 0.1453125 0.45 0.03671875 0.0546875
0 0.11171875 0.5671875 0.03828125 0.0578125
0 0.04296875 0.553125 0.0265625 0.0515625
0 0.14921875 0.6359375 0.03359375 0.0640625