0 0.36328125 0.22734375 0.05703125 0.046875
0 0.36328125 0.190625 0.05703125 0.046875
0 0.38125 0.83125 0.0703125 0.05625
0 0.6328125 0.08671875 0.0765625 0.03671875
0 0.575 0.08671875 0.0765625 0.03671875
0 0.65703125 0.0796875 0.05 0.03671875
0 0.81953125 0.08046875 0.0515625 0.03828125
0 0.6546875 0.21171875 0.0828125 0.0515625
0 0.69375 0.23515625 0.0828125 0.0515625
0 0.33515625 0.26171875 0.0609375 0.03359375
0 0.33515625 0.29453125 0.0609375 0.03359375
0 0.2828125 0.5046875 0.06015625 0.0328125
0 0.28046875 0.70390625 0.065625 0.0359375
0 0.7359375 0.90625 0.0828125 0.04140625
0 0.81171875 0.87421875 0.059375 0.04296875
0 0.41796875 0.53046875 0.0796875 0.05
0 0.49609375 0.5578125 0.06875 0.03828125
0 0.51875 0.66171875 0.0890625 0.05625
0 0.7515625 0.6234375 0.05546875 0.03984375
0 0.75 0.7109375 0.0546875 0.0390625
0 0.38203125 0.75 0.06953125 0.04921875