0 0.7890625 0.53515625 0.0328125 0.05
0 0.85 0.871875 0.03515625 0.08125
0 0.884375 0.871875 0.03515625 0.08125
0 0.95625 0.384375 0.0390625 0.0609375
0 0.95625 0.3234375 0.0390625 0.0609375
0 0.1359375 0.31796875 0.0328125 0.0484375
0 0.1109375 0.31796875 0.0328125 0.0484375
0 0.4484375 0.45546875 0.02890625 0.0421875
0 0.81796875 0.521875 0.02265625 0.0578125
0 0.8078125 0.42109375 0.02890625 0.04609375
0 0.72421875 0.26171875 0.021875 0.05546875
0 0.6984375 0.31328125 0.025 0.0375
0 0.61953125 0.52421875 0.02578125 0.06328125
0 0.33671875 0.52421875 0.025 0.06171875
0 0.65859375 0.453125 0.02734375 0.04296875
0 0.5765625 0.45 0.02890625 0.04609375
0 0.61796875 0.440625 0.0234375 0.0546875
0 0.2640625 0.4140625 0.025 0.0390625
0 0.33671875 0.41640625 0.025 0.0578125
0 0.296875 0.42421875 0.01640625 0.04140625
0 0.36484375 0.31484375 0.02890625 0.0484375