0 0.94453125 0.61171875 0.025 0.040625
0 0.85703125 0.79453125 0.0140625 0.04453125
0 0.87265625 0.79375 0.0140625 0.04375
0 0.8359375 0.45078125 0.02421875 0.040625
0 0.66640625 0.70390625 0.01484375 0.02578125
0 0.66640625 0.67734375 0.01484375 0.02578125
0 0.88359375 0.740625 0.0171875 0.03125
0 0.8828125 0.671875 0.01953125 0.0359375
0 0.8375 0.61953125 0.025 0.05390625
0 0.9203125 0.59453125 0.0140625 0.03828125
0 0.821875 0.70703125 0.0140625 0.0359375
0 0.215625 0.64453125 0.02265625 0.04140625