0 0.40078125 0.046875 0.04140625 0.0765625
0 0.65625 0.80859375 0.04296875 0.08046875
0 0.40078125 0.6078125 0.04375 0.08046875
0 0.22734375 0.05078125 0.0359375 0.06875
0 0.03515625 0.14609375 0.0484375 0.0546875
0 0.38203125 0.52265625 0.04453125 0.053125
0 0.3796875 0.4015625 0.03984375 0.046875
0 0.3421875 0.225 0.02734375 0.0484375
0 0.7125 0.34296875 0.03515625 0.06484375
0 0.3984375 0.3421875 0.0359375 0.06640625
0 0.49453125 0.3421875 0.0359375 0.06640625
0 0.809375 0.34296875 0.0359375 0.065625
0 0.8453125 0.40703125 0.03828125 0.0484375