0 0.12734375 0.86015625 0.04453125 0.0828125
0 0.66953125 0.7625 0.0546875 0.05546875
0 0.66796875 0.43125 0.06171875 0.05859375
0 0.28203125 0.20703125 0.06796875 0.0953125
0 0.31015625 0.1671875 0.06796875 0.0953125
0 0.05234375 0.61015625 0.0453125 0.05625
0 0.0921875 0.51328125 0.04453125 0.05546875
0 0.07578125 0.39140625 0.0609375 0.08515625
0 0.1296875 0.675 0.04453125 0.0703125
0 0.61328125 0.5109375 0.04140625 0.0671875
0 0.43671875 0.46015625 0.04609375 0.05625
0 0.53125 0.3234375 0.0359375 0.04453125
0 0.52265625 0.40859375 0.03984375 0.065625
0 0.340625 0.39609375 0.03984375 0.06484375
0 0.43125 0.56875 0.03984375 0.0625
0 0.540625 0.56953125 0.0375 0.0421875
0 0.81953125 0.5171875 0.053125 0.05625
0 0.10859375 0.978125 0.0453125 0.04375