0 0.14375 0.8328125 0.04375 0.08125
0 0.67421875 0.7375 0.05390625 0.0546875
0 0.6734375 0.41328125 0.06015625 0.05703125
0 0.2953125 0.19375 0.06640625 0.09296875
0 0.3234375 0.1546875 0.06640625 0.09296875
0 0.0703125 0.58828125 0.04453125 0.05546875
0 0.11015625 0.49375 0.04375 0.0546875
0 0.09375 0.37421875 0.059375 0.08359375
0 0.146875 0.65234375 0.04375 0.06875
0 0.61953125 0.49140625 0.040625 0.065625
0 0.446875 0.44140625 0.0453125 0.05546875
0 0.5390625 0.3078125 0.03515625 0.04375
0 0.53125 0.39140625 0.0390625 0.0640625
0 0.353125 0.3796875 0.0390625 0.06328125
0 0.44140625 0.54765625 0.0390625 0.06171875
0 0.5484375 0.54921875 0.03671875 0.04140625
0 0.821875 0.496875 0.05234375 0.05546875
0 0.125 0.9640625 0.04453125 0.071875