0 0.29765625 0.23671875 0.03515625 0.06875
0 0.73046875 0.23046875 0.0484375 0.0453125
0 0.6421875 0.7265625 0.03828125 0.0734375
0 0.3078125 0.73515625 0.04921875 0.04609375
0 0.26328125 0.7234375 0.03359375 0.0671875
0 0.34453125 0.57109375 0.0359375 0.04140625
0 0.34453125 0.5296875 0.0359375 0.04140625
0 0.30859375 0.45390625 0.03515625 0.0546875
0 0.403125 0.31484375 0.040625 0.04609375
0 0.29765625 0.35234375 0.034375 0.05546875
0 0.2046875 0.39609375 0.0296875 0.0484375
0 0.6421875 0.64765625 0.0390625 0.0609375
0 0.73203125 0.55703125 0.0328125 0.053125
0 0.75 0.4671875 0.040625 0.046875
0 0.73203125 0.41484375 0.0328125 0.053125
0 0.6390625 0.4609375 0.034375 0.0546875