0 0.50078125 0.88671875 0.04140625 0.09921875
0 0.934375 0.2890625 0.05625 0.06953125
0 0.9734375 0.2890625 0.053125 0.06953125
0 0.046875 0.23515625 0.05234375 0.06796875
0 0.26171875 0.80078125 0.0421875 0.09375
0 0.12578125 0.8125 0.05703125 0.11796875
0 0.1828125 0.8125 0.05625 0.11796875
0 0.5 0.7609375 0.04140625 0.0796875
0 0.4578125 0.55390625 0.0375 0.05390625
0 0.4234375 0.659375 0.04296875 0.0625
0 0.42421875 0.4828125 0.04140625 0.06015625
0 0.515625 0.4125 0.03671875 0.0734375
0 0.88359375 0.4203125 0.0390625 0.05546875
0 0.8890625 0.3359375 0.03125 0.06328125
0 0.82890625 0.6078125 0.04296875 0.0625
0 0.35078125 0.49296875 0.03125 0.0640625