0 0.4578125 0.9125 0.04296875 0.10234375
0 0.90390625 0.296875 0.05859375 0.071875
0 0.94609375 0.296875 0.05859375 0.071875
0 0.009375 0.24140625 0.01796875 0.06953125
0 0.21171875 0.8234375 0.04375 0.096875
0 0.07265625 0.83515625 0.05859375 0.12109375
0 0.13046875 0.83515625 0.05859375 0.12109375
0 0.45703125 0.7828125 0.0421875 0.08203125
0 0.41328125 0.56875 0.03828125 0.05546875
0 0.378125 0.67734375 0.04375 0.0640625
0 0.37890625 0.49609375 0.0421875 0.06171875
0 0.47265625 0.42421875 0.03828125 0.07578125
0 0.8515625 0.43203125 0.040625 0.05703125
0 0.85703125 0.34453125 0.0328125 0.06484375
0 0.7953125 0.625 0.04453125 0.0640625
0 0.303125 0.50703125 0.03203125 0.065625