0 0.28359375 0.16484375 0.08359375 0.059375
0 0.33515625 0.16484375 0.08359375 0.059375
0 0.49453125 0.77890625 0.06171875 0.09453125
0 0.6328125 0.45703125 0.06328125 0.06171875
0 0.68359375 0.27421875 0.03203125 0.0453125
0 0.725 0.2734375 0.034375 0.04765625
0 0.77421875 0.271875 0.0359375 0.05
0 0.52109375 0.2515625 0.0640625 0.06640625
0 0.50078125 0.44921875 0.05546875 0.0734375
0 0.60625 0.44140625 0.04296875 0.05859375
0 0.47109375 0.6828125 0.0625 0.06484375
0 0.46875 0.503125 0.05859375 0.06015625
0 0.3828125 0.5359375 0.0296875 0.04375
0 0.42265625 0.615625 0.03046875 0.04296875
0 0.2734375 0.43359375 0.0203125 0.01640625
0 0.821875 0.3515625 0.03203125 0.04375
0 0.86328125 0.35234375 0.0328125 0.0453125