0 0.0859375 0.246875 0.01953125 0.03828125
0 0.15 0.24453125 0.021875 0.04296875
0 0.26875 0.24296875 0.025 0.04609375
0 0.3265625 0.0734375 0.021875 0.0421875
0 0.3953125 0.075 0.01953125 0.03828125
0 0.69453125 0.07265625 0.0234375 0.04453125
0 0.596875 0.2703125 0.02109375 0.03671875
0 0.51796875 0.26953125 0.0203125 0.03515625
0 0.6796875 0.2046875 0.01796875 0.03125
0 0.559375 0.29609375 0.01875 0.03203125
0 0.59921875 0.2953125 0.0203125 0.034375
0 0.59375 0.3890625 0.0203125 0.02265625
0 0.52421875 0.4171875 0.02109375 0.03515625
0 0.41875 0.153125 0.02421875 0.028125
0 0.72890625 0.4640625 0.03203125 0.05625
0 0.696875 0.4640625 0.03203125 0.05625
0 0.5234375 0.459375 0.02421875 0.04609375
0 0.34921875 0.20546875 0.0203125 0.0234375
0 0.384375 0.159375 0.01875 0.0328125
0 0.19296875 0.3421875 0.02578125 0.03046875
0 0.21640625 0.7046875 0.021875 0.03671875
0 0.29765625 0.72890625 0.02265625 0.02578125
0 0.21796875 0.521875 0.02109375 0.0359375
0 0.24921875 0.640625 0.025 0.0296875
0 0.26015625 0.38515625 0.021875 0.03671875
0 0.29609375 0.30703125 0.0234375 0.02734375
0 0.29609375 0.35859375 0.0234375 0.02734375
0 0.2359375 0.45390625 0.02890625 0.03828125
0 0.103125 0.33828125 0.02578125 0.0296875
0 0.10390625 0.3859375 0.025 0.02890625
0 0.125 0.4546875 0.025 0.0296875
0 0.03203125 0.4140625 0.025 0.02890625
0 0.021875 0.31796875 0.025 0.0296875
0 0.14453125 0.30234375 0.021875 0.03671875