0 0.48203125 0.87734375 0.08515625 0.0875
0 0.42109375 0.2015625 0.078125 0.0828125
0 0.42109375 0.1421875 0.078125 0.08203125
0 0.79609375 0.3296875 0.0578125 0.05546875
0 0.65546875 0.60546875 0.0765625 0.06640625
0 0.33359375 0.61328125 0.08671875 0.059375
0 0.403125 0.51328125 0.07109375 0.046875
0 0.19140625 0.59921875 0.06015625 0.053125
0 0.48046875 0.78359375 0.0875 0.07421875
0 0.51640625 0.4578125 0.06875 0.059375
0 0.67578125 0.5171875 0.08046875 0.05390625
0 0.79375 0.46953125 0.0671875 0.059375