0 0.515625 0.89296875 0.08671875 0.08984375
0 0.57734375 0.20234375 0.0796875 0.084375
0 0.57734375 0.1421875 0.0796875 0.08359375
0 0.1953125 0.33359375 0.05859375 0.05625
0 0.33828125 0.615625 0.078125 0.06796875
0 0.66640625 0.6234375 0.08828125 0.0609375
0 0.59609375 0.52109375 0.071875 0.04765625
0 0.8125 0.60859375 0.06171875 0.0546875
0 0.5171875 0.79765625 0.08984375 0.07578125
0 0.48046875 0.4640625 0.0703125 0.0609375
0 0.3171875 0.525 0.08203125 0.05546875
0 0.196875 0.4765625 0.06875 0.06015625