0 0.746875 0.159375 0.0265625 0.046875
0 0.6625 0.159375 0.02578125 0.0453125
0 0.48671875 0.3734375 0.04140625 0.03515625
0 0.71171875 0.62109375 0.02890625 0.04921875
0 0.15078125 0.9015625 0.02734375 0.04375
0 0.46328125 0.91171875 0.04453125 0.06484375
0 0.328125 0.75390625 0.03828125 0.0359375
0 0.51171875 0.85625 0.03046875 0.028125
0 0.48125 0.80078125 0.04453125 0.0453125
0 0.47421875 0.72578125 0.03515625 0.05
0 0.43203125 0.725 0.03515625 0.04921875
0 0.421875 0.8546875 0.03203125 0.03515625
0 0.25546875 0.8171875 0.0390625 0.0390625
0 0.68828125 0.53515625 0.028125 0.03984375
0 0.6078125 0.41640625 0.02890625 0.0296875
0 0.575 0.40859375 0.02265625 0.03359375
0 0.546875 0.27578125 0.02734375 0.0390625
0 0.60234375 0.28515625 0.02890625 0.02890625
0 0.6359375 0.33671875 0.025 0.03671875
0 0.678125 0.4546875 0.0296875 0.0296875
0 0.725 0.41328125 0.0265625 0.0265625
0 0.159375 0.1703125 0.02734375 0.046875
0 0.090625 0.340625 0.0296875 0.03046875
0 0.090625 0.38203125 0.02890625 0.0296875
0 0.11953125 0.4234375 0.02265625 0.03203125
0 0.1625 0.44765625 0.01796875 0.02578125
0 0.234375 0.378125 0.028125 0.03046875
0 0.234375 0.3375 0.028125 0.03046875