0 0.421875 0.8453125 0.0421875 0.0546875
0 0.28984375 0.16484375 0.059375 0.046875
0 0.2875 0.37578125 0.05390625 0.04140625
0 0.09296875 0.03203125 0.046875 0.0640625
0 0.1578125 0.17109375 0.0453125 0.03984375
0 0.23671875 0.325 0.04140625 0.0546875
0 0.14375 0.25625 0.04765625 0.040625
0 0.23203125 0.45703125 0.03984375 0.05234375
0 0.07109375 0.453125 0.03359375 0.04453125
0 0.2203125 0.3765625 0.04765625 0.0421875
0 0.1671875 0.6453125 0.053125 0.0484375
0 0.32265625 0.70390625 0.03828125 0.0484375
0 0.5546875 0.70546875 0.04296875 0.053125
0 0.54296875 0.8359375 0.04140625 0.0359375
0 0.42109375 0.77265625 0.04375 0.05546875
0 0.871875 0.58671875 0.04296875 0.05234375