0 0.43359375 0.884375 0.04375 0.05625
0 0.2984375 0.18515625 0.0609375 0.0484375
0 0.2953125 0.4015625 0.05546875 0.0421875
0 0.0953125 0.04765625 0.04765625 0.0671875
0 0.16171875 0.19140625 0.04609375 0.040625
0 0.24296875 0.35 0.04296875 0.05625
0 0.14765625 0.27890625 0.04921875 0.0421875
0 0.23828125 0.4859375 0.04140625 0.05390625
0 0.07265625 0.48203125 0.03515625 0.0453125
0 0.22578125 0.403125 0.04921875 0.04375
0 0.171875 0.6796875 0.0546875 0.05
0 0.33203125 0.73984375 0.0390625 0.05
0 0.5703125 0.74140625 0.04453125 0.0546875
0 0.5578125 0.875 0.0421875 0.0375
0 0.4328125 0.81015625 0.0453125 0.05703125
0 0.896875 0.61875 0.04453125 0.05390625