0 0.6953125 0.75 0.03125 0.09375
0 0.6953125 0.67890625 0.03125 0.09296875
0 0.83515625 0.465625 0.0359375 0.06875
0 0.83515625 0.375 0.0359375 0.06796875
0 0.74765625 0.48984375 0.02890625 0.075
0 0.59453125 0.3765625 0.0359375 0.06953125
0 0.6078125 0.5125 0.0375 0.0828125
0 0.2109375 0.9859375 0.034375 0.028125
0 0.32109375 0.7546875 0.0359375 0.103125
0 0.16953125 0.74921875 0.03203125 0.09296875
0 0.29140625 0.428125 0.03984375 0.06953125
0 0.15546875 0.21875 0.028125 0.0484375
0 0.15546875 0.1703125 0.028125 0.04765625
0 0.33828125 0.409375 0.05234375 0.11484375
0 0.240625 0.5390625 0.0265625 0.071875