0 0.62265625 0.86640625 0.04140625 0.09453125
0 0.34375 0.03125 0.0375 0.0625
0 0.83046875 0.53984375 0.03828125 0.07421875
0 0.68359375 0.53984375 0.03828125 0.0734375
0 0.70390625 0.31015625 0.04921875 0.08515625
0 0.67734375 0.27890625 0.04921875 0.08515625
0 0.8421875 0.396875 0.04375 0.06328125
0 0.28203125 0.28203125 0.04296875 0.06328125
0 0.07578125 0.74453125 0.05234375 0.06328125
0 0.0765625 0.6265625 0.0515625 0.0625
0 0.28203125 0.6140625 0.04375 0.0640625
0 0.16640625 0.52109375 0.0390625 0.075
0 0.1734375 0.44140625 0.04609375 0.06640625
0 0.2390625 0.5984375 0.03671875 0.07265625