0 0.37421875 0.8609375 0.04140625 0.09375
0 0.65234375 0.03046875 0.03828125 0.0609375
0 0.16796875 0.5359375 0.03828125 0.0734375
0 0.31328125 0.5359375 0.0375 0.07265625
0 0.29296875 0.30703125 0.0484375 0.084375
0 0.3203125 0.2765625 0.0484375 0.084375
0 0.15625 0.39375 0.04296875 0.0625
0 0.71328125 0.2796875 0.04296875 0.0625
0 0.91796875 0.7390625 0.05234375 0.0625
0 0.91796875 0.62265625 0.05078125 0.06171875
0 0.71328125 0.609375 0.04375 0.06328125
0 0.828125 0.5171875 0.03828125 0.07421875
0 0.821875 0.4375 0.04609375 0.065625
0 0.75625 0.59453125 0.03671875 0.071875