0 0.21171875 0.84609375 0.0375 0.0734375
0 0.23828125 0.61328125 0.0484375 0.0453125
0 0.14453125 0.4890625 0.03203125 0.04609375
0 0.2125 0.715625 0.03515625 0.0734375
0 0.4375 0.87890625 0.01171875 0.02890625
0 0.46015625 0.89375 0.0296875 0.05859375
0 0.540625 0.82578125 0.034375 0.0421875
0 0.496875 0.690625 0.025 0.0484375
0 0.43828125 0.7203125 0.01171875 0.02578125
0 0.46015625 0.73515625 0.0296875 0.05546875
0 0.8421875 0.75234375 0.0390625 0.05390625
0 0.840625 0.47734375 0.05078125 0.08359375