0 0.14453125 0.12265625 0.034375 0.10859375
0 0.23046875 0.9546875 0.0390625 0.08984375
0 0.175 0.41640625 0.0390625 0.07890625
0 0.21015625 0.53125 0.0390625 0.07890625
0 0.17578125 0.67890625 0.0375 0.07578125
0 0.11484375 0.4140625 0.03828125 0.07890625
0 0.07421875 0.3953125 0.034375 0.0859375
0 0.23046875 0.79609375 0.0390625 0.09921875
0 0.9859375 0.49296875 0.028125 0.08046875
0 0.70078125 0.303125 0.02734375 0.084375
0 0.83359375 0.3015625 0.0265625 0.0828125
0 0.63984375 0.78671875 0.0265625 0.084375
0 0.70859375 0.4796875 0.0390625 0.078125
0 0.6796875 0.70625 0.0265625 0.07109375
0 0.82578125 0.47890625 0.0390625 0.078125
0 0.76484375 0.49609375 0.03515625 0.08984375