0 0.1375 0.11484375 0.0328125 0.103125
0 0.21875 0.91640625 0.03671875 0.1125
0 0.16640625 0.3921875 0.03671875 0.075
0 0.19921875 0.5015625 0.03671875 0.075
0 0.16640625 0.64140625 0.0359375 0.071875
0 0.10859375 0.390625 0.03671875 0.075
0 0.07109375 0.37265625 0.03203125 0.08203125
0 0.21875 0.75234375 0.0375 0.09375
0 0.94296875 0.465625 0.04375 0.0765625
0 0.6640625 0.28515625 0.02578125 0.0796875
0 0.78984375 0.284375 0.025 0.078125
0 0.60703125 0.74375 0.025 0.0796875
0 0.671875 0.45234375 0.0375 0.0734375
0 0.64375 0.6671875 0.025 0.06796875
0 0.7828125 0.4515625 0.0375 0.0734375
0 0.725 0.46796875 0.0328125 0.08515625