0 0.20703125 0.93125 0.0359375 0.09453125
0 0.03125 0.73984375 0.03984375 0.065625
0 0.271875 0.18671875 0.03203125 0.08671875
0 0.45546875 0.434375 0.03046875 0.0515625
0 0.45546875 0.4859375 0.03046875 0.0515625
0 0.10859375 0.4125 0.028125 0.06796875
0 0.10546875 0.67421875 0.03125 0.07578125
0 0.22890625 0.34296875 0.02734375 0.0515625
0 0.22890625 0.3953125 0.02734375 0.0515625
0 0.1578125 0.734375 0.034375 0.065625
0 0.18828125 0.60078125 0.03515625 0.06640625
0 0.21796875 0.74140625 0.03203125 0.07734375
0 0.9453125 0.1828125 0.03125 0.08515625
0 0.75390625 0.59453125 0.034375 0.06484375
0 0.75390625 0.5078125 0.03359375 0.06328125
0 0.88671875 0.4359375 0.03671875 0.06484375
0 0.92578125 0.6421875 0.0234375 0.05703125
0 0.81953125 0.6421875 0.03984375 0.0859375