0 0.19453125 0.8828125 0.034375 0.090625
0 0.025 0.6984375 0.03828125 0.06328125
0 0.25703125 0.16640625 0.03046875 0.08359375
0 0.434375 0.40546875 0.02890625 0.05
0 0.434375 0.4546875 0.02890625 0.05
0 0.1 0.384375 0.02734375 0.065625
0 0.096875 0.6359375 0.0296875 0.0734375
0 0.215625 0.3171875 0.0265625 0.05
0 0.215625 0.3671875 0.0265625 0.05
0 0.146875 0.69375 0.03359375 0.06328125
0 0.1765625 0.565625 0.03359375 0.0640625
0 0.20546875 0.70078125 0.03125 0.075
0 0.90625 0.16328125 0.03046875 0.08203125
0 0.72109375 0.559375 0.03359375 0.0625
0 0.721875 0.47578125 0.0328125 0.0609375
0 0.84921875 0.40703125 0.03515625 0.0625
0 0.88671875 0.60546875 0.02265625 0.05546875
0 0.78515625 0.6046875 0.0390625 0.0828125