0 0.3734375 0.83046875 0.040625 0.034375
0 0.40859375 0.884375 0.0421875 0.0359375
0 0.5296875 0.71796875 0.03515625 0.04140625
0 0.5109375 0.67421875 0.03359375 0.02734375
0 0.53671875 0.89296875 0.03515625 0.0421875
0 0.5546875 0.840625 0.03359375 0.02734375
0 0.55390625 0.78671875 0.03515625 0.028125
0 0.55390625 0.7296875 0.034375 0.02734375
0 0.459375 0.65703125 0.0265625 0.03359375
0 0.7015625 0.4578125 0.0453125 0.0375
0 0.8765625 0.3875 0.04765625 0.0359375
0 0.78671875 0.3390625 0.03984375 0.034375
0 0.640625 0.3578125 0.040625 0.034375
0 0.66015625 0.328125 0.02578125 0.03359375
0 0.1703125 0.3109375 0.040625 0.034375
0 0.2265625 0.284375 0.0265625 0.03359375
0 0.2640625 0.3046875 0.05390625 0.05390625
0 0.121875 0.17734375 0.040625 0.03515625
0 0.075 0.1609375 0.0265625 0.03359375