0 0.38125 0.8203125 0.04140625 0.03515625
0 0.41640625 0.875 0.0421875 0.03671875
0 0.5390625 0.70703125 0.0359375 0.0421875
0 0.5203125 0.6625 0.03359375 0.02734375
0 0.54609375 0.88359375 0.0359375 0.04296875
0 0.5640625 0.83046875 0.03359375 0.02734375
0 0.56328125 0.7765625 0.03515625 0.028125
0 0.56328125 0.71875 0.034375 0.028125
0 0.46796875 0.6453125 0.02734375 0.034375
0 0.7125 0.44375 0.0453125 0.03828125
0 0.8890625 0.3734375 0.0484375 0.03671875
0 0.7984375 0.32421875 0.040625 0.03515625
0 0.6515625 0.3421875 0.040625 0.03515625
0 0.67109375 0.3125 0.0265625 0.03359375
0 0.17578125 0.2953125 0.040625 0.034375
0 0.23203125 0.26875 0.02734375 0.034375
0 0.27109375 0.28984375 0.0546875 0.0546875
0 0.1265625 0.16015625 0.040625 0.03515625
0 0.07890625 0.14375 0.02734375 0.034375