0 0.34453125 0.13359375 0.04453125 0.08125
0 0.39765625 0.8390625 0.05 0.0875
0 0.2296875 0.834375 0.04375 0.0796875
0 0.22109375 0.215625 0.05078125 0.0609375
0 0.3234375 0.21484375 0.0515625 0.06171875
0 0.24609375 0.390625 0.04921875 0.0578125
0 0.18125 0.76171875 0.05 0.06015625
0 0.40625 0.6890625 0.0546875 0.06484375
0 0.4078125 0.215625 0.05078125 0.06015625
0 0.2953125 0.61875 0.04453125 0.06796875
0 0.78671875 0.39765625 0.0453125 0.06796875
0 0.75234375 0.571875 0.0453125 0.06796875
0 0.8078125 0.571875 0.0453125 0.0671875
0 0.834375 0.50546875 0.0484375 0.05859375
0 0.5375 0.7625 0.04765625 0.0578125