0 0.6359375 0.12734375 0.0421875 0.07734375
0 0.58515625 0.79921875 0.04765625 0.08359375
0 0.7453125 0.7953125 0.04140625 0.07578125
0 0.75390625 0.20546875 0.0484375 0.05859375
0 0.65625 0.2046875 0.04921875 0.059375
0 0.7296875 0.37265625 0.046875 0.0546875
0 0.79140625 0.72578125 0.04765625 0.05703125
0 0.57734375 0.65703125 0.0515625 0.06171875
0 0.57578125 0.20546875 0.0484375 0.05703125
0 0.6828125 0.5890625 0.0421875 0.06484375
0 0.215625 0.37890625 0.04296875 0.06484375
0 0.24765625 0.54453125 0.04296875 0.06484375
0 0.1953125 0.54453125 0.04296875 0.0640625
0 0.16953125 0.48203125 0.04609375 0.05546875
0 0.45234375 0.7265625 0.0453125 0.0546875