0 0.86953125 0.63828125 0.03984375 0.0421875
0 0.83984375 0.63828125 0.03984375 0.0421875
0 0.384375 0.496875 0.0359375 0.0625
0 0.21875 0.49296875 0.03046875 0.0546875
0 0.11015625 0.4921875 0.0296875 0.05390625
0 0.71796875 0.33515625 0.0484375 0.053125
0 0.44375 0.33828125 0.03984375 0.04609375
0 0.37734375 0.4125 0.0375 0.0640625
0 0.37734375 0.359375 0.0375 0.06328125
0 0.11171875 0.4125 0.0375 0.0640625
0 0.07734375 0.4171875 0.028125 0.03203125
0 0.02265625 0.4234375 0.02890625 0.0328125
0 0.13125 0.4453125 0.0265625 0.0296875
0 0.32421875 0.2640625 0.040625 0.0484375
0 0.3625 0.18515625 0.0203125 0.03125
0 0.3640625 0.4484375 0.0265625 0.03046875
0 0.91875 0.5828125 0.028125 0.0453125
0 0.965625 0.63125 0.02265625 0.0265625
0 0.80078125 0.6453125 0.02734375 0.03125