0 0.1625 0.30625 0.08515625 0.04375
0 0.11484375 0.30625 0.08515625 0.04375
0 0.5984375 0.90625 0.0578125 0.0765625
0 0.671875 0.7703125 0.06796875 0.05234375
0 0.67265625 0.41875 0.06875 0.053125
0 0.56640625 0.56875 0.04609375 0.05
0 0.61171875 0.56875 0.0453125 0.05
0 0.55625 0.69375 0.053125 0.0390625
0 0.55703125 0.6234375 0.0546875 0.03984375
0 0.67734375 0.74296875 0.0390625 0.046875
0 0.68515625 0.63671875 0.03125 0.0390625
0 0.8265625 0.50859375 0.03671875 0.0234375
0 0.8265625 0.484375 0.03671875 0.02421875
0 0.71875 0.446875 0.04140625 0.04921875
0 0.67578125 0.59921875 0.04140625 0.04609375