0 0.821875 0.29140625 0.0828125 0.0421875
0 0.86796875 0.29140625 0.0828125 0.0421875
0 0.4 0.87265625 0.05546875 0.07421875
0 0.328125 0.740625 0.065625 0.05078125
0 0.32734375 0.40078125 0.06640625 0.0515625
0 0.43125 0.5453125 0.04453125 0.0484375
0 0.38671875 0.5453125 0.04375 0.0484375
0 0.440625 0.6671875 0.0515625 0.0375
0 0.43984375 0.5984375 0.05234375 0.03828125
0 0.3234375 0.71484375 0.03828125 0.0453125
0 0.31640625 0.6109375 0.0296875 0.0375
0 0.17890625 0.48671875 0.03515625 0.02265625
0 0.17890625 0.4640625 0.03515625 0.0234375
0 0.28359375 0.428125 0.03984375 0.04765625
0 0.325 0.575 0.03984375 0.04453125