0 0.77578125 0.859375 0.028125 0.0921875
0 0.65234375 0.52578125 0.03984375 0.0609375
0 0.915625 0.5 0.03359375 0.065625
0 0.98984375 0.63984375 0.0203125 0.07265625
0 0.96640625 0.7078125 0.028125 0.05625
0 0.765625 0.609375 0.03125 0.06328125
0 0.7375 0.5234375 0.03125 0.06328125
0 0.69609375 0.50703125 0.028125 0.0703125
0 0.80625 0.50703125 0.028125 0.07109375
0 0.1484375 0.85390625 0.02421875 0.07421875
0 0.0375 0.06328125 0.021875 0.06875
0 0.059375 0.06328125 0.021875 0.06875
0 0.36875 0.44609375 0.0328125 0.05546875
0 0.3359375 0.346875 0.02578125 0.06875
0 0.23125 0.34609375 0.0265625 0.06953125
0 0.1140625 0.40703125 0.0265625 0.06953125
0 0.0796875 0.34765625 0.0265625 0.06796875
0 0.0859375 0.16484375 0.028125 0.05546875