0 0.26875 0.8625 0.0265625 0.0890625
0 0.0078125 0.46640625 0.01484375 0.0578125
0 0.3875 0.540625 0.03828125 0.05859375
0 0.13359375 0.515625 0.03203125 0.06328125
0 0.05703125 0.65078125 0.028125 0.0703125
0 0.08359375 0.71640625 0.02734375 0.0546875
0 0.278125 0.62109375 0.03046875 0.06171875
0 0.30546875 0.53828125 0.03046875 0.06171875
0 0.3453125 0.52265625 0.02734375 0.06796875
0 0.2390625 0.52265625 0.02734375 0.06875
0 0.875 0.8578125 0.0234375 0.071875
0 0.98203125 0.09375 0.02109375 0.06640625
0 0.9609375 0.09375 0.02109375 0.06640625
0 0.6625 0.4640625 0.03203125 0.053125
0 0.69375 0.36796875 0.025 0.06640625
0 0.7953125 0.3671875 0.02578125 0.0671875
0 0.9078125 0.42578125 0.02578125 0.0671875
0 0.94140625 0.36796875 0.025 0.065625
0 0.93515625 0.1921875 0.02734375 0.05390625