0 0.77578125 0.13046875 0.04296875 0.08046875
0 0.6078125 0.12734375 0.04765625 0.08671875
0 0.50546875 0.7 0.0453125 0.0734375
0 0.76875 0.64296875 0.05078125 0.0546875
0 0.671875 0.30078125 0.0265625 0.04609375
0 0.56953125 0.3734375 0.040625 0.04140625
0 0.634375 0.24609375 0.04296875 0.04453125
0 0.47421875 0.36484375 0.06015625 0.08046875
0 0.33359375 0.38125 0.0375 0.05703125
0 0.5359375 0.3046875 0.03671875 0.05546875
0 0.50703125 0.5734375 0.04765625 0.06953125
0 0.4796875 0.63515625 0.0390625 0.03828125