0 0.24765625 0.1453125 0.04453125 0.08203125
0 0.24765625 0.209375 0.04453125 0.08203125
0 0.296875 0.68203125 0.0421875 0.05234375
0 0.3140625 0.75 0.04453125 0.071875
0 0.425 0.69140625 0.03671875 0.06015625
0 0.16640625 0.73515625 0.0421875 0.0515625
0 0.33984375 0.9296875 0.0421875 0.0515625
0 0.3125 0.85390625 0.04453125 0.07890625
0 0.7390625 0.14609375 0.0453125 0.08515625
0 0.7390625 0.2109375 0.0453125 0.08515625
0 0.74921875 0.50390625 0.04921875 0.06328125
0 0.74921875 0.5890625 0.04921875 0.06328125
0 0.871875 0.659375 0.04453125 0.05390625
0 0.796875 0.7 0.02734375 0.04765625
0 0.80390625 0.41875 0.04375 0.07109375