0 0.7390625 0.17265625 0.0453125 0.08359375
0 0.7390625 0.23828125 0.0453125 0.08359375
0 0.6890625 0.71875 0.04296875 0.053125
0 0.671875 0.7875 0.0453125 0.0734375
0 0.55859375 0.728125 0.0375 0.0609375
0 0.82109375 0.77265625 0.04296875 0.05234375
0 0.6453125 0.9703125 0.04296875 0.05234375
0 0.67265625 0.89375 0.0453125 0.0796875
0 0.23828125 0.1734375 0.04609375 0.08671875
0 0.23828125 0.23984375 0.04609375 0.08671875
0 0.228125 0.5375 0.05078125 0.06484375
0 0.228125 0.62421875 0.05078125 0.06484375
0 0.10390625 0.6953125 0.0453125 0.0546875
0 0.1796875 0.73671875 0.02734375 0.0484375
0 0.17265625 0.45078125 0.04453125 0.07265625