0 0.6984375 0.746875 0.01875 0.046875
0 0.53359375 0.43515625 0.02890625 0.0359375
0 0.45390625 0.36640625 0.02421875 0.0375
0 0.453125 0.19453125 0.025 0.040625
0 0.73828125 0.26953125 0.01953125 0.06015625
0 0.95859375 0.68671875 0.028125 0.0390625
0 0.88828125 0.5421875 0.021875 0.0328125
0 0.753125 0.540625 0.01953125 0.03203125
0 0.72734375 0.65078125 0.02265625 0.0359375
0 0.678125 0.58984375 0.0171875 0.04140625
0 0.69921875 0.69375 0.01953125 0.0453125
0 0.6390625 0.6390625 0.0203125 0.03359375
0 0.63984375 0.59453125 0.01953125 0.03125
0 0.70546875 0.3765625 0.01953125 0.0453125
0 0.59609375 0.3796875 0.01796875 0.040625
0 0.57109375 0.434375 0.02265625 0.0375
0 0.8328125 0.6859375 0.021875 0.0359375
0 0.89140625 0.60625 0.015625 0.0375
0 0.8921875 0.6875 0.02421875 0.04140625
0 0.75546875 0.578125 0.015625 0.03828125
0 0.446875 0.3140625 0.025 0.05625
0 0.00859375 0.61015625 0.015625 0.05078125
0 0.00859375 0.57890625 0.015625 0.05078125
0 0.1609375 0.5796875 0.021875 0.0359375
0 0.165625 0.5515625 0.01171875 0.01640625
0 0.1015625 0.578125 0.021875 0.03515625
0 0.10390625 0.553125 0.0140625 0.034375