0 0.6984375 0.74375 0.01875 0.04609375
0 0.5359375 0.4375 0.02890625 0.0359375
0 0.4578125 0.36953125 0.0234375 0.03671875
0 0.45703125 0.20078125 0.025 0.03984375
0 0.7375 0.27421875 0.01875 0.059375
0 0.95390625 0.684375 0.028125 0.03828125
0 0.88515625 0.5421875 0.02109375 0.03203125
0 0.75234375 0.540625 0.01875 0.03125
0 0.7265625 0.64921875 0.021875 0.0359375
0 0.678125 0.5890625 0.0171875 0.040625
0 0.69921875 0.69140625 0.01875 0.04453125
0 0.63984375 0.6375 0.0203125 0.0328125
0 0.640625 0.59375 0.01953125 0.03046875
0 0.7046875 0.3796875 0.01875 0.04453125
0 0.59765625 0.3828125 0.0171875 0.03984375
0 0.5734375 0.43671875 0.02265625 0.03671875
0 0.83046875 0.68359375 0.021875 0.03515625
0 0.88828125 0.60546875 0.01484375 0.03671875
0 0.8890625 0.6859375 0.02421875 0.040625
0 0.7546875 0.578125 0.015625 0.0375
0 0.4515625 0.31796875 0.02421875 0.0546875
0 0.0203125 0.60859375 0.015625 0.05
0 0.0203125 0.57890625 0.015625 0.05
0 0.16953125 0.5796875 0.02109375 0.03515625
0 0.17421875 0.5515625 0.01171875 0.015625
0 0.11171875 0.578125 0.021875 0.034375
0 0.11328125 0.55390625 0.0140625 0.03359375