0 0.82578125 0.453125 0.0890625 0.05546875
0 0.346875 0.75234375 0.059375 0.071875
0 0.44765625 0.803125 0.075 0.053125
0 0.36953125 0.240625 0.07265625 0.053125
0 0.378125 0.10546875 0.05546875 0.0375
0 0.6375 0.2578125 0.0390625 0.0421875
0 0.67578125 0.2578125 0.03828125 0.0421875
0 0.53828125 0.1078125 0.0578125 0.04140625
0 0.1890625 0.125 0.06171875 0.04140625
0 0.3375 0.2265625 0.06015625 0.05859375
0 0.26875 0.34609375 0.0703125 0.053125
0 0.26953125 0.4140625 0.06875 0.0515625
0 0.26953125 0.5859375 0.06796875 0.05
0 0.34921875 0.65 0.06015625 0.05859375