0 0.63359375 0.43203125 0.05703125 0.05078125
0 0.2796875 0.690625 0.07265625 0.034375
0 0.22734375 0.690625 0.07265625 0.034375
0 0.5609375 0.8890625 0.0609375 0.053125
0 0.74765625 0.96328125 0.05859375 0.03203125
0 0.56171875 0.7890625 0.059375 0.04453125
0 0.42578125 0.73515625 0.05625 0.0421875
0 0.409375 0.69140625 0.05703125 0.03125
0 0.290625 0.5421875 0.04140625 0.0328125
0 0.45625 0.6796875 0.0421875 0.0328125
0 0.56171875 0.58515625 0.06171875 0.03515625
0 0.53828125 0.59765625 0.0421875 0.0328125
0 0.19765625 0.67890625 0.0484375 0.0375