0 0.596875 0.43671875 0.06015625 0.053125
0 0.228125 0.70703125 0.07578125 0.0359375
0 0.17265625 0.70703125 0.07578125 0.0359375
0 0.521875 0.9140625 0.06328125 0.05546875
0 0.7171875 0.9875 0.06171875 0.025
0 0.521875 0.81015625 0.06171875 0.046875
0 0.3796875 0.753125 0.05859375 0.04453125
0 0.36328125 0.7078125 0.059375 0.03203125
0 0.2390625 0.55234375 0.04296875 0.034375
0 0.41171875 0.69609375 0.04375 0.034375
0 0.52265625 0.596875 0.06484375 0.03671875
0 0.49765625 0.609375 0.04375 0.034375
0 0.14140625 0.6953125 0.05078125 0.0390625