0 0.1015625 0.96484375 0.05390625 0.0703125
0 0.15546875 0.96484375 0.05390625 0.0703125
0 0.22109375 0.96484375 0.04140625 0.0703125
0 0.759375 0.9109375 0.04765625 0.08203125
0 0.13984375 0.4625 0.0421875 0.084375
0 0.26171875 0.45859375 0.03671875 0.06328125
0 0.46171875 0.45625 0.04140625 0.06875
0 0.4703125 0.59765625 0.0484375 0.053125
0 0.728125 0.78125 0.04140625 0.04375
0 0.7296875 0.7015625 0.04375 0.04609375
0 0.6203125 0.7015625 0.04375 0.04609375
0 0.621875 0.87109375 0.040625 0.0421875
0 0.8171875 0.709375 0.05078125 0.05625
0 0.815625 0.5921875 0.0484375 0.05234375
0 0.428125 0.7265625 0.034375 0.059375
0 0.396875 0.8671875 0.03671875 0.0375
0 0.759375 0.7875 0.04921875 0.07578125
0 0.26328125 0.61328125 0.0328125 0.0515625