0 0.5671875 0.30546875 0.02265625 0.0484375
0 0.5671875 0.27109375 0.02265625 0.0484375
0 0.5765625 0.69453125 0.0234375 0.04765625
0 0.584375 0.7296875 0.025 0.02890625
0 0.62109375 0.58046875 0.0171875 0.03046875
0 0.575 0.6125 0.02421875 0.040625
0 0.56484375 0.6390625 0.01328125 0.015625
0 0.56484375 0.62265625 0.01328125 0.01640625
0 0.62109375 0.53046875 0.0171875 0.03046875
0 0.578125 0.9515625 0.02421875 0.04140625
0 0.40234375 0.58203125 0.02109375 0.0453125
0 0.40625 0.53984375 0.02421875 0.03125
0 0.40234375 0.41796875 0.01953125 0.0359375
0 0.37109375 0.421875 0.0234375 0.0296875
0 0.371875 0.55 0.015625 0.0296875
0 0.35078125 0.540625 0.02421875 0.03046875
0 0.403125 0.375 0.01796875 0.0328125