0 0.9015625 0.24921875 0.03671875 0.0296875
0 0.809375 0.3375 0.0265625 0.0328125
0 0.81328125 0.37578125 0.03359375 0.02890625
0 0.77421875 0.38125 0.02734375 0.03203125
0 0.25078125 0.54921875 0.02890625 0.0421875
0 0.17578125 0.54765625 0.02578125 0.03984375
0 0.45 0.47578125 0.03359375 0.028125
0 0.39296875 0.48828125 0.02578125 0.03125
0 0.35390625 0.4875 0.02890625 0.03359375
0 0.22109375 0.45 0.02734375 0.0328125
0 0.17890625 0.371875 0.04453125 0.04453125
0 0.1890625 0.28203125 0.034375 0.02890625
0 0.0390625 0.63671875 0.040625 0.04765625
0 0.08046875 0.63671875 0.04140625 0.04765625
0 0.06953125 0.30546875 0.0265625 0.0296875