0 0.48984375 0.73671875 0.0109375 0.03984375
0 0.44765625 0.72421875 0.0140625 0.028125
0 0.47109375 0.70859375 0.01015625 0.03515625
0 0.45078125 0.709375 0.01015625 0.03671875
0 0.478125 0.84296875 0.0125 0.02421875
0 0.4921875 0.71484375 0.0140625 0.02734375
0 0.45625 0.73515625 0.0109375 0.040625
0 0.434375 0.76328125 0.01015625 0.03671875
0 0.38671875 0.67265625 0.01953125 0.03359375
0 0.8125 0.484375 0.0171875 0.05625
0 0.7484375 0.48515625 0.01640625 0.05390625
0 0.690625 0.48828125 0.01484375 0.0484375
0 0.71875 0.8875 0.01171875 0.03984375
0 0.71640625 0.7109375 0.0140625 0.04453125
0 0.7375 0.715625 0.0171875 0.03984375
0 0.7140625 0.7171875 0.01484375 0.03359375
0 0.7703125 0.76796875 0.0109375 0.0234375
0 0.7359375 0.74296875 0.01171875 0.0375
0 0.7078125 0.3796875 0.01015625 0.03671875
0 0.81328125 0.16328125 0.0109375 0.0390625
0 0.80234375 0.16328125 0.0109375 0.0390625
0 0.7171875 0.20078125 0.009375 0.03359375
0 0.74765625 0.203125 0.0109375 0.0390625
0 0.703125 0.209375 0.01484375 0.03046875
0 0.728125 0.21015625 0.01484375 0.03046875
0 0.74921875 0.225 0.0125 0.0390625
0 0.80859375 0.22109375 0.015625 0.04765625
0 0.78671875 0.3140625 0.01484375 0.034375
0 0.67421875 0.26171875 0.0125 0.04375
0 0.7171875 0.13359375 0.0109375 0.03671875
0 0.678125 0.1421875 0.009375 0.03359375
0 0.66796875 0.1421875 0.009375 0.03359375
0 0.71171875 0.12734375 0.01171875 0.0265625
0 0.72578125 0.23984375 0.0109375 0.034375
0 0.690625 0.1984375 0.00859375 0.0296875
0 0.471875 0.1953125 0.0109375 0.034375
0 0.453125 0.23359375 0.0140625 0.0453125