0 0.0390625 0.59921875 0.0390625 0.05390625
0 0.246875 0.725 0.0265625 0.07890625
0 0.12578125 0.2203125 0.028125 0.0796875
0 0.19609375 0.22109375 0.02734375 0.0796875
0 0.01484375 0.41875 0.0234375 0.0546875
0 0.0359375 0.31796875 0.02421875 0.05546875
0 0.0328125 0.2859375 0.02578125 0.04765625
0 0.334375 0.4734375 0.02578125 0.04765625
0 0.334375 0.4140625 0.02578125 0.04765625
0 0.1484375 0.39296875 0.02578125 0.0484375
0 0.07109375 0.31796875 0.0234375 0.05390625
0 0.29140625 0.5265625 0.02421875 0.05546875
0 0.8609375 0.484375 0.03203125 0.04765625
0 0.81640625 0.48984375 0.0234375 0.05625
0 0.6796875 0.475 0.034375 0.053125
0 0.70546875 0.475 0.034375 0.053125