0 0.44921875 0.31640625 0.04921875 0.05390625
0 0.51015625 0.628125 0.040625 0.07109375
0 0.66640625 0.6328125 0.04921875 0.08203125
0 0.48515625 0.5171875 0.0515625 0.05078125
0 0.21796875 0.93515625 0.053125 0.0921875
0 0.1515625 0.74296875 0.04765625 0.05078125
0 0.15390625 0.49765625 0.05234375 0.05703125
0 0.38515625 0.6359375 0.03515625 0.06171875
0 0.57890625 0.5359375 0.04453125 0.053125
0 0.6625 0.48359375 0.0390625 0.06171875
0 0.65859375 0.0953125 0.0453125 0.05390625
0 0.37734375 0.5578125 0.0328125 0.05390625