0 0.4859375 0.26484375 0.0484375 0.05234375
0 0.42578125 0.56953125 0.040625 0.06953125
0 0.27265625 0.575 0.0484375 0.08046875
0 0.721875 0.9609375 0.05390625 0.078125
0 0.45 0.4609375 0.05078125 0.05
0 0.71328125 0.87109375 0.05234375 0.090625
0 0.778125 0.6828125 0.046875 0.05
0 0.77578125 0.44140625 0.05078125 0.05546875
0 0.5484375 0.578125 0.03515625 0.0609375
0 0.35859375 0.4796875 0.04375 0.0515625
0 0.27578125 0.428125 0.03828125 0.0609375
0 0.2796875 0.04765625 0.04453125 0.05234375
0 0.55625 0.50078125 0.03203125 0.05234375