0 0.4140625 0.38828125 0.01875 0.06328125
0 0.39296875 0.4328125 0.02890625 0.05703125
0 0.253125 0.875 0.02109375 0.075
0 0.0953125 0.584375 0.01875 0.06953125
0 0.1359375 0.4703125 0.025 0.065625
0 0.1734375 0.45390625 0.01875 0.0375
0 0.3109375 0.3390625 0.01796875 0.06171875
0 0.25546875 0.3390625 0.01796875 0.0609375
0 0.26875 0.47578125 0.02734375 0.0734375
0 0.259375 0.77421875 0.02109375 0.0640625
0 0.18203125 0.515625 0.02109375 0.04765625
0 0.18203125 0.58515625 0.0203125 0.0453125
0 0.72265625 0.13203125 0.01796875 0.071875
0 0.7109375 0.7765625 0.01875 0.07421875
0 0.54609375 0.34609375 0.01875 0.07421875
0 0.76171875 0.3828125 0.0171875 0.0546875
0 0.725 0.3984375 0.00546875 0.0234375
0 0.71171875 0.38046875 0.01875 0.05859375
0 0.66484375 0.43046875 0.01875 0.0578125
0 0.76171875 0.5109375 0.01796875 0.05625