0 0.78203125 0.384375 0.02734375 0.06328125
0 0.98984375 0.69140625 0.0203125 0.046875
0 0.92578125 0.7359375 0.0265625 0.04921875
0 0.8046875 0.91796875 0.03046875 0.06796875
0 0.92109375 0.80234375 0.0265625 0.03828125
0 0.89140625 0.6734375 0.0296875 0.0546875
0 0.80546875 0.746875 0.03046875 0.05390625
0 0.7953125 0.80703125 0.02578125 0.0359375
0 0.8328125 0.65703125 0.03203125 0.0453125
0 0.8328125 0.7171875 0.03203125 0.046875
0 0.83671875 0.53125 0.021875 0.03125
0 0.83671875 0.5 0.021875 0.03125
0 0.2296875 0.39140625 0.02734375 0.065625
0 0.31015625 0.65625 0.0328125 0.046875
0 0.309375 0.7203125 0.03203125 0.0453125
0 0.2515625 0.6421875 0.01875 0.03515625
0 0.2328125 0.6421875 0.01875 0.03515625
0 0.08515625 0.7375 0.0234375 0.04609375
0 0.25 0.76171875 0.0234375 0.04296875