0 0.66484375 0.7875 0.0390625 0.06953125
0 0.90234375 0.5671875 0.059375 0.05625
0 0.75625 0.24375 0.04453125 0.0453125
0 0.621875 0.24765625 0.040625 0.0453125
0 0.55859375 0.134375 0.04296875 0.06796875
0 0.58515625 0.63671875 0.0359375 0.05234375
0 0.66484375 0.68515625 0.03984375 0.05625
0 0.66484375 0.34453125 0.0359375 0.05234375
0 0.24921875 0.7828125 0.0421875 0.0734375
0 0.2015625 0.31875 0.0359375 0.0546875
0 0.2515625 0.31875 0.03671875 0.0546875
0 0.2390625 0.5671875 0.0421875 0.0453125
0 0.2375 0.65234375 0.03828125 0.040625
0 0.2375 0.6921875 0.03828125 0.03984375
0 0.16953125 0.46328125 0.03828125 0.04296875
0 0.1671875 0.36875 0.03359375 0.0375
0 0.19765625 0.62109375 0.0359375 0.05546875