0 0.64765625 0.82734375 0.04140625 0.07265625
0 0.89765625 0.596875 0.0625 0.05859375
0 0.74453125 0.25625 0.046875 0.04765625
0 0.603125 0.26015625 0.04296875 0.04765625
0 0.53671875 0.140625 0.04453125 0.071875
0 0.56484375 0.66953125 0.0375 0.0546875
0 0.64765625 0.7203125 0.0421875 0.059375
0 0.6484375 0.36171875 0.03828125 0.05546875
0 0.21171875 0.82265625 0.04453125 0.07734375
0 0.16171875 0.33515625 0.03828125 0.0578125
0 0.2140625 0.33515625 0.03828125 0.0578125
0 0.2015625 0.596875 0.04375 0.046875
0 0.19921875 0.6859375 0.03984375 0.04296875
0 0.19921875 0.728125 0.03984375 0.0421875
0 0.128125 0.4875 0.03984375 0.0453125
0 0.12578125 0.3875 0.03515625 0.03984375
0 0.1578125 0.653125 0.0375 0.05859375