0 0.265625 0.3140625 0.02890625 0.0375
0 0.23984375 0.396875 0.0421875 0.0390625
0 0.2125 0.48828125 0.04296875 0.03984375
0 0.1453125 0.4859375 0.0328125 0.02890625
0 0.25703125 0.62890625 0.03828125 0.0578125
0 0.25546875 0.44140625 0.03828125 0.04765625
0 0.5078125 0.12890625 0.0375 0.06171875
0 0.5828125 0.63046875 0.04296875 0.065625
0 0.571875 0.43125 0.04453125 0.040625
0 0.534375 0.48671875 0.0421875 0.03828125
0 0.58203125 0.55390625 0.04140625 0.05
0 0.8375 0.12890625 0.03671875 0.0609375
0 0.86484375 0.32265625 0.0375 0.0453125
0 0.81796875 0.28515625 0.034375 0.0421875