0 0.3859375 0.5984375 0.02109375 0.0296875
0 0.353125 0.609375 0.04453125 0.0515625
0 0.5171875 0.7921875 0.07578125 0.0609375
0 0.5171875 0.853125 0.07578125 0.0609375
0 0.52578125 0.71015625 0.05859375 0.0453125
0 0.9140625 0.61796875 0.05703125 0.04453125
0 0.74765625 0.32265625 0.06015625 0.046875
0 0.75 0.71484375 0.05234375 0.0578125
0 0.73671875 0.6125 0.05 0.05625
0 0.8046875 0.38671875 0.05 0.03828125
0 0.69609375 0.43203125 0.04296875 0.04765625
0 0.86171875 0.47578125 0.0390625 0.04375
0 0.38203125 0.4140625 0.046875 0.0359375
0 0.378125 0.5015625 0.05390625 0.04296875
0 0.2625 0.4109375 0.03125 0.02421875
0 0.26171875 0.38046875 0.0328125 0.02578125
0 0.3 0.45546875 0.0578125 0.04453125
0 0.69453125 0.3421875 0.0390625 0.04609375
0 0.63828125 0.3421875 0.0390625 0.04609375
0 0.55 0.34296875 0.03515625 0.04140625
0 0.5015625 0.34375 0.0328125 0.03828125
0 0.58046875 0.26328125 0.046875 0.053125
0 0.53203125 0.07890625 0.0328125 0.02578125
0 0.5296875 0.3 0.0265625 0.0296875
0 0.484375 0.30859375 0.0484375 0.05234375
0 0.571875 0.14140625 0.05625 0.04375
0 0.4984375 0.25 0.03046875 0.025
0 0.634375 0.315625 0.0546875 0.04453125
0 0.38671875 0.53828125 0.01953125 0.02421875
0 0.353125 0.5515625 0.04609375 0.05
0 0.72734375 0.23984375 0.02578125 0.02734375
0 0.69609375 0.23984375 0.02578125 0.028125
0 0.6640625 0.23984375 0.02578125 0.028125
0 0.63203125 0.23984375 0.02578125 0.0265625
0 0.45625 0.48359375 0.02578125 0.02734375
0 0.425 0.484375 0.02734375 0.02890625