0 0.3875 0.59921875 0.0203125 0.02890625
0 0.35546875 0.61015625 0.04375 0.05078125
0 0.5171875 0.7890625 0.075 0.06015625
0 0.5171875 0.84921875 0.075 0.06015625
0 0.52578125 0.709375 0.0578125 0.04453125
0 0.9078125 0.61875 0.05625 0.04375
0 0.74375 0.32734375 0.059375 0.04609375
0 0.74609375 0.71328125 0.0515625 0.05703125
0 0.73359375 0.6125 0.04921875 0.05546875
0 0.8 0.390625 0.04921875 0.0375
0 0.69296875 0.43515625 0.0421875 0.046875
0 0.85625 0.478125 0.03828125 0.04296875
0 0.38359375 0.4171875 0.04609375 0.03515625
0 0.38046875 0.503125 0.053125 0.0421875
0 0.265625 0.4140625 0.03046875 0.0234375
0 0.26484375 0.384375 0.03203125 0.025
0 0.303125 0.45859375 0.05703125 0.04375
0 0.69140625 0.34609375 0.03828125 0.0453125
0 0.6359375 0.34609375 0.03828125 0.0453125
0 0.54921875 0.346875 0.03515625 0.040625
0 0.5015625 0.3484375 0.03203125 0.03828125
0 0.57890625 0.26953125 0.04609375 0.05234375
0 0.53125 0.0875 0.0328125 0.025
0 0.52890625 0.30546875 0.02578125 0.0296875
0 0.484375 0.3140625 0.04765625 0.05078125
0 0.57109375 0.14921875 0.05546875 0.04296875
0 0.4984375 0.25625 0.0296875 0.025
0 0.63203125 0.3203125 0.05390625 0.04375
0 0.38828125 0.53984375 0.01875 0.0234375
0 0.35546875 0.55234375 0.04609375 0.04921875
0 0.72421875 0.24609375 0.025 0.0265625
0 0.69296875 0.24609375 0.02578125 0.02734375
0 0.6609375 0.24609375 0.025 0.02734375
0 0.63046875 0.24609375 0.025 0.0265625
0 0.45703125 0.4859375 0.02578125 0.0265625
0 0.42578125 0.48671875 0.02734375 0.028125