0 0.28515625 0.1640625 0.08515625 0.07421875
0 0.578125 0.91484375 0.08671875 0.0765625
0 0.1390625 0.915625 0.0890625 0.07734375
0 0.253125 0.4859375 0.08125 0.046875
0 0.47265625 0.70625 0.08046875 0.04609375
0 0.72265625 0.709375 0.08515625 0.04921875
0 0.65 0.64765625 0.07734375 0.04375
0 0.721875 0.565625 0.0828125 0.046875
0 0.72265625 0.39140625 0.08515625 0.04921875
0 0.89140625 0.5765625 0.05625 0.04140625
0 0.13984375 0.47578125 0.07265625 0.0515625
0 0.1640625 0.33125 0.07421875 0.05234375
0 0.17421875 0.578125 0.0625 0.04609375