0 0.709375 0.1484375 0.08671875 0.075
0 0.41171875 0.9125 0.08828125 0.078125
0 0.85859375 0.9125 0.090625 0.07890625
0 0.74296875 0.47578125 0.0828125 0.04765625
0 0.51875 0.7 0.08203125 0.046875
0 0.26484375 0.703125 0.08671875 0.05
0 0.3390625 0.640625 0.07890625 0.04453125
0 0.265625 0.55703125 0.084375 0.04765625
0 0.26484375 0.3796875 0.08671875 0.05
0 0.09296875 0.56796875 0.05703125 0.0421875
0 0.8578125 0.465625 0.07421875 0.05234375
0 0.8328125 0.31875 0.075 0.053125
0 0.82265625 0.56953125 0.0640625 0.046875