0 0.13359375 0.80859375 0.04296875 0.046875
0 0.09921875 0.5671875 0.03046875 0.0609375
0 0.4359375 0.2203125 0.0421875 0.0453125
0 0.4359375 0.61875 0.04140625 0.04375
0 0.290625 0.7859375 0.0390625 0.04375
0 0.3078125 0.275 0.02265625 0.03828125
0 0.33046875 0.275 0.02265625 0.03828125
0 0.24765625 0.27890625 0.03125 0.05
0 0.1140625 0.4546875 0.03984375 0.04921875
0 0.17890625 0.59296875 0.03046875 0.0484375
0 0.18828125 0.62421875 0.0296875 0.0375
0 0.1859375 0.53984375 0.03359375 0.04296875
0 0.8984375 0.41328125 0.03515625 0.03359375
0 0.8984375 0.44765625 0.03515625 0.03359375
0 0.7671875 0.56640625 0.0234375 0.03828125
0 0.78984375 0.56640625 0.0234375 0.03828125
0 0.6828125 0.4390625 0.02890625 0.03671875
0 0.7828125 0.28984375 0.03046875 0.04765625
0 0.8140625 0.20546875 0.03359375 0.04375
0 0.81484375 0.65703125 0.034375 0.04375