0 0.54453125 0.8921875 0.04375 0.0890625
0 0.484375 0.23984375 0.053125 0.06171875
0 0.525 0.23984375 0.05234375 0.06171875
0 0.76015625 0.2625 0.0421875 0.0828125
0 0.83125 0.9609375 0.05859375 0.07734375
0 0.77265625 0.9609375 0.05859375 0.07734375
0 0.975 0.9609375 0.04921875 0.07734375
0 0.92109375 0.9609375 0.059375 0.07734375
0 0.64375 0.76171875 0.034375 0.06171875
0 0.54453125 0.75625 0.04609375 0.08515625
0 0.38046875 0.72890625 0.040625 0.05
0 0.3015625 0.76875 0.03671875 0.04609375
0 0.2953125 0.71484375 0.025 0.02734375
0 0.0921875 0.8484375 0.028125 0.0359375
0 0.47421875 0.72265625 0.040625 0.07265625
0 0.246875 0.05390625 0.04296875 0.05625
0 0.07890625 0.44609375 0.0390625 0.0671875
0 0.5578125 0.61875 0.03671875 0.06484375