0 0.496875 0.95625 0.0453125 0.0875
0 0.434375 0.2828125 0.05546875 0.0640625
0 0.4765625 0.2828125 0.0546875 0.0640625
0 0.72109375 0.30546875 0.04375 0.08515625
0 0.60078125 0.8234375 0.0359375 0.0640625
0 0.496875 0.8171875 0.04765625 0.08828125
0 0.32734375 0.78984375 0.0421875 0.05234375
0 0.2453125 0.83046875 0.03828125 0.04765625
0 0.2390625 0.775 0.02578125 0.028125
0 0.028125 0.91328125 0.02890625 0.03671875
0 0.42421875 0.7828125 0.0421875 0.075
0 0.18828125 0.0890625 0.04453125 0.0578125
0 0.0171875 0.49609375 0.034375 0.06953125
0 0.51171875 0.67578125 0.0375 0.0671875