0 0.33671875 0.128125 0.0453125 0.06328125
0 0.290625 0.825 0.05 0.06796875
0 0.01953125 0.09140625 0.0390625 0.0453125
0 0.28828125 0.73515625 0.05078125 0.05703125
0 0.23125 0.4 0.04453125 0.0515625
0 0.29296875 0.40390625 0.03671875 0.04375
0 0.35234375 0.24453125 0.0453125 0.0390625
0 0.440625 0.23515625 0.03984375 0.0328125
0 0.35078125 0.45234375 0.0515625 0.04453125
0 0.2078125 0.446875 0.0390625 0.03203125
0 0.840625 0.82265625 0.04375 0.059375
0 0.7640625 0.51640625 0.03203125 0.0390625
0 0.83515625 0.51640625 0.03125 0.03828125
0 0.89765625 0.4578125 0.05078125 0.0390625