0 0.67578125 0.125 0.04375 0.0609375
0 0.7203125 0.796875 0.0484375 0.065625
0 0.98125 0.090625 0.0375 0.04375
0 0.721875 0.71015625 0.0484375 0.0546875
0 0.778125 0.38671875 0.04296875 0.04921875
0 0.71796875 0.390625 0.03515625 0.0421875
0 0.6609375 0.2375 0.04375 0.0375
0 0.575 0.228125 0.03828125 0.03125
0 0.6625 0.4375 0.05 0.04296875
0 0.8 0.43203125 0.0375 0.03046875
0 0.18984375 0.79453125 0.0421875 0.05703125
0 0.2640625 0.49921875 0.03125 0.0375
0 0.19453125 0.49921875 0.03046875 0.03671875
0 0.134375 0.4421875 0.04921875 0.0375