0 0.53515625 0.42265625 0.0359375 0.05
0 0.296875 0.921875 0.0328125 0.08125
0 0.47421875 0.9171875 0.028125 0.071875
0 0.09921875 0.2984375 0.0375 0.05625
0 0.53515625 0.51015625 0.0359375 0.05859375
0 0.5046875 0.7875 0.0359375 0.05625
0 0.47265625 0.578125 0.03046875 0.06484375
0 0.58359375 0.78984375 0.03046875 0.05
0 0.3015625 0.6640625 0.0359375 0.059375
0 0.2703125 0.55390625 0.03515625 0.0578125
0 0.26171875 0.753125 0.0453125 0.0828125
0 0.21328125 0.76328125 0.0328125 0.05390625
0 0.21328125 0.590625 0.0328125 0.05390625
0 0.2125 0.515625 0.03359375 0.05546875
0 0.778125 0.3859375 0.028125 0.0640625