0 0.46328125 0.384375 0.0375 0.0515625
0 0.709375 0.90234375 0.034375 0.084375
0 0.5265625 0.896875 0.0296875 0.07421875
0 0.91484375 0.25625 0.0390625 0.05859375
0 0.46328125 0.47578125 0.0375 0.06015625
0 0.49453125 0.7625 0.03671875 0.05859375
0 0.528125 0.5453125 0.03203125 0.0671875
0 0.4125 0.76484375 0.03203125 0.05234375
0 0.70546875 0.63515625 0.0375 0.06171875
0 0.7375 0.52109375 0.03671875 0.06015625
0 0.74609375 0.7265625 0.046875 0.0859375
0 0.796875 0.7375 0.034375 0.05625
0 0.796875 0.55859375 0.034375 0.05625
0 0.796875 0.48125 0.034375 0.05703125
0 0.21171875 0.346875 0.0296875 0.06640625