0 0.26328125 0.8609375 0.02578125 0.08046875
0 0.05625 0.596875 0.03203125 0.05625
0 0.17421875 0.275 0.021875 0.071875
0 0.28125 0.2734375 0.0234375 0.07578125
0 0.3 0.653125 0.0234375 0.06484375
0 0.46640625 0.65234375 0.0234375 0.0640625
0 0.19453125 0.653125 0.0234375 0.06484375
0 0.17578125 0.50859375 0.021875 0.05859375
0 0.16640625 0.5890625 0.025 0.05078125
0 0.14375 0.45703125 0.02578125 0.05234375
0 0.121875 0.4453125 0.021875 0.059375
0 0.83125 0.753125 0.025 0.05234375
0 0.6484375 0.7375 0.01953125 0.0515625
0 0.615625 0.753125 0.02421875 0.05078125