0 0.25234375 0.8671875 0.02734375 0.0875
0 0.028125 0.5796875 0.03515625 0.0609375
0 0.15546875 0.23046875 0.02421875 0.078125
0 0.271875 0.22890625 0.025 0.08203125
0 0.2921875 0.640625 0.025 0.0703125
0 0.47265625 0.63984375 0.025 0.06953125
0 0.178125 0.640625 0.02578125 0.07109375
0 0.1578125 0.48359375 0.0234375 0.06328125
0 0.146875 0.57109375 0.02734375 0.0546875
0 0.1234375 0.428125 0.028125 0.05703125
0 0.09921875 0.41484375 0.02421875 0.06484375
0 0.86875 0.74921875 0.02734375 0.05703125
0 0.6703125 0.73203125 0.02109375 0.05625
0 0.63515625 0.74921875 0.0265625 0.05546875