0 0.63203125 0.76875 0.0171875 0.06484375
0 0.73203125 0.76875 0.01796875 0.065625
0 0.73203125 0.72265625 0.01796875 0.065625
0 0.54921875 0.13984375 0.0234375 0.05
0 0.77578125 0.1875 0.01796875 0.0671875
0 0.77578125 0.234375 0.01796875 0.0671875
0 0.73671875 0.1875 0.01796875 0.0671875
0 0.73671875 0.234375 0.01796875 0.0671875
0 0.875 0.55234375 0.025 0.04453125
0 0.8578125 0.5515625 0.025 0.04453125
0 0.73984375 0.415625 0.0203125 0.046875
0 0.83828125 0.35859375 0.02265625 0.05859375
0 0.84765625 0.275 0.0203125 0.05234375
0 0.625 0.39453125 0.0171875 0.05234375
0 0.6515625 0.4 0.01328125 0.04140625
0 0.5890625 0.60078125 0.02265625 0.05078125
0 0.60703125 0.5171875 0.01875 0.04140625
0 0.6078125 0.44765625 0.0203125 0.0453125
0 0.58203125 0.46640625 0.01484375 0.0453125
0 0.56328125 0.359375 0.01640625 0.0359375
0 0.6328125 0.60859375 0.01875 0.05859375
0 0.41640625 0.69765625 0.0171875 0.06328125
0 0.2390625 0.2609375 0.01875 0.0390625