0 0.5 0.2125 0.03125 0.0921875
0 0.65703125 0.75390625 0.03359375 0.096875
0 0.3125 0.91328125 0.03515625 0.10078125
0 0.09921875 0.33046875 0.04765625 0.06796875
0 0.4265625 0.45625 0.034375 0.0578125
0 0.45625 0.6125 0.03515625 0.06171875
0 0.5703125 0.32890625 0.03515625 0.0609375
0 0.65703125 0.27734375 0.02421875 0.059375
0 0.39140625 0.67109375 0.02578125 0.06328125
0 0.309375 0.7375 0.03984375 0.090625
0 0.909375 0.21171875 0.03359375 0.09375
0 0.865625 0.5046875 0.034375 0.05859375
0 0.865625 0.61875 0.03359375 0.05625
0 0.80078125 0.63671875 0.025 0.06328125