0 0.428125 0.0515625 0.05546875 0.09921875
0 0.428125 0.12109375 0.05546875 0.09921875
0 0.9078125 0.603125 0.0765625 0.06953125
0 0.85234375 0.603125 0.07578125 0.06953125
0 0.33203125 0.9109375 0.0625 0.1046875
0 0.6828125 0.60546875 0.05703125 0.0609375
0 0.74453125 0.75 0.05625 0.06015625
0 0.7359375 0.61640625 0.04765625 0.06875
0 0.25 0.634375 0.0625 0.06875
0 0.3015625 0.54921875 0.05625 0.0609375
0 0.14609375 0.43046875 0.0421875 0.0609375
0 0.33125 0.79765625 0.0625 0.08671875
0 0.30859375 0.42421875 0.053125 0.07578125
0 0.734375 0.4484375 0.0546875 0.06015625