0 0.07421875 0.5140625 0.0375 0.06640625
0 0.2625 0.86015625 0.034375 0.06328125
0 0.3265625 0.84296875 0.03671875 0.03359375
0 0.328125 0.65859375 0.03828125 0.03515625
0 0.3640625 0.584375 0.02734375 0.025
0 0.4 0.5953125 0.025 0.03125
0 0.28984375 0.64609375 0.028125 0.0359375
0 0.09140625 0.615625 0.02890625 0.03671875
0 0.2359375 0.65546875 0.0375 0.0328125
0 0.0640625 0.7953125 0.021875 0.02890625
0 0.19375 0.8 0.0296875 0.0375
0 0.28203125 0.57265625 0.025 0.021875
0 0.20078125 0.534375 0.02578125 0.02265625
0 0.25390625 0.54140625 0.01875 0.02578125
0 0.25546875 0.58125 0.01796875 0.025
0 0.13515625 0.9234375 0.03515625 0.0296875
0 0.53125 0.42734375 0.0265625 0.0375
0 0.68125 0.2453125 0.02578125 0.03359375
0 0.61640625 0.2734375 0.0265625 0.034375
0 0.76953125 0.1921875 0.0328125 0.04296875
0 0.89921875 0.19296875 0.03125 0.04140625
0 0.72265625 0.19375 0.03046875 0.040625
0 0.61640625 0.19296875 0.03125 0.04140625
0 0.75859375 0.0859375 0.02890625 0.0265625
0 0.75859375 0.11171875 0.02890625 0.0265625
0 0.62734375 0.08515625 0.02578125 0.025
0 0.62734375 0.11015625 0.02578125 0.02421875
0 0.584375 0.24140625 0.021875 0.01953125
0 0.81640625 0.38828125 0.02890625 0.02421875
0 0.76953125 0.35703125 0.02421875 0.0328125
0 0.7609375 0.38828125 0.0265625 0.0234375
0 0.56640625 0.2765625 0.02890625 0.02265625
0 0.71328125 0.421875 0.02265625 0.03984375
0 0.71328125 0.39765625 0.02265625 0.03984375
0 0.73515625 0.42109375 0.021875 0.0390625
0 0.73515625 0.39765625 0.021875 0.0390625
0 0.665625 0.39453125 0.028125 0.04609375
0 0.80703125 0.42734375 0.02734375 0.0390625
0 0.21953125 0.221875 0.04765625 0.05078125
0 0.23984375 0.24140625 0.04765625 0.05
0 0.13515625 0.2171875 0.0421875 0.034375
0 0.1671875 0.2171875 0.0421875 0.034375
0 0.2765625 0.17890625 0.02890625 0.0375
0 0.3203125 0.18828125 0.03359375 0.0296875
0 0.43359375 0.1953125 0.02578125 0.034375
0 0.36171875 0.28203125 0.03984375 0.03671875
0 0.23828125 0.38046875 0.025 0.03125
0 0.23828125 0.425 0.02734375 0.03515625
0 0.22265625 0.2734375 0.025 0.02265625