0 0.94375 0.525 0.03828125 0.0671875
0 0.75390625 0.87421875 0.03515625 0.0640625
0 0.6890625 0.85703125 0.0375 0.03359375
0 0.6875 0.6703125 0.03828125 0.03515625
0 0.6515625 0.59609375 0.02734375 0.025
0 0.61484375 0.60703125 0.025 0.03125
0 0.72578125 0.65859375 0.028125 0.03671875
0 0.9265625 0.62734375 0.02890625 0.0375
0 0.78125 0.6671875 0.03828125 0.0328125
0 0.95390625 0.809375 0.021875 0.02890625
0 0.8234375 0.8140625 0.03046875 0.03828125
0 0.734375 0.584375 0.025 0.021875
0 0.815625 0.5453125 0.02578125 0.02265625
0 0.7625 0.553125 0.01953125 0.02578125
0 0.7609375 0.59296875 0.01796875 0.025
0 0.88203125 0.93828125 0.0359375 0.0296875
0 0.48203125 0.4375 0.0265625 0.0375
0 0.33046875 0.25390625 0.02578125 0.03359375
0 0.396875 0.28203125 0.0265625 0.034375
0 0.24140625 0.2 0.0328125 0.04375
0 0.1109375 0.20078125 0.03125 0.0421875
0 0.2890625 0.2015625 0.03046875 0.04140625
0 0.396875 0.20078125 0.03203125 0.04140625
0 0.253125 0.0921875 0.02890625 0.0265625
0 0.253125 0.11875 0.02890625 0.0265625
0 0.38515625 0.0921875 0.02578125 0.025
0 0.38515625 0.11640625 0.02578125 0.02421875
0 0.42890625 0.24921875 0.02265625 0.01953125
0 0.19375 0.3984375 0.02890625 0.02421875
0 0.24140625 0.36640625 0.02421875 0.0328125
0 0.25 0.39765625 0.0265625 0.0234375
0 0.446875 0.28515625 0.02890625 0.02265625
0 0.2984375 0.43203125 0.02265625 0.03984375
0 0.2984375 0.40703125 0.02265625 0.03984375
0 0.2765625 0.43125 0.021875 0.0390625
0 0.2765625 0.4078125 0.021875 0.0390625
0 0.346875 0.40390625 0.028125 0.04609375
0 0.203125 0.4375 0.02734375 0.0390625
0 0.796875 0.23046875 0.04765625 0.05078125
0 0.7765625 0.25 0.0484375 0.05078125
0 0.88203125 0.22578125 0.0421875 0.03515625
0 0.85 0.22578125 0.04296875 0.03515625
0 0.7390625 0.18671875 0.02890625 0.03828125
0 0.6953125 0.19609375 0.03359375 0.03046875
0 0.58046875 0.203125 0.02578125 0.034375
0 0.65390625 0.290625 0.040625 0.03671875
0 0.778125 0.38984375 0.025 0.03203125
0 0.778125 0.434375 0.02734375 0.03515625
0 0.79375 0.28203125 0.025 0.02265625