0 0.14375 0.7921875 0.0328125 0.1015625
0 0.45703125 0.31640625 0.040625 0.06875
0 0.34375 0.1265625 0.03046875 0.06171875
0 0.40859375 0.52265625 0.02578125 0.075
0 0.40859375 0.34296875 0.02578125 0.0703125
0 0.12421875 0.1234375 0.03046875 0.06171875
0 0.1125 0.3203125 0.04609375 0.1078125
0 0.09296875 0.48125 0.034375 0.06875
0 0.1421875 0.58984375 0.0296875 0.08046875
0 0.15703125 0.34296875 0.0296875 0.0796875
0 0.4796875 0.72890625 0.0265625 0.06953125
0 0.75 0.3703125 0.034375 0.0703125
0 0.6953125 0.38671875 0.0296875 0.0796875