0 0.46953125 0.78359375 0.040625 0.084375
0 0.46796875 0.60078125 0.04140625 0.084375
0 0.321875 0.43359375 0.04609375 0.06640625
0 0.196875 0.21875 0.0390625 0.078125
0 0.42578125 0.34453125 0.040625 0.08046875
0 0.3390625 0.41796875 0.028125 0.05625
0 0.32265625 0.4484375 0.03203125 0.06328125
0 0.16953125 0.284375 0.028125 0.04140625
0 0.7875 0.36171875 0.0375 0.05546875
0 0.73046875 0.08828125 0.034375 0.046875
0 0.703125 0.08828125 0.034375 0.046875
0 0.7921875 0.30390625 0.03125 0.0640625
0 0.83671875 0.37265625 0.0296875 0.05859375
0 0.67890625 0.453125 0.0328125 0.046875
0 0.71171875 0.37890625 0.04296875 0.06640625