0 0.92890625 0.378125 0.059375 0.0671875
0 0.884375 0.378125 0.05859375 0.0671875
0 0.53125 0.83203125 0.046875 0.09609375
0 0.15625 0.84453125 0.06015625 0.1125
0 0.0953125 0.84453125 0.0609375 0.1125
0 0.2015625 0.40703125 0.03828125 0.0671875
0 0.45234375 0.5859375 0.059375 0.090625
0 0.34296875 0.57109375 0.0390625 0.06640625
0 0.33046875 0.41640625 0.0375 0.0640625
0 0.284375 0.41875 0.03359375 0.05859375
0 0.4859375 0.4140625 0.040625 0.06875
0 0.5359375 0.4703125 0.034375 0.059375
0 0.49453125 0.2375 0.03984375 0.05234375
0 0.53046875 0.6578125 0.0453125 0.075
0 0.87421875 0.4125 0.0359375 0.0609375
0 0.90859375 0.62890625 0.03984375 0.06640625
0 0.86875 0.496875 0.040625 0.053125
0 0.86328125 0.7015625 0.0453125 0.0609375
0 0.17578125 0.1078125 0.046875 0.08671875