0 0.92421875 0.37890625 0.05859375 0.06640625
0 0.88046875 0.37890625 0.0578125 0.06640625
0 0.5328125 0.8265625 0.04609375 0.09453125
0 0.1625 0.83828125 0.059375 0.1109375
0 0.103125 0.83828125 0.06015625 0.1109375
0 0.2078125 0.4078125 0.0375 0.06640625
0 0.4546875 0.584375 0.05859375 0.08984375
0 0.346875 0.56953125 0.03828125 0.065625
0 0.334375 0.41640625 0.0375 0.06328125
0 0.2890625 0.41953125 0.0328125 0.0578125
0 0.48828125 0.41484375 0.03984375 0.06796875
0 0.5375 0.4703125 0.03359375 0.05859375
0 0.496875 0.240625 0.0390625 0.0515625
0 0.53203125 0.6546875 0.0453125 0.07421875
0 0.87109375 0.41328125 0.03515625 0.059375
0 0.9046875 0.6265625 0.0390625 0.065625
0 0.86484375 0.49609375 0.03984375 0.05234375
0 0.86015625 0.69765625 0.04453125 0.059375
0 0.18203125 0.1125 0.04609375 0.08515625