0 0.77734375 0.2609375 0.0296875 0.08671875
0 0.77734375 0.19765625 0.0296875 0.08671875
0 0.48203125 0.2578125 0.02734375 0.08046875
0 0.48203125 0.20078125 0.02734375 0.08046875
0 0.31796875 0.37890625 0.04296875 0.06796875
0 0.85703125 0.890625 0.0296875 0.0875
0 0.57109375 0.58125 0.03125 0.05625
0 0.45 0.6328125 0.028125 0.05078125
0 0.47578125 0.28359375 0.03125 0.05703125
0 0.890625 0.6140625 0.03359375 0.0609375
0 0.890625 0.490625 0.03203125 0.0578125
0 0.684375 0.64921875 0.02890625 0.07109375
0 0.646875 0.64921875 0.02890625 0.07109375
0 0.85703125 0.76015625 0.0296875 0.07265625
0 0.81953125 0.703125 0.02421875 0.06015625
0 0.5 0.69296875 0.02734375 0.0671875
0 0.3546875 0.56796875 0.02890625 0.07109375
0 0.5 0.46328125 0.028125 0.06796875
0 0.35625 0.4046875 0.028125 0.06796875
0 0.08359375 0.26015625 0.028125 0.08125
0 0.08359375 0.20078125 0.028125 0.08203125
0 0.196875 0.571875 0.02734375 0.0671875
0 0.0828125 0.571875 0.028125 0.06796875