0 0.10390625 0.49921875 0.04765625 0.05
0 0.365625 0.5 0.0453125 0.0484375
0 0.70703125 0.58828125 0.0640625 0.03125
0 0.66171875 0.58828125 0.0640625 0.03125
0 0.85078125 0.6 0.04765625 0.04609375
0 0.109375 0.665625 0.04375 0.03671875
0 0.30390625 0.62890625 0.0484375 0.0265625
0 0.4390625 0.6625 0.0515625 0.02890625
0 0.52265625 0.71484375 0.03515625 0.03203125
0 0.81484375 0.7796875 0.05 0.0421875
0 0.5515625 0.71796875 0.04453125 0.02109375
0 0.26484375 0.71328125 0.04375 0.0375
0 0.18828125 0.703125 0.0578125 0.0328125
0 0.36953125 0.55234375 0.04921875 0.04140625
0 0.29375 0.39296875 0.05078125 0.05
0 0.7453125 0.4 0.06953125 0.0640625
0 0.815625 0.4 0.0703125 0.0640625
0 0.65859375 0.084375 0.0703125 0.034375
0 0.7078125 0.084375 0.0703125 0.034375
0 0.19375 0.23203125 0.0390625 0.03359375
0 0.1765625 0.20234375 0.0375 0.01953125
0 0.4890625 0.25 0.0390625 0.034375
0 0.29296875 0.32890625 0.05234375 0.0421875