0 0.54609375 0.6921875 0.02421875 0.0421875
0 0.43046875 0.77578125 0.02109375 0.02734375
0 0.61484375 0.76484375 0.028125 0.04921875
0 0.57265625 0.8671875 0.015625 0.02265625
0 0.5546875 0.88828125 0.0125 0.028125
0 0.5546875 0.93671875 0.0140625 0.0296875
0 0.5375 0.75703125 0.0171875 0.02578125
0 0.4578125 0.7984375 0.0140625 0.0296875
0 0.73203125 0.54453125 0.01484375 0.03984375
0 0.81875 0.5 0.0234375 0.04609375
0 0.8875 0.25078125 0.0234375 0.0421875
0 0.8015625 0.43671875 0.01640625 0.03359375
0 0.725 0.43359375 0.01328125 0.02734375
0 0.7078125 0.40625 0.015625 0.0234375
0 0.7078125 0.3640625 0.01640625 0.025
0 0.725 0.31640625 0.01484375 0.02890625
0 0.35625 0.48046875 0.021875 0.02578125
0 0.546875 0.25 0.025 0.04375
0 0.4171875 0.46953125 0.01015625 0.0234375
0 0.38359375 0.31171875 0.01328125 0.028125
0 0.4015625 0.3828125 0.015625 0.0234375
0 0.3828125 0.34296875 0.0140625 0.02890625
0 0.4671875 0.3625 0.0125 0.02734375
0 0.41796875 0.390625 0.01171875 0.025
0 0.478125 0.41484375 0.01484375 0.0203125