0 0.4984375 0.61328125 0.0234375 0.04140625
0 0.3859375 0.69453125 0.0203125 0.0265625
0 0.565625 0.6828125 0.02734375 0.04765625
0 0.52421875 0.7828125 0.01484375 0.021875
0 0.50625 0.803125 0.0125 0.02734375
0 0.50703125 0.85 0.01328125 0.02890625
0 0.48984375 0.67578125 0.01640625 0.025
0 0.4125 0.71640625 0.01328125 0.02890625
0 0.67890625 0.4703125 0.0140625 0.0390625
0 0.7625 0.4265625 0.02265625 0.04453125
0 0.82890625 0.18515625 0.02265625 0.040625
0 0.74609375 0.365625 0.01640625 0.0328125
0 0.671875 0.3625 0.01328125 0.0265625
0 0.65546875 0.3359375 0.015625 0.0234375
0 0.65546875 0.29453125 0.01640625 0.02421875
0 0.671875 0.2484375 0.0140625 0.028125
0 0.3140625 0.4078125 0.02109375 0.025
0 0.49921875 0.18359375 0.02421875 0.0421875
0 0.37265625 0.396875 0.009375 0.02265625
0 0.340625 0.24453125 0.01328125 0.02734375
0 0.3578125 0.3125 0.01484375 0.02265625
0 0.33984375 0.27421875 0.01328125 0.028125
0 0.421875 0.29296875 0.0125 0.0265625
0 0.37421875 0.3203125 0.0109375 0.02421875
0 0.43203125 0.34375 0.0140625 0.01953125