0 0.6515625 0.6875 0.04296875 0.0515625
0 0.840625 0.68984375 0.0484375 0.05546875
0 0.73125 0.26484375 0.04375 0.05234375
0 0.8296875 0.51484375 0.0515625 0.0359375
0 0.82890625 0.6125 0.04921875 0.034375
0 0.7328125 0.61171875 0.04765625 0.034375
0 0.3203125 0.65546875 0.03359375 0.04453125
0 0.1765625 0.65546875 0.03359375 0.04453125
0 0.2265625 0.3 0.04453125 0.053125
0 0.325 0.50625 0.04375 0.040625
0 0.31796875 0.6046875 0.05 0.03515625
0 0.19296875 0.4828125 0.04765625 0.034375
0 0.478125 0.43828125 0.04296875 0.03984375
0 0.24453125 0.43828125 0.04296875 0.0390625