0 0.4015625 0.65390625 0.04296875 0.0515625
0 0.21328125 0.65625 0.0484375 0.05546875
0 0.321875 0.23359375 0.04375 0.0515625
0 0.22421875 0.48203125 0.0515625 0.0359375
0 0.225 0.5796875 0.04921875 0.034375
0 0.3203125 0.57890625 0.04765625 0.03359375
0 0.73046875 0.621875 0.03359375 0.04453125
0 0.8734375 0.62265625 0.0328125 0.04375
0 0.82421875 0.26875 0.04375 0.05234375
0 0.7265625 0.4734375 0.04375 0.040625
0 0.7328125 0.571875 0.05 0.034375
0 0.8578125 0.45078125 0.04765625 0.034375
0 0.57421875 0.40625 0.04296875 0.0390625
0 0.80625 0.40703125 0.0421875 0.0390625