0 0.5265625 0.525 0.03203125 0.02421875
0 0.5265625 0.55 0.03203125 0.02421875
0 0.56953125 0.6203125 0.03046875 0.04609375
0 0.36796875 0.76640625 0.03671875 0.0328125
0 0.34609375 0.753125 0.03359375 0.05
0 0.3296875 0.6625 0.034375 0.034375
0 0.21015625 0.55859375 0.02578125 0.03515625
0 0.53125 0.6796875 0.0359375 0.03359375
0 0.53828125 0.71796875 0.0296875 0.03984375
0 0.51484375 0.75703125 0.0328125 0.0328125
0 0.80390625 0.56796875 0.04453125 0.0703125
0 0.19921875 0.17421875 0.040625 0.034375
0 0.19921875 0.13984375 0.040625 0.034375
0 0.26640625 0.22109375 0.02578125 0.03515625