0 0.1265625 0.48671875 0.03046875 0.08671875
0 0.184375 0.4859375 0.03046875 0.08515625
0 0.1328125 0.07578125 0.03203125 0.0546875
0 0.17578125 0.378125 0.03828125 0.06796875
0 0.2125 0.26796875 0.03046875 0.0796875
0 0.45859375 0.33125 0.028125 0.075
0 0.39921875 0.35390625 0.0359375 0.0640625
0 0.34609375 0.41953125 0.0234375 0.0625
0 0.734375 0.671875 0.034375 0.0875
0 0.7296875 0.2703125 0.03203125 0.07890625
0 0.79765625 0.32421875 0.01796875 0.04921875
0 0.8234375 0.3234375 0.01796875 0.0484375
0 0.859375 0.27265625 0.0296875 0.0734375
0 0.89375 0.284375 0.01875 0.05078125
0 0.9125 0.284375 0.01875 0.05078125
0 0.7140625 0.415625 0.02109375 0.03203125
0 0.72109375 0.36796875 0.0359375 0.0625
0 0.68359375 0.26484375 0.03125 0.0796875
0 0.89453125 0.40234375 0.03203125 0.05859375
0 0.79296875 0.41015625 0.02890625 0.071875
0 0.85703125 0.41328125 0.0265625 0.065625
0 0.73359375 0.4953125 0.0328125 0.0796875
0 0.74375 0.5828125 0.03203125 0.06015625
0 0.76875 0.17421875 0.0359375 0.0671875
0 0.61640625 0.0875 0.015625 0.03984375
0 0.64375 0.0875 0.01640625 0.040625
0 0.76953125 0.23359375 0.0171875 0.04375
0 0.93828125 0.378125 0.01875 0.0484375
0 0.9671875 0.37734375 0.01875 0.04765625