0 0.2046875 0.86484375 0.04375 0.0609375
0 0.1609375 0.86484375 0.04453125 0.0609375
0 0.33203125 0.86484375 0.04296875 0.06015625
0 0.28828125 0.86484375 0.04375 0.06015625
0 0.21640625 0.5765625 0.03046875 0.0484375
0 0.1109375 0.5796875 0.03671875 0.0546875
0 0.14765625 0.5796875 0.03671875 0.0546875
0 0.10078125 0.721875 0.046875 0.0484375
0 0.69140625 0.2890625 0.028125 0.04375
0 0.7015625 0.8015625 0.03125 0.04765625
0 0.62109375 0.090625 0.04921875 0.0375
0 0.77421875 0.7140625 0.03046875 0.03671875
0 0.7453125 0.60078125 0.03828125 0.034375
0 0.74453125 0.4203125 0.03671875 0.0328125
0 0.7796875 0.67578125 0.034375 0.03046875
0 0.7796875 0.43046875 0.02578125 0.0328125
0 0.84765625 0.43046875 0.0265625 0.0328125
0 0.65859375 0.75546875 0.0359375 0.03203125
0 0.7359375 0.1078125 0.03828125 0.034375
0 0.82890625 0.1140625 0.02890625 0.03515625