0 0.196875 0.86953125 0.04296875 0.06015625
0 0.15390625 0.86953125 0.04375 0.06015625
0 0.321875 0.86953125 0.04296875 0.059375
0 0.27890625 0.86953125 0.04296875 0.059375
0 0.20859375 0.58671875 0.03046875 0.04765625
0 0.1046875 0.58984375 0.03671875 0.05390625
0 0.14140625 0.58984375 0.03671875 0.05390625
0 0.09453125 0.72890625 0.04609375 0.04765625
0 0.67578125 0.303125 0.02734375 0.04296875
0 0.6859375 0.8078125 0.03046875 0.046875
0 0.60703125 0.1078125 0.0484375 0.03671875
0 0.7578125 0.72109375 0.0296875 0.03671875
0 0.72890625 0.61015625 0.0375 0.03359375
0 0.728125 0.43203125 0.0359375 0.0328125
0 0.7625 0.68359375 0.03359375 0.03046875
0 0.7625 0.4421875 0.02578125 0.0328125
0 0.8296875 0.4421875 0.02578125 0.03203125
0 0.64375 0.7625 0.03515625 0.03125
0 0.71953125 0.125 0.0375 0.034375
0 0.8109375 0.13125 0.028125 0.03515625