0 0.778125 0.265625 0.04765625 0.07265625
0 0.6640625 0.87421875 0.05390625 0.0625
0 0.725 0.63203125 0.05390625 0.04921875
0 0.725 0.69609375 0.05390625 0.04921875
0 0.90703125 0.70078125 0.0484375 0.0578125
0 0.853125 0.63125 0.0546875 0.05
0 0.66484375 0.76640625 0.0546875 0.06484375
0 0.64609375 0.6984375 0.0484375 0.04375
0 0.6828125 0.9171875 0.059375 0.0515625
0 0.27109375 0.2625 0.04765625 0.071875
0 0.2546875 0.52734375 0.05546875 0.04921875
0 0.2109375 0.61484375 0.05 0.04375
0 0.25390625 0.6765625 0.0546875 0.0484375
0 0.19921875 0.45 0.05 0.06015625
0 0.3671875 0.53125 0.04765625 0.0421875