0 0.2234375 0.25390625 0.04765625 0.0734375
0 0.33828125 0.865625 0.05390625 0.06328125
0 0.27734375 0.621875 0.05390625 0.04921875
0 0.27734375 0.6859375 0.05390625 0.05
0 0.09375 0.690625 0.0484375 0.0578125
0 0.1484375 0.62109375 0.05546875 0.05
0 0.33828125 0.7578125 0.05546875 0.065625
0 0.35625 0.68828125 0.0484375 0.04375
0 0.31953125 0.909375 0.06015625 0.05234375
0 0.73359375 0.25078125 0.04765625 0.071875
0 0.75 0.51640625 0.05546875 0.04921875
0 0.79453125 0.6046875 0.05 0.04453125
0 0.75078125 0.6671875 0.0546875 0.0484375
0 0.80546875 0.43828125 0.05 0.0609375
0 0.63671875 0.5203125 0.04765625 0.0421875