0 0.87890625 0.85546875 0.09375 0.08828125
0 0.62578125 0.165625 0.08828125 0.0859375
0 0.5421875 0.36640625 0.109375 0.07578125
0 0.53359375 0.6109375 0.09140625 0.06171875
0 0.5328125 0.73828125 0.090625 0.0609375
0 0.87890625 0.75390625 0.09375 0.08203125
0 0.66171875 0.7625 0.078125 0.06875
0 0.21171875 0.496875 0.0703125 0.0625
0 0.14140625 0.496875 0.0703125 0.0625
0 0.4234375 0.37578125 0.0984375 0.08359375
0 0.3140625 0.37578125 0.0984375 0.08359375
0 0.84140625 0.7125 0.0609375 0.05390625
0 0.7671875 0.7140625 0.0640625 0.05625
0 0.45 0.71953125 0.0484375 0.04375
0 0.38984375 0.71953125 0.0484375 0.04375