0 0.1875 0.7984375 0.06328125 0.0375
0 0.7 0.959375 0.04765625 0.04609375
0 0.8 0.725 0.04921875 0.034375
0 0.76171875 0.67890625 0.04375 0.0296875
0 0.8 0.6171875 0.04921875 0.034375
0 0.68828125 0.8765625 0.05078125 0.0546875
0 0.89375 0.71640625 0.0375 0.0375
0 0.3953125 0.58203125 0.04765625 0.03359375
0 0.43671875 0.7984375 0.05 0.034375
0 0.2703125 0.59609375 0.0359375 0.03671875
0 0.26953125 0.65625 0.034375 0.03359375
0 0.309375 0.6984375 0.05546875 0.0453125
0 0.30078125 0.7609375 0.0359375 0.0359375
0 0.0484375 0.81171875 0.0546875 0.0390625
0 0.97578125 0.16796875 0.0484375 0.0390625
0 0.78984375 0.1421875 0.05234375 0.0453125
0 0.8140625 0.228125 0.0453125 0.03203125
0 0.8546875 0.16953125 0.0484375 0.03515625
0 0.38984375 0.1515625 0.05390625 0.03984375
0 0.69453125 0.13828125 0.03828125 0.03828125