0 0.60546875 0.771875 0.06796875 0.08359375
0 0.603125 0.39921875 0.0609375 0.08046875
0 0.603125 0.33984375 0.0609375 0.08125
0 0.4703125 0.97109375 0.059375 0.0578125
0 0.25625 0.4015625 0.05234375 0.06015625
0 0.1734375 0.30859375 0.05625 0.04453125
0 0.478125 0.4890625 0.0578125 0.06484375
0 0.2484375 0.4890625 0.05859375 0.065625
0 0.84453125 0.428125 0.06484375 0.0703125
0 0.6828125 0.609375 0.06796875 0.05625
0 0.63125 0.48984375 0.053125 0.04296875
0 0.58828125 0.6796875 0.05625 0.04765625
0 0.23359375 0.4046875 0.0515625 0.04296875
0 0.609375 0.6796875 0.06484375 0.06953125