0 0.19296875 0.88203125 0.03125 0.08203125
0 0.31875 0.684375 0.03203125 0.05390625
0 0.31875 0.6171875 0.03125 0.0515625
0 0.26015625 0.325 0.028125 0.078125
0 0.265625 0.55859375 0.028125 0.0609375
0 0.21171875 0.4484375 0.02734375 0.06640625
0 0.24609375 0.4375 0.03125 0.0515625
0 0.19296875 0.746875 0.03125 0.06796875
0 0.2609375 0.6890625 0.028125 0.0625
0 0.41953125 0.07265625 0.03515625 0.0515625
0 0.98046875 0.60078125 0.0390625 0.053125
0 0.7109375 0.6390625 0.03125 0.05234375
0 0.8375 0.6171875 0.03125 0.05234375
0 0.80546875 0.62578125 0.02421875 0.0546875