0 0.19140625 0.29609375 0.046875 0.05
0 0.190625 0.58125 0.046875 0.05078125
0 0.57734375 0.8828125 0.04296875 0.06953125
0 0.540625 0.1640625 0.04609375 0.05234375
0 0.59921875 0.915625 0.03359375 0.03828125
0 0.36640625 0.64609375 0.04453125 0.05078125
0 0.47421875 0.703125 0.0390625 0.059375
0 0.40078125 0.55 0.03671875 0.0421875
0 0.40078125 0.509375 0.03671875 0.0421875
0 0.671875 0.32109375 0.03359375 0.053125
0 0.6453125 0.73046875 0.03828125 0.05859375
0 0.65859375 0.49375 0.02890625 0.0453125
0 0.66484375 0.75 0.034375 0.03828125
0 0.8140625 0.38046875 0.02890625 0.03359375
0 0.8140625 0.41875 0.028125 0.0328125
0 0.8140625 0.45625 0.028125 0.0328125
0 0.8140625 0.4953125 0.028125 0.0328125
0 0.8140625 0.5921875 0.02890625 0.0328125
0 0.8140625 0.63046875 0.02890625 0.03359375