0 0.1859375 0.29453125 0.0484375 0.05078125
0 0.18515625 0.5875 0.0484375 0.05234375
0 0.58203125 0.896875 0.04453125 0.07109375
0 0.54453125 0.159375 0.04765625 0.05390625
0 0.60390625 0.93046875 0.034375 0.03984375
0 0.36484375 0.65390625 0.0453125 0.05234375
0 0.47578125 0.7125 0.040625 0.0609375
0 0.40078125 0.5546875 0.0375 0.04296875
0 0.40078125 0.51328125 0.0375 0.04296875
0 0.678125 0.3203125 0.034375 0.0546875
0 0.6515625 0.73984375 0.0390625 0.059375
0 0.665625 0.49765625 0.0296875 0.04609375
0 0.671875 0.76015625 0.03515625 0.0390625
0 0.825 0.38125 0.0296875 0.034375
0 0.825 0.4203125 0.02890625 0.03359375
0 0.825 0.459375 0.02890625 0.03359375
0 0.825 0.4984375 0.02890625 0.03359375
0 0.825 0.59765625 0.0296875 0.03359375
0 0.825 0.63828125 0.0296875 0.034375