0 0.01171875 0.66796875 0.0234375 0.090625
0 0.01171875 0.57734375 0.0234375 0.090625
0 0.06328125 0.42734375 0.02734375 0.090625
0 0.23203125 0.4328125 0.02265625 0.0796875
0 0.22421875 0.5671875 0.03203125 0.06484375
0 0.22734375 0.321875 0.0359375 0.07265625
0 0.55546875 0.78671875 0.028125 0.090625
0 0.56640625 0.4234375 0.028125 0.08828125
0 0.4 0.4296875 0.0234375 0.07578125
0 0.49140625 0.3328125 0.034375 0.075
0 0.471875 0.6078125 0.0328125 0.075
0 0.47734375 0.71328125 0.01953125 0.04453125
0 0.54296875 0.7125 0.01953125 0.040625
0 0.51953125 0.58359375 0.01875 0.05859375
0 0.56796875 0.696875 0.0328125 0.075
0 0.390625 0.428125 0.01796875 0.03984375
0 0.428125 0.38125 0.01484375 0.04921875
0 0.39140625 0.7140625 0.01953125 0.04296875
0 0.390625 0.66171875 0.01875 0.03984375
0 0.55625 0.61015625 0.03046875 0.08828125
0 0.8890625 0.4234375 0.02890625 0.0890625
0 0.775 0.7015625 0.021875 0.04765625
0 0.77578125 0.603125 0.0234375 0.053125
0 0.8515625 0.5859375 0.02890625 0.0609375
0 0.91328125 0.425 0.02421875 0.0484375
0 0.9125 0.34296875 0.0265625 0.05390625
0 0.77890625 0.3546875 0.02890625 0.065625
0 0.7859375 0.37734375 0.01875 0.05859375