0 0.9734375 0.43515625 0.02890625 0.096875
0 0.79375 0.44140625 0.02421875 0.08515625
0 0.8015625 0.584375 0.034375 0.06875
0 0.7984375 0.32265625 0.03828125 0.078125
0 0.4484375 0.81875 0.0296875 0.096875
0 0.43671875 0.43046875 0.03046875 0.09375
0 0.6140625 0.4375 0.025 0.08125
0 0.5171875 0.334375 0.03671875 0.0796875
0 0.5375 0.628125 0.03515625 0.0796875
0 0.53203125 0.740625 0.02109375 0.04765625
0 0.4625 0.7390625 0.02109375 0.04375
0 0.48671875 0.60234375 0.0203125 0.0625
0 0.43515625 0.7234375 0.03515625 0.0796875
0 0.62421875 0.4359375 0.01953125 0.0421875
0 0.584375 0.3859375 0.01640625 0.05234375
0 0.6234375 0.74140625 0.02109375 0.0453125
0 0.62421875 0.68515625 0.01953125 0.0421875
0 0.44765625 0.6296875 0.0328125 0.09375
0 0.09296875 0.43125 0.03046875 0.0953125
0 0.21484375 0.72734375 0.02265625 0.05078125
0 0.21328125 0.62265625 0.025 0.05703125
0 0.1328125 0.60390625 0.03046875 0.06484375
0 0.0671875 0.4328125 0.02578125 0.0515625
0 0.06796875 0.34453125 0.028125 0.0578125
0 0.2109375 0.3578125 0.03125 0.06953125
0 0.203125 0.38125 0.0203125 0.0625