0 0.771875 0.23515625 0.05234375 0.075
0 0.834375 0.88359375 0.05859375 0.08203125
0 0.84453125 0.75078125 0.05625 0.05
0 0.84453125 0.66171875 0.05625 0.05
0 0.85078125 0.4703125 0.05625 0.0515625
0 0.84375 0.53046875 0.0453125 0.03984375
0 0.8859375 0.921875 0.07421875 0.0625
0 0.34453125 0.2375 0.05 0.07265625
0 0.4109375 0.7125 0.05 0.06171875
0 0.34296875 0.6609375 0.0515625 0.0640625
0 0.28046875 0.65859375 0.04765625 0.06015625
0 0.2921875 0.7859375 0.04765625 0.0421875
0 0.32734375 0.48515625 0.04765625 0.05859375
0 0.25703125 0.51328125 0.06953125 0.0734375
0 0.271875 0.57890625 0.046875 0.04140625