0 0.834375 0.8015625 0.05390625 0.0921875
0 0.88828125 0.8015625 0.05390625 0.0921875
0 0.78203125 0.7890625 0.03671875 0.0671875
0 0.54609375 0.24609375 0.065625 0.08359375
0 0.58828125 0.265625 0.065625 0.0828125
0 0.3875 0.834375 0.0421875 0.08203125
0 0.89296875 0.41328125 0.04765625 0.07265625
0 0.7671875 0.61015625 0.04453125 0.053125
0 0.7296875 0.61015625 0.04453125 0.053125
0 0.30546875 0.41015625 0.0359375 0.06015625
0 0.24140625 0.3578125 0.03671875 0.059375
0 0.2625 0.5734375 0.04609375 0.05703125
0 0.26328125 0.6453125 0.0453125 0.05546875
0 0.33203125 0.6546875 0.0359375 0.0578125
0 0.38828125 0.71015625 0.0421875 0.0671875
0 0.62578125 0.5984375 0.03359375 0.05546875
0 0.625 0.4046875 0.03359375 0.0546875
0 0.6328125 0.53828125 0.03671875 0.04453125
0 0.565625 0.609375 0.0421875 0.05234375