0 0.88046875 0.815625 0.05703125 0.09609375
0 0.9375 0.815625 0.05703125 0.09609375
0 0.82578125 0.80234375 0.03828125 0.0703125
0 0.578125 0.2328125 0.06953125 0.08828125
0 0.621875 0.25390625 0.06953125 0.0875
0 0.4109375 0.85 0.04375 0.0859375
0 0.9421875 0.40859375 0.05 0.0765625
0 0.81015625 0.615625 0.046875 0.05625
0 0.77109375 0.615625 0.046875 0.05625
0 0.325 0.4046875 0.03828125 0.06328125
0 0.2578125 0.35 0.03828125 0.0625
0 0.28046875 0.5765625 0.0484375 0.059375
0 0.28046875 0.6515625 0.04765625 0.0578125
0 0.353125 0.66171875 0.03828125 0.06015625
0 0.41171875 0.7203125 0.04453125 0.0703125
0 0.66171875 0.603125 0.03515625 0.0578125
0 0.6609375 0.39921875 0.03515625 0.0578125
0 0.66875 0.53984375 0.03828125 0.046875
0 0.5984375 0.6140625 0.04375 0.05546875