0 0.51015625 0.69765625 0.04453125 0.04921875
0 0.31640625 0.6984375 0.0453125 0.04921875
0 0.00234375 0.4421875 0.00390625 0.04375
0 0.04375 0.428125 0.04453125 0.05625
0 0.38671875 0.1453125 0.05234375 0.04296875
0 0.38671875 0.10234375 0.05234375 0.04375
0 0.4546875 0.246875 0.04609375 0.04921875
0 0.93125 0.02578125 0.03984375 0.03203125
0 0.7609375 0.184375 0.04453125 0.04921875
0 0.9171875 0.228125 0.04765625 0.0515625
0 0.74375 0.24453125 0.053125 0.0421875
0 0.7765625 0.41875 0.053125 0.04375
0 0.6890625 0.18515625 0.04375 0.0484375