0 0.259375 0.22265625 0.05234375 0.090625
0 0.52890625 0.859375 0.04296875 0.12265625
0 0.83046875 0.68203125 0.0421875 0.08125
0 0.99140625 0.6796875 0.0171875 0.0859375
0 0.9140625 0.51015625 0.040625 0.0703125
0 0.92421875 0.659375 0.03828125 0.09609375
0 0.8296875 0.31015625 0.040625 0.078125
0 0.48125 0.5421875 0.0421875 0.08046875
0 0.51796875 0.43828125 0.04296875 0.08125
0 0.51015625 0.29140625 0.05625 0.121875
0 0.40703125 0.3234375 0.03359375 0.08125
0 0.53046875 0.64609375 0.04296875 0.10078125