0 0.246875 0.234375 0.05078125 0.0875
0 0.5078125 0.85078125 0.04140625 0.11875
0 0.79921875 0.67890625 0.04140625 0.07890625
0 0.97265625 0.67734375 0.05234375 0.0828125
0 0.88046875 0.51328125 0.03984375 0.06796875
0 0.88984375 0.65703125 0.03671875 0.09296875
0 0.7984375 0.31953125 0.0390625 0.07578125
0 0.4609375 0.54375 0.04140625 0.078125
0 0.496875 0.44375 0.04140625 0.07890625
0 0.4890625 0.3015625 0.05390625 0.11796875
0 0.3890625 0.33203125 0.03203125 0.07890625
0 0.50859375 0.64453125 0.04140625 0.09765625