0 0.653125 0.0671875 0.0265625 0.07265625
0 0.38046875 0.065625 0.02734375 0.07421875
0 0.6421875 0.8359375 0.0265625 0.071875
0 0.3953125 0.83671875 0.028125 0.07421875
0 0.2609375 0.43046875 0.02734375 0.06875
0 0.77421875 0.42890625 0.0265625 0.065625
0 0.6734375 0.64296875 0.0296875 0.0515625
0 0.60859375 0.67734375 0.028125 0.0484375
0 0.634375 0.57421875 0.02890625 0.05
0 0.634375 0.4859375 0.02890625 0.04921875
0 0.60859375 0.13203125 0.02890625 0.04921875
0 0.584375 0.4765625 0.02421875 0.05234375
0 0.58125 0.38203125 0.0296875 0.0515625
0 0.42734375 0.67734375 0.02890625 0.04921875
0 0.40234375 0.578125 0.028125 0.04765625
0 0.40234375 0.484375 0.028125 0.0484375
0 0.42734375 0.13046875 0.0296875 0.05
0 0.4546875 0.38203125 0.0296875 0.05078125
0 0.4453125 0.47734375 0.025 0.0546875
0 0.3640625 0.64453125 0.0296875 0.04921875