0 0.3578125 0.07109375 0.028125 0.07578125
0 0.64296875 0.0703125 0.02890625 0.078125
0 0.36953125 0.8734375 0.02734375 0.075
0 0.6265625 0.87421875 0.02890625 0.07734375
0 0.7671875 0.45 0.02890625 0.07109375
0 0.23125 0.44921875 0.02734375 0.06875
0 0.33671875 0.671875 0.03046875 0.05390625
0 0.4046875 0.7078125 0.0296875 0.05
0 0.378125 0.60078125 0.0296875 0.05234375
0 0.378125 0.5078125 0.0296875 0.0515625
0 0.4046875 0.1390625 0.03046875 0.0515625
0 0.4296875 0.4984375 0.02578125 0.0546875
0 0.4328125 0.4 0.03125 0.05390625
0 0.59375 0.7078125 0.0296875 0.0515625
0 0.6203125 0.6046875 0.02890625 0.05
0 0.6203125 0.50703125 0.02890625 0.05
0 0.59375 0.1375 0.03046875 0.05234375
0 0.56484375 0.39921875 0.03046875 0.053125
0 0.575 0.5 0.02578125 0.05703125
0 0.66015625 0.6734375 0.03125 0.0515625