0 0.2 0.90859375 0.0390625 0.04609375
0 0.6984375 0.83671875 0.0390625 0.0453125
0 0.03515625 0.7203125 0.04921875 0.03046875
0 0.3921875 0.8125 0.04296875 0.025
0 0.5015625 0.78046875 0.04609375 0.0421875
0 0.7625 0.6203125 0.040625 0.02890625
0 0.7296875 0.70703125 0.03671875 0.025
0 0.76328125 0.78515625 0.04296875 0.03046875
0 0.85078125 0.63125 0.02578125 0.0265625
0 0.69765625 0.74609375 0.0390625 0.0375
0 0.2171875 0.84765625 0.0359375 0.034375
0 0.3515625 0.821875 0.02578125 0.0265625
0 0.31953125 0.8734375 0.03203125 0.021875
0 0.02734375 0.25703125 0.04609375 0.03125
0 0.02734375 0.29921875 0.046875 0.03125
0 0.18515625 0.2984375 0.04140625 0.03046875
0 0.16171875 0.253125 0.04140625 0.03046875
0 0.27890625 0.32265625 0.040625 0.0296875
0 0.22109375 0.3296875 0.0265625 0.0265625
0 0.3796875 0.24140625 0.04765625 0.03125
0 0.76015625 0.15859375 0.04375 0.03125
0 0.76328125 0.1140625 0.025 0.0265625