0 0.03125 0.4234375 0.05625 0.053125
0 0.3546875 0.90703125 0.04765625 0.06328125
0 0.2578125 0.70234375 0.04921875 0.04609375
0 0.25625 0.5734375 0.05234375 0.0484375
0 0.24375 0.5 0.04375 0.05859375
0 0.378125 0.2375 0.05390625 0.05
0 0.21875 0.18671875 0.0421875 0.0578125
0 0.2328125 0.103125 0.05 0.04609375
0 0.40078125 0.31953125 0.04765625 0.06328125
0 0.31875 0.32265625 0.04296875 0.05703125
0 0.43515625 0.73515625 0.04296875 0.0578125
0 0.80546875 0.65390625 0.05 0.046875
0 0.73828125 0.534375 0.02578125 0.01875
0 0.75078125 0.56796875 0.05078125 0.04765625