0 0.2984375 0.159375 0.04296875 0.07578125
0 0.66015625 0.1609375 0.04140625 0.0734375
0 0.47890625 0.83125 0.04453125 0.08046875
0 0.92421875 0.65859375 0.0578125 0.05625
0 0.309375 0.4203125 0.03203125 0.04765625
0 0.278125 0.4203125 0.03125 0.04765625
0 0.3234375 0.5734375 0.040625 0.0625
0 0.19375 0.5734375 0.040625 0.0625
0 0.4796875 0.725 0.04609375 0.06640625
0 0.74765625 0.6578125 0.046875 0.05546875
0 0.7703125 0.5203125 0.03125 0.04609375
0 0.82109375 0.60703125 0.040625 0.059375
0 0.6421875 0.29921875 0.0359375 0.04140625
0 0.6421875 0.340625 0.0359375 0.04140625
0 0.865625 0.45390625 0.040625 0.05859375
0 0.18515625 0.4796875 0.04453125 0.05390625