0 0.3328125 0.8171875 0.040625 0.0640625
0 0.2953125 0.6984375 0.04765625 0.04609375
0 0.2953125 0.60625 0.04765625 0.0453125
0 0.1640625 0.37109375 0.040625 0.05703125
0 0.3421875 0.6625 0.0375 0.06015625
0 0.3953125 0.71953125 0.028125 0.03828125
0 0.3328125 0.73125 0.03984375 0.0515625
0 0.37109375 0.74296875 0.01875 0.02734375
0 0.14296875 0.709375 0.05234375 0.06015625
0 0.3671875 0.36953125 0.0375 0.053125
0 0.16640625 0.23671875 0.0375 0.05
0 0.15234375 0.27890625 0.04453125 0.04609375
0 0.421875 0.58046875 0.03671875 0.04609375
0 0.77109375 0.5875 0.0359375 0.0578125
0 0.75 0.69765625 0.05546875 0.0640625