0 0.49375 0.178125 0.08203125 0.0640625
0 0.4796875 0.88046875 0.0921875 0.0703125
0 0.67421875 0.878125 0.08203125 0.0640625
0 0.8453125 0.740625 0.0796875 0.05390625
0 0.3609375 0.35234375 0.0953125 0.04609375
0 0.3625 0.52890625 0.09296875 0.04453125
0 0.44375 0.61484375 0.0921875 0.0453125
0 0.3625 0.67734375 0.09296875 0.0453125
0 0.13984375 0.66875 0.08125 0.05078125
0 0.59140625 0.709375 0.09296875 0.0453125
0 0.75234375 0.70390625 0.0953125 0.04609375
0 0.43203125 0.91796875 0.0984375 0.0453125