0 0.57265625 0.91171875 0.053125 0.10703125
0 0.07421875 0.2328125 0.046875 0.1
0 0.07421875 0.30234375 0.046875 0.10078125
0 0.72890625 0.64296875 0.0515625 0.0671875
0 0.5734375 0.75 0.05390625 0.0890625
0 0.68046875 0.684375 0.03515625 0.0609375
0 0.66875 0.30078125 0.04609375 0.07734375
0 0.58828125 0.36484375 0.0421875 0.07265625
0 0.6515625 0.16875 0.046875 0.06015625
0 0.72421875 0.38046875 0.05234375 0.0671875
0 0.1875 0.58828125 0.046875 0.08046875
0 0.06796875 0.5890625 0.046875 0.08125
0 0.19296875 0.684375 0.0390625 0.0671875