0 0.853125 0.3875 0.0296875 0.07421875
0 0.7859375 0.49921875 0.025 0.04296875
0 0.85859375 0.32890625 0.03359375 0.0609375
0 0.959375 0.2046875 0.028125 0.07109375
0 0.7765625 0.32109375 0.02890625 0.0734375
0 0.6765625 0.465625 0.03671875 0.0609375
0 0.7625 0.440625 0.01875 0.03203125
0 0.91484375 0.2 0.03203125 0.05390625
0 0.4484375 0.8734375 0.034375 0.09375
0 0.375 0.69453125 0.02265625 0.06171875
0 0.4484375 0.7546875 0.03359375 0.08515625
0 0.35078125 0.603125 0.0265625 0.07109375
0 0.4171875 0.446875 0.0328125 0.059375
0 0.4609375 0.5140625 0.03671875 0.065625
0 0.4609375 0.36484375 0.03828125 0.06796875
0 0.51875 0.14140625 0.02734375 0.0484375
0 0.1515625 0.178125 0.025 0.06484375
0 0.103125 0.3765625 0.02265625 0.06015625
0 0.14453125 0.515625 0.02890625 0.05
0 0.12109375 0.515625 0.02890625 0.05
0 0.146875 0.4453125 0.0328125 0.059375
0 0.0671875 0.359375 0.040625 0.08671875