0 0.89296875 0.3625 0.0296875 0.075
0 0.825 0.475 0.025 0.04296875
0 0.8984375 0.303125 0.03359375 0.06171875
0 0.99296875 0.17734375 0.0140625 0.071875
0 0.815625 0.2953125 0.0296875 0.07421875
0 0.7140625 0.44140625 0.03671875 0.06171875
0 0.80078125 0.415625 0.01875 0.03203125
0 0.95546875 0.17265625 0.0328125 0.0546875
0 0.4828125 0.85390625 0.034375 0.09453125
0 0.409375 0.67265625 0.0234375 0.0625
0 0.48359375 0.73359375 0.034375 0.08671875
0 0.384375 0.58046875 0.02734375 0.071875
0 0.4515625 0.421875 0.03359375 0.06015625
0 0.49609375 0.48984375 0.0375 0.06640625
0 0.4953125 0.3390625 0.03828125 0.06875
0 0.55390625 0.11328125 0.02734375 0.04921875
0 0.1828125 0.15 0.025 0.065625
0 0.13359375 0.35078125 0.02265625 0.0609375
0 0.17578125 0.4921875 0.02890625 0.05078125
0 0.1515625 0.4921875 0.02890625 0.05078125
0 0.17734375 0.4203125 0.03359375 0.06015625
0 0.096875 0.33359375 0.04140625 0.08828125