0 0.53046875 0.86875 0.03828125 0.0375
0 0.2046875 0.809375 0.03359375 0.0390625
0 0.47734375 0.59375 0.03828125 0.025
0 0.73515625 0.6921875 0.02890625 0.0171875
0 0.609375 0.8078125 0.03515625 0.040625
0 0.32421875 0.5875 0.0515625 0.0390625
0 0.7 0.51875 0.03203125 0.03359375
0 0.66796875 0.51875 0.03203125 0.03359375
0 0.43046875 0.228125 0.04921875 0.02734375
0 0.43046875 0.25546875 0.04921875 0.02734375
0 0.73515625 0.3 0.0328125 0.034375
0 0.66328125 0.196875 0.04921875 0.028125
0 0.66640625 0.40234375 0.0546875 0.03203125
0 0.378125 0.33984375 0.04765625 0.0265625
0 0.37890625 0.4015625 0.04921875 0.028125
0 0.38984375 0.3125 0.02734375 0.02421875
0 0.4171875 0.3125 0.02734375 0.02421875