0 0.29765625 0.7703125 0.025 0.05546875
0 0.321875 0.7703125 0.025 0.05546875
0 0.2359375 0.44296875 0.034375 0.046875
0 0.2625 0.21484375 0.034375 0.046875
0 0.1671875 0.365625 0.0265625 0.0359375
0 0.1671875 0.33046875 0.0265625 0.03515625
0 0.1671875 0.21484375 0.034375 0.04765625
0 0.2078125 0.20234375 0.0265625 0.04765625
0 0.60234375 0.609375 0.04375 0.0453125
0 0.6 0.20625 0.0484375 0.053125
0 0.7515625 0.76953125 0.0328125 0.071875
0 0.84609375 0.76640625 0.02890625 0.0671875
0 0.84921875 0.2328125 0.02265625 0.04453125
0 0.79140625 0.2734375 0.0296875 0.05625
0 0.8546875 0.16328125 0.02890625 0.0515625
0 0.72578125 0.515625 0.0296875 0.03671875
0 0.784375 0.53203125 0.0359375 0.046875
0 0.78359375 0.61328125 0.03828125 0.05
0 0.88515625 0.5234375 0.0296875 0.05625
0 0.5671875 0.1390625 0.0328125 0.05859375