0 0.7578125 0.409375 0.0375 0.05703125
0 0.88515625 0.44453125 0.03359375 0.0625
0 0.87578125 0.38046875 0.02265625 0.05703125
0 0.9390625 0.13515625 0.03046875 0.0578125
0 0.88515625 0.11484375 0.0296875 0.0578125
0 0.7921875 0.46796875 0.0203125 0.04921875
0 0.83359375 0.46484375 0.02421875 0.059375
0 0.94609375 0.82109375 0.0421875 0.11640625
0 0.98359375 0.82109375 0.0328125 0.11640625
0 0.44296875 0.971875 0.0296875 0.05546875
0 0.5375 0.578125 0.0296875 0.053125
0 0.48046875 0.8046875 0.02734375 0.07265625
0 0.51796875 0.59375 0.01953125 0.05546875
0 0.4421875 0.8671875 0.0296875 0.0765625
0 0.10546875 0.81484375 0.0234375 0.06640625
0 0.134375 0.48828125 0.02578125 0.06953125
0 0.10859375 0.48828125 0.02578125 0.06953125
0 0.2265625 0.525 0.02734375 0.0484375
0 0.1828125 0.5296875 0.021875 0.0546875