0 0.63046875 0.40546875 0.06328125 0.06171875
0 0.55546875 0.59140625 0.08359375 0.04296875
0 0.61640625 0.59140625 0.08359375 0.04296875
0 0.15859375 0.78046875 0.059375 0.05546875
0 0.396875 0.6375 0.04921875 0.0390625
0 0.3859375 0.6765625 0.05625 0.03125
0 0.50625 0.29765625 0.05234375 0.04140625
0 0.6296875 0.33828125 0.06328125 0.05
0 0.2875 0.24140625 0.0609375 0.0375
0 0.24453125 0.14453125 0.04453125 0.03671875
0 0.52265625 0.196875 0.05859375 0.046875
0 0.35078125 0.196875 0.05859375 0.046875
0 0.2890625 0.5859375 0.05703125 0.03515625
0 0.46328125 0.54375 0.05546875 0.04453125
0 0.8390625 0.93125 0.07578125 0.0671875
0 0.76328125 0.93125 0.0765625 0.0671875
0 0.66953125 0.615625 0.07578125 0.03984375
0 0.62109375 0.77890625 0.04296875 0.03515625
0 0.6640625 0.77890625 0.04296875 0.03515625