0 0.56171875 0.2765625 0.03828125 0.03671875
0 0.48359375 0.41171875 0.0265625 0.05
0 0.48359375 0.3765625 0.0265625 0.04921875
0 0.378125 0.75703125 0.02734375 0.05078125
0 0.53828125 0.79609375 0.0296875 0.05390625
0 0.675 0.58515625 0.03125 0.0359375
0 0.62265625 0.57109375 0.0265625 0.0390625
0 0.59140625 0.66015625 0.0296875 0.03515625
0 0.47890625 0.678125 0.0265625 0.0390625
0 0.53828125 0.6765625 0.02890625 0.04375
0 0.30625 0.61015625 0.02890625 0.034375
0 0.309375 0.68046875 0.02265625 0.02578125
0 0.621875 0.24375 0.02421875 0.0375
0 0.6171875 0.3171875 0.0265625 0.04140625
0 0.6828125 0.1625 0.03046875 0.04140625
0 0.65078125 0.20390625 0.0296875 0.03515625
0 0.6109375 0.18515625 0.021875 0.03359375