0 0.69140625 0.67265625 0.01796875 0.0671875
0 0.66796875 0.12734375 0.0203125 0.07109375
0 0.825 0.4984375 0.028125 0.04765625
0 0.91328125 0.51015625 0.021875 0.07734375
0 0.825 0.57578125 0.028125 0.04765625
0 0.78828125 0.48671875 0.0171875 0.05625
0 0.74375 0.35546875 0.01953125 0.04140625
0 0.7265625 0.49765625 0.0203125 0.04296875
0 0.7125 0.5375 0.01484375 0.04453125
0 0.6453125 0.384375 0.02109375 0.04453125
0 0.62734375 0.3140625 0.02109375 0.04453125
0 0.59375 0.41875 0.01796875 0.0515625
0 0.60234375 0.57890625 0.025 0.0625
0 0.7890625 0.3609375 0.0171875 0.05
0 0.16640625 0.13203125 0.0203125 0.06953125
0 0.196875 0.8546875 0.0203125 0.06875
0 0.33984375 0.9078125 0.021875 0.07265625
0 0.1984375 0.71640625 0.01953125 0.05625
0 0.24375 0.5140625 0.0203125 0.04296875
0 0.2265625 0.459375 0.01953125 0.040625
0 0.2421875 0.290625 0.01796875 0.03671875
0 0.2421875 0.253125 0.01796875 0.03671875
0 0.2953125 0.50703125 0.0171875 0.0484375
0 0.3421875 0.64765625 0.01953125 0.0546875