0 0.6875 0.6859375 0.01875 0.06796875
0 0.6640625 0.13828125 0.0203125 0.071875
0 0.821875 0.5109375 0.028125 0.04765625
0 0.9109375 0.52265625 0.021875 0.078125
0 0.821875 0.58828125 0.028125 0.04765625
0 0.78515625 0.4984375 0.0171875 0.05625
0 0.73984375 0.3671875 0.01953125 0.0421875
0 0.72265625 0.51015625 0.0203125 0.04375
0 0.70859375 0.55 0.015625 0.04453125
0 0.64140625 0.39609375 0.02109375 0.0453125
0 0.6234375 0.32578125 0.02109375 0.04453125
0 0.58984375 0.43046875 0.01796875 0.0515625
0 0.5984375 0.59140625 0.02578125 0.0625
0 0.78515625 0.37265625 0.0171875 0.05
0 0.159375 0.14296875 0.0203125 0.06953125
0 0.18984375 0.86875 0.0203125 0.06953125
0 0.334375 0.921875 0.02265625 0.0734375
0 0.1921875 0.73046875 0.01953125 0.05625
0 0.2375 0.5265625 0.0203125 0.04296875
0 0.2203125 0.47109375 0.01953125 0.040625
0 0.2359375 0.3015625 0.01796875 0.0375
0 0.2359375 0.26484375 0.01796875 0.0375
0 0.2890625 0.51875 0.0171875 0.0484375
0 0.33671875 0.6609375 0.01953125 0.0546875