0 0.63984375 0.3640625 0.0390625 0.1078125
0 0.7703125 0.6765625 0.04140625 0.11171875
0 0.8734375 0.753125 0.05859375 0.0859375
0 0.75703125 0.55078125 0.03671875 0.06328125
0 0.759375 0.39375 0.040625 0.0703125
0 0.72265625 0.26484375 0.04296875 0.07578125
0 0.64609375 0.08828125 0.040625 0.06328125
0 0.62578125 0.175 0.0375 0.0828125
0 0.84609375 0.434375 0.04375 0.07421875
0 0.8453125 0.1921875 0.04296875 0.0734375
0 0.125 0.3921875 0.0515625 0.07421875
0 0.19296875 0.27265625 0.04140625 0.07109375
0 0.28046875 0.275 0.040625 0.06875