0 0.3328125 0.83828125 0.04921875 0.10859375
0 0.9734375 0.159375 0.04765625 0.07109375
0 0.828125 0.2171875 0.05859375 0.075
0 0.87265625 0.2171875 0.05859375 0.075
0 0.17890625 0.525 0.0515625 0.0765625
0 0.178125 0.4140625 0.05234375 0.07734375
0 0.2328125 0.321875 0.04609375 0.08984375
0 0.73046875 0.2046875 0.0453125 0.06640625
0 0.76796875 0.36484375 0.03515625 0.07109375
0 0.76015625 0.59375 0.03828125 0.075
0 0.3328125 0.621875 0.04921875 0.09375
0 0.26171875 0.55234375 0.03359375 0.0671875
0 0.3 0.73671875 0.03984375 0.05703125