0 0.6796875 0.8125 0.0484375 0.10625
0 0.053125 0.14765625 0.04609375 0.06953125
0 0.1953125 0.2046875 0.0578125 0.0734375
0 0.15234375 0.2046875 0.0578125 0.0734375
0 0.83125 0.50625 0.05078125 0.075
0 0.83125 0.396875 0.05078125 0.07578125
0 0.778125 0.30625 0.0453125 0.0875
0 0.290625 0.1921875 0.04453125 0.06484375
0 0.2546875 0.3484375 0.034375 0.06953125
0 0.26171875 0.57265625 0.0375 0.0734375
0 0.6796875 0.6 0.04765625 0.0921875
0 0.75 0.53203125 0.0328125 0.065625
0 0.71171875 0.71328125 0.0390625 0.05625