0 0.209375 0.52109375 0.02109375 0.0359375
0 0.11796875 0.51953125 0.02734375 0.04140625
0 0.16875 0.51953125 0.02265625 0.0390625
0 0.25546875 0.66640625 0.02265625 0.0390625
0 0.2921875 0.65390625 0.01953125 0.0453125
0 0.33515625 0.43984375 0.015625 0.03984375
0 0.31640625 0.43046875 0.02109375 0.03515625
0 0.2953125 0.475 0.01796875 0.04140625
0 0.46484375 0.7390625 0.01953125 0.05234375
0 0.59921875 0.7390625 0.01953125 0.05234375
0 0.54609375 0.2890625 0.01796875 0.05
0 0.44375 0.5734375 0.01953125 0.034375
0 0.46171875 0.53046875 0.01953125 0.03515625
0 0.44375 0.47578125 0.0203125 0.03515625
0 0.39296875 0.5671875 0.01484375 0.034375
0 0.4640625 0.67890625 0.01953125 0.04375
0 0.69296875 0.52109375 0.01953125 0.034375
0 0.78828125 0.59453125 0.0171875 0.03046875
0 0.771875 0.5234375 0.0203125 0.0359375
0 0.71953125 0.52890625 0.015625 0.03515625