0 0.10234375 0.084375 0.06328125 0.0828125
0 0.46328125 0.759375 0.07890625 0.13125
0 0.81796875 0.57109375 0.05546875 0.06953125
0 0.83203125 0.2484375 0.046875 0.09921875
0 0.2734375 0.70625 0.04453125 0.0828125
0 0.21796875 0.70625 0.04453125 0.0828125
0 0.39375 0.64296875 0.071875 0.11875
0 0.70703125 0.571875 0.04609375 0.0671875
0 0.63828125 0.05234375 0.05078125 0.075
0 0.0875 0.4359375 0.04609375 0.084375
0 0.175 0.50703125 0.03984375 0.07578125
0 0.08125 0.5734375 0.0484375 0.07109375
0 0.20546875 0.15078125 0.03828125 0.071875
0 0.2125 0.34296875 0.04609375 0.06484375