0 0.86875 0.15625 0.0640625 0.08359375
0 0.50390625 0.8390625 0.08046875 0.13359375
0 0.14453125 0.6484375 0.05625 0.0703125
0 0.13046875 0.321875 0.046875 0.1
0 0.6953125 0.7859375 0.0453125 0.08359375
0 0.75234375 0.7859375 0.0453125 0.08359375
0 0.5734375 0.721875 0.07265625 0.1203125
0 0.25703125 0.64921875 0.046875 0.06875
0 0.3265625 0.1234375 0.05078125 0.07578125
0 0.884375 0.51171875 0.046875 0.0859375
0 0.7953125 0.58359375 0.040625 0.0765625
0 0.890625 0.65078125 0.04921875 0.071875
0 0.76484375 0.22265625 0.03828125 0.07265625
0 0.75703125 0.41796875 0.046875 0.065625