0 0.12109375 0.52890625 0.0453125 0.04140625
0 0.465625 0.85625 0.03515625 0.06484375
0 0.71875 0.5140625 0.03203125 0.059375
0 0.50859375 0.4859375 0.04375 0.03984375
0 0.9171875 0.5796875 0.04296875 0.04140625
0 0.1625 0.48515625 0.03203125 0.0484375
0 0.18046875 0.253125 0.0234375 0.03828125
0 0.23046875 0.28671875 0.0265625 0.04140625
0 0.19453125 0.40703125 0.0375 0.04296875
0 0.71640625 0.7375 0.0265625 0.04140625
0 0.63046875 0.70703125 0.02890625 0.03046875
0 0.63046875 0.66328125 0.02890625 0.03125
0 0.50859375 0.71328125 0.04375 0.04140625
0 0.5078125 0.65703125 0.04140625 0.03828125
0 0.2203125 0.59140625 0.0359375 0.04140625
0 0.259375 0.54453125 0.03125 0.046875
0 0.30078125 0.68125 0.028125 0.04375
0 0.259375 0.68203125 0.0296875 0.04453125
0 0.265625 0.2421875 0.03359375 0.0375