0 0.11953125 0.525 0.0671875 0.06640625
0 0.69296875 0.9453125 0.05078125 0.07265625
0 0.65859375 0.925 0.01640625 0.03203125
0 0.70234375 0.4765625 0.059375 0.06015625
0 0.7078125 0.57890625 0.0484375 0.04609375
0 0.70390625 0.7296875 0.05625 0.05546875
0 0.84609375 0.48828125 0.04296875 0.0578125
0 0.696875 0.82109375 0.04296875 0.06171875
0 0.603125 0.76953125 0.04375 0.06171875
0 0.6625 0.80859375 0.0234375 0.0375
0 0.309375 0.61484375 0.04765625 0.06171875
0 0.25625 0.3375 0.0421875 0.0609375
0 0.26796875 0.275 0.04921875 0.0515625
0 0.0421875 0.7328125 0.04765625 0.04609375
0 0.04921875 0.528125 0.06171875 0.0625