0 0.41171875 0.45078125 0.05625 0.0484375
0 0.37109375 0.44140625 0.02578125 0.0296875
0 0.49765625 0.46796875 0.06328125 0.0328125
0 0.5484375 0.38515625 0.05859375 0.03125
0 0.4109375 0.37421875 0.05234375 0.0390625
0 0.36953125 0.36640625 0.028125 0.02265625
0 0.66875 0.2609375 0.04765625 0.03359375
0 0.75859375 0.24765625 0.05078125 0.02890625
0 0.72890625 0.2359375 0.04921875 0.03515625
0 0.5328125 0.2359375 0.0484375 0.03515625
0 0.60859375 0.625 0.053125 0.0296875
0 0.60703125 0.665625 0.05625 0.03125
0 0.8421875 0.66015625 0.053125 0.03828125
0 0.7234375 0.76484375 0.04609375 0.025
0 0.928125 0.66484375 0.05703125 0.03046875
0 0.93203125 0.83359375 0.06484375 0.03515625
0 0.4828125 0.7921875 0.05703125 0.04375
0 0.41171875 0.25546875 0.04296875 0.02109375