0 0.47890625 0.7703125 0.0453125 0.0453125
0 0.46953125 0.71171875 0.0296875 0.06171875
0 0.59375 0.11171875 0.02890625 0.059375
0 0.4875 0.58046875 0.02734375 0.0328125
0 0.58984375 0.5359375 0.025 0.0421875
0 0.5125 0.528125 0.03125 0.03828125
0 0.46875 0.6265625 0.03046875 0.0484375
0 0.41015625 0.55859375 0.03203125 0.0390625
0 0.41015625 0.50703125 0.03203125 0.0390625
0 0.33984375 0.16484375 0.02578125 0.04453125
0 0.47890625 0.05546875 0.0296875 0.034375
0 0.41484375 0.06875 0.02421875 0.04140625
0 0.3765625 0.06328125 0.02734375 0.03359375
0 0.33828125 0.05703125 0.025 0.04140625