0 0.3 0.79375 0.078125 0.04453125
0 0.53671875 0.703125 0.07265625 0.06171875
0 0.5640625 0.140625 0.0734375 0.0703125
0 0.5640625 0.0890625 0.0734375 0.06953125
0 0.20859375 0.13828125 0.0546875 0.05625
0 0.20859375 0.10078125 0.0546875 0.05625
0 0.403125 0.5421875 0.078125 0.05
0 0.25703125 0.25078125 0.0796875 0.05078125
0 0.22265625 0.36484375 0.053125 0.0421875
0 0.6265625 0.57734375 0.0671875 0.0421875
0 0.5703125 0.5015625 0.059375 0.0359375
0 0.62734375 0.4484375 0.06953125 0.04375
0 0.54140625 0.63125 0.0734375 0.05859375