0 0.70703125 0.81484375 0.07265625 0.04140625
0 0.4859375 0.73125 0.06796875 0.0578125
0 0.46015625 0.20546875 0.06875 0.065625
0 0.46015625 0.1578125 0.06875 0.06484375
0 0.7921875 0.20390625 0.0515625 0.05234375
0 0.7921875 0.16796875 0.0515625 0.05234375
0 0.61015625 0.58046875 0.07265625 0.04609375
0 0.746875 0.30859375 0.07421875 0.04765625
0 0.77890625 0.41484375 0.05 0.0390625
0 0.4015625 0.61328125 0.06328125 0.0390625
0 0.45390625 0.5421875 0.05546875 0.03359375
0 0.40078125 0.49296875 0.06484375 0.04140625
0 0.48125 0.6640625 0.06875 0.0546875