0 0.659375 0.08046875 0.0578125 0.0953125
0 0.10234375 0.20390625 0.0578125 0.08828125
0 0.103125 0.41015625 0.05703125 0.0875
0 0.2296875 0.446875 0.07890625 0.06640625
0 0.65703125 0.9375 0.06640625 0.10625
0 0.75390625 0.796875 0.06796875 0.06796875
0 0.64609375 0.49609375 0.06484375 0.06640625
0 0.64375 0.2203125 0.059375 0.0609375
0 0.64375 0.28046875 0.059375 0.059375
0 0.57734375 0.721875 0.0578125 0.07421875
0 0.490625 0.73671875 0.06484375 0.0671875
0 0.46015625 0.5125 0.05078125 0.06796875
0 0.365625 0.42890625 0.05859375 0.07578125
0 0.365625 0.29609375 0.05859375 0.0765625