0 0.8546875 0.63125 0.03203125 0.025
0 0.5453125 0.8078125 0.02265625 0.03515625
0 0.33828125 0.8078125 0.02265625 0.03515625
0 0.6734375 0.64296875 0.021875 0.028125
0 0.77109375 0.6546875 0.02109375 0.028125
0 0.8078125 0.62578125 0.0265625 0.02421875
0 0.7859375 0.68203125 0.02578125 0.0234375
0 0.728125 0.62890625 0.02578125 0.0234375
0 0.76796875 0.6140625 0.02265625 0.02890625
0 0.62421875 0.58671875 0.0265625 0.025
0 0.48828125 0.6734375 0.02734375 0.025
0 0.54609375 0.7359375 0.021875 0.02890625
0 0.53984375 0.76875 0.025 0.02265625
0 0.47734375 0.55546875 0.028125 0.02578125
0 0.46015625 0.575 0.02265625 0.02890625
0 0.57734375 0.59765625 0.02265625 0.02890625
0 0.50703125 0.284375 0.0265625 0.025
0 0.53125 0.17734375 0.0265625 0.02578125
0 0.584375 0.2796875 0.021875 0.02890625
0 0.640625 0.29765625 0.02421875 0.03046875
0 0.81015625 0.33125 0.02109375 0.0265625