0 0.62109375 0.07109375 0.0359375 0.06171875
0 0.59765625 0.446875 0.0328125 0.0296875
0 0.79453125 0.42734375 0.02578125 0.03359375
0 0.69375 0.4296875 0.0296875 0.03828125
0 0.6515625 0.3953125 0.0296875 0.0390625
0 0.66171875 0.23828125 0.03828125 0.0375
0 0.728125 0.3890625 0.03671875 0.03671875
0 0.64921875 0.33125 0.04140625 0.04765625
0 0.6078125 0.39140625 0.0328125 0.03359375
0 0.12890625 0.54921875 0.03984375 0.05859375
0 0.16640625 0.07421875 0.0296875 0.04609375
0 0.19375 0.4203125 0.0375 0.03671875
0 0.1609375 0.44921875 0.0390625 0.04453125
0 0.109375 0.603125 0.0359375 0.03359375
0 0.015625 0.67734375 0.03046875 0.04140625