0 0.64140625 0.03125 0.0375 0.0625
0 0.61640625 0.42265625 0.034375 0.03125
0 0.82109375 0.4015625 0.0265625 0.03515625
0 0.71640625 0.40390625 0.03046875 0.03984375
0 0.67265625 0.36875 0.03046875 0.040625
0 0.6828125 0.20546875 0.03984375 0.0390625
0 0.7515625 0.36171875 0.03828125 0.03828125
0 0.66953125 0.3015625 0.04296875 0.05
0 0.6265625 0.3640625 0.034375 0.034375
0 0.128125 0.52890625 0.0421875 0.0609375
0 0.1671875 0.034375 0.03125 0.0484375
0 0.1953125 0.3953125 0.0390625 0.03828125
0 0.16171875 0.425 0.040625 0.04609375
0 0.1078125 0.58515625 0.0375 0.03515625
0 0.01328125 0.6625 0.0265625 0.04296875