0 0.328125 0.2359375 0.090625 0.0453125
0 0.26484375 0.2359375 0.08984375 0.0453125
0 0.1734375 0.76640625 0.0859375 0.0453125
0 0.65546875 0.9265625 0.10390625 0.06015625
0 0.65546875 0.86640625 0.10390625 0.06015625
0 0.58046875 0.76640625 0.08359375 0.0453125
0 0.609375 0.70625 0.06328125 0.0625
0 0.33828125 0.828125 0.05625 0.04375
0 0.6875 0.54765625 0.0703125 0.0453125
0 0.6859375 0.4359375 0.0671875 0.0421875
0 0.68359375 0.3515625 0.06328125 0.03984375
0 0.5609375 0.17421875 0.046875 0.0375
0 0.49765625 0.1640625 0.0671875 0.04296875
0 0.59921875 0.48125 0.05703125 0.03515625
0 0.60703125 0.63984375 0.06484375 0.05078125