0 0.38046875 0.278125 0.090625 0.0453125
0 0.3171875 0.278125 0.08984375 0.0453125
0 0.22578125 0.809375 0.0859375 0.0453125
0 0.7078125 0.96953125 0.10390625 0.06015625
0 0.7078125 0.90859375 0.10390625 0.06015625
0 0.6328125 0.809375 0.08359375 0.0453125
0 0.66171875 0.74921875 0.06328125 0.0625
0 0.390625 0.8703125 0.05625 0.04375
0 0.73984375 0.58984375 0.0703125 0.0453125
0 0.73828125 0.478125 0.0671875 0.0421875
0 0.73671875 0.39453125 0.06328125 0.03984375
0 0.61328125 0.21640625 0.046875 0.0375
0 0.55 0.20625 0.0671875 0.04296875
0 0.6515625 0.52421875 0.05703125 0.03515625
0 0.659375 0.68203125 0.06484375 0.05078125