0 0.834375 0.940625 0.075 0.11875
0 0.3609375 0.4859375 0.0671875 0.08203125
0 0.3609375 0.40390625 0.0671875 0.0828125
0 0.359375 0.765625 0.06328125 0.0765625
0 0.60859375 0.5140625 0.08125 0.10234375
0 0.60625 0.79921875 0.0859375 0.11015625
0 0.8125 0.7609375 0.0671875 0.11015625
0 0.8609375 0.828125 0.046875 0.059375
0 0.296875 0.671875 0.05078125 0.0921875
0 0.06484375 0.6703125 0.053125 0.09453125
0 0.25625 0.78046875 0.04921875 0.06015625
0 0.83984375 0.63828125 0.04921875 0.06171875
0 0.2640625 0.79140625 0.03828125 0.06484375
0 0.303125 0.79140625 0.03828125 0.06484375