0 0.5515625 0.88515625 0.0609375 0.07578125
0 0.5515625 0.82578125 0.0609375 0.07578125
0 0.5125 0.8640625 0.0171875 0.0328125
0 0.5125 0.84765625 0.0171875 0.0328125
0 0.64453125 0.803125 0.0703125 0.059375
0 0.59375 0.72421875 0.05 0.0390625
0 0.5890625 0.6671875 0.059375 0.04765625
0 0.64609375 0.38046875 0.07421875 0.06171875
0 0.64453125 0.4578125 0.0703125 0.05859375
0 0.39140625 0.67734375 0.05859375 0.0703125
0 0.52890625 0.3125 0.07421875 0.06875
0 0.45703125 0.775 0.06328125 0.0546875
0 0.19296875 0.36171875 0.07421875 0.0578125
0 0.134375 0.36171875 0.075 0.0578125