0 0.775 0.81953125 0.07109375 0.06640625
0 0.77734375 0.1859375 0.065625 0.06484375
0 0.77734375 0.23515625 0.065625 0.06484375
0 0.8328125 0.6765625 0.0640625 0.0421875
0 0.8375 0.628125 0.05390625 0.034375
0 0.7734375 0.73046875 0.07109375 0.059375
0 0.81015625 0.86015625 0.06484375 0.0421875
0 0.303125 0.2359375 0.06640625 0.0640625
0 0.246875 0.53203125 0.06015625 0.03828125
0 0.24921875 0.48203125 0.06484375 0.04140625
0 0.33359375 0.60859375 0.06171875 0.0515625
0 0.2578125 0.6078125 0.059375 0.05
0 0.32109375 0.409375 0.06484375 0.053125
0 0.1875 0.35234375 0.04921875 0.0421875