0 0.69921875 0.865625 0.06953125 0.08671875
0 0.84765625 0.09921875 0.08515625 0.05859375
0 0.19375 0.1796875 0.053125 0.07109375
0 0.290625 0.38203125 0.07265625 0.0546875
0 0.221875 0.66875 0.05 0.05625
0 0.1875 0.471875 0.04609375 0.05390625
0 0.77265625 0.6453125 0.06953125 0.05234375
0 0.7203125 0.54453125 0.05859375 0.04140625
0 0.775 0.47578125 0.07421875 0.05546875
0 0.63984375 0.41171875 0.0609375 0.06328125
0 0.909375 0.49609375 0.03828125 0.04296875
0 0.696875 0.7625 0.0671875 0.0671875