0 0.4828125 0.1875 0.05078125 0.07109375
0 0.4828125 0.1359375 0.05078125 0.07109375
0 0.6328125 0.18671875 0.05078125 0.0703125
0 0.6328125 0.1359375 0.05078125 0.0703125
0 0.93046875 0.4875 0.05078125 0.06171875
0 0.60546875 0.809375 0.05859375 0.08046875
0 0.5453125 0.30625 0.05078125 0.0421875
0 0.54921875 0.3984375 0.0421875 0.03359375
0 0.540625 0.58125 0.0625 0.053125
0 0.6375 0.44765625 0.04453125 0.0375
0 0.60390625 0.6609375 0.05859375 0.065625
0 0.38359375 0.63046875 0.0375 0.04453125