0 0.57734375 0.196875 0.05234375 0.07265625
0 0.57734375 0.14453125 0.05234375 0.07265625
0 0.4234375 0.196875 0.0515625 0.071875
0 0.4234375 0.14453125 0.0515625 0.071875
0 0.11875 0.50390625 0.0515625 0.06328125
0 0.4515625 0.83359375 0.06015625 0.08203125
0 0.51328125 0.31875 0.0515625 0.04296875
0 0.509375 0.41328125 0.04296875 0.034375
0 0.51875 0.6 0.0640625 0.05390625
0 0.41953125 0.4640625 0.0453125 0.03828125
0 0.453125 0.68125 0.06015625 0.0671875
0 0.67890625 0.65078125 0.03828125 0.04609375