0 0.5078125 0.92734375 0.06640625 0.10078125
0 0.49609375 0.2203125 0.05546875 0.08515625
0 0.49609375 0.15703125 0.05546875 0.084375
0 0.71171875 0.721875 0.0625 0.0640625
0 0.70703125 0.5328125 0.053125 0.053125
0 0.43125 0.728125 0.0625 0.06484375
0 0.48046875 0.59140625 0.05 0.0515625
0 0.50625 0.81328125 0.0640625 0.0828125
0 0.61875 0.75234375 0.0390625 0.053125
0 0.54765625 0.53046875 0.05859375 0.059375
0 0.8203125 0.52734375 0.05078125 0.04921875
0 0.384375 0.61640625 0.03828125 0.0484375