0 0.48984375 0.9328125 0.0703125 0.10703125
0 0.47734375 0.1828125 0.05859375 0.08984375
0 0.47734375 0.11484375 0.05859375 0.0890625
0 0.70625 0.71484375 0.06640625 0.06796875
0 0.7015625 0.51484375 0.05625 0.05625
0 0.40859375 0.721875 0.065625 0.06875
0 0.4609375 0.5765625 0.053125 0.0546875
0 0.48828125 0.81171875 0.06796875 0.0875
0 0.6078125 0.74765625 0.04140625 0.05625
0 0.53203125 0.51171875 0.0625 0.06328125
0 0.82109375 0.50859375 0.05390625 0.0515625
0 0.35859375 0.603125 0.040625 0.05078125