0 0.8453125 0.4078125 0.04296875 0.0875
0 0.07421875 0.35703125 0.03828125 0.0875
0 0.63203125 0.54140625 0.04921875 0.06640625
0 0.5953125 0.11328125 0.03984375 0.04921875
0 0.6828125 0.11875 0.0390625 0.05234375
0 0.71484375 0.309375 0.0375 0.04921875
0 0.3421875 0.6984375 0.03984375 0.07265625
0 0.27734375 0.64140625 0.03359375 0.0625
0 0.34140625 0.81171875 0.0375 0.0828125
0 0.2625 0.3640625 0.03984375 0.0734375
0 0.31640625 0.36484375 0.0390625 0.071875
0 0.6578125 0.04375 0.0359375 0.078125