0 0.63984375 0.47265625 0.05234375 0.09453125
0 0.88828125 0.86640625 0.03046875 0.0921875
0 0.7734375 0.865625 0.02890625 0.0890625
0 0.81953125 0.7609375 0.0296875 0.05625
0 0.79453125 0.5875 0.0296875 0.05625
0 0.79453125 0.47421875 0.0296875 0.05625
0 0.890625 0.70234375 0.01953125 0.05390625
0 0.88984375 0.5796875 0.025 0.065625
0 0.57109375 0.59140625 0.0171875 0.04765625
0 0.5015625 0.603125 0.02734375 0.07265625
0 0.46640625 0.6046875 0.028125 0.07421875
0 0.46484375 0.38828125 0.0265625 0.06953125
0 0.50078125 0.38828125 0.028125 0.07421875
0 0.50390625 0.50703125 0.028125 0.05546875