0 0.03125 0.74921875 0.0546875 0.04921875
0 0.45 0.67734375 0.059375 0.07265625
0 0.43203125 0.74921875 0.06015625 0.0515625
0 0.66796875 0.34765625 0.04453125 0.05078125
0 0.52421875 0.3515625 0.0515625 0.05859375
0 0.75859375 0.359375 0.0609375 0.05390625
0 0.603125 0.4125 0.0390625 0.04453125
0 0.7015625 0.45390625 0.04453125 0.05078125
0 0.45078125 0.56953125 0.06015625 0.0671875
0 0.4765625 0.5953125 0.04453125 0.0390625
0 0.38359375 0.45703125 0.0578125 0.0515625
0 0.6328125 0.19921875 0.0421875 0.0484375
0 0.43203125 0.90390625 0.06015625 0.05234375
0 0.43203125 0.85234375 0.06015625 0.05234375