0 0.99296875 0.7625 0.01328125 0.053125
0 0.5671875 0.68515625 0.0640625 0.07734375
0 0.58671875 0.76171875 0.06484375 0.0546875
0 0.33515625 0.3328125 0.04765625 0.0546875
0 0.48828125 0.33671875 0.05546875 0.0625
0 0.2375 0.3453125 0.065625 0.0578125
0 0.40390625 0.4015625 0.04140625 0.04765625
0 0.2984375 0.4453125 0.04765625 0.0546875
0 0.5671875 0.56953125 0.06484375 0.071875
0 0.5390625 0.59765625 0.04765625 0.04140625
0 0.6390625 0.44921875 0.06171875 0.0546875
0 0.371875 0.1734375 0.04453125 0.05234375
0 0.58671875 0.928125 0.06484375 0.05546875
0 0.58671875 0.87265625 0.06484375 0.05546875