0 0.91953125 0.3234375 0.04765625 0.053125
0 0.91953125 0.28828125 0.04765625 0.05234375
0 0.275 0.27265625 0.059375 0.03359375
0 0.3203125 0.27265625 0.059375 0.03359375
0 0.32421875 0.10234375 0.06875 0.03984375
0 0.5796875 0.6859375 0.0515625 0.04375
0 0.6140625 0.6734375 0.01640625 0.01796875
0 0.803125 0.975 0.06953125 0.05
0 0.87265625 0.975 0.06953125 0.05
0 0.5796875 0.63515625 0.05234375 0.04296875
0 0.6140625 0.621875 0.01640625 0.015625
0 0.36015625 0.559375 0.04765625 0.040625
0 0.29453125 0.528125 0.03515625 0.03125
0 0.228125 0.5578125 0.04453125 0.03828125
0 0.4328125 0.46484375 0.0453125 0.03984375
0 0.215625 0.4984375 0.03671875 0.02265625
0 0.646875 0.58828125 0.04296875 0.02734375
0 0.265625 0.24296875 0.04296875 0.03671875
0 0.10390625 0.2125 0.0375 0.0328125
0 0.6078125 0.6484375 0.04765625 0.02890625
0 0.2625 0.46484375 0.04609375 0.03984375