0 0.9125 0.32890625 0.04765625 0.053125
0 0.9125 0.29453125 0.04765625 0.05234375
0 0.26796875 0.27890625 0.059375 0.03359375
0 0.3125 0.27890625 0.059375 0.03359375
0 0.31640625 0.1078125 0.06875 0.03984375
0 0.571875 0.6921875 0.0515625 0.04375
0 0.60625 0.67890625 0.01640625 0.01796875
0 0.79609375 0.97734375 0.0703125 0.0453125
0 0.865625 0.97734375 0.06875 0.0453125
0 0.571875 0.64140625 0.05234375 0.04296875
0 0.60703125 0.62734375 0.01640625 0.015625
0 0.353125 0.56484375 0.04765625 0.040625
0 0.28671875 0.534375 0.03515625 0.03125
0 0.2203125 0.5640625 0.04453125 0.03828125
0 0.425 0.47109375 0.0453125 0.03984375
0 0.2078125 0.5046875 0.03671875 0.02265625
0 0.6390625 0.59453125 0.04296875 0.02734375
0 0.2578125 0.2484375 0.04296875 0.03671875
0 0.09609375 0.21875 0.0375 0.0328125
0 0.60078125 0.6546875 0.04765625 0.02890625
0 0.25546875 0.47109375 0.04609375 0.03984375