0 0.45078125 0.32265625 0.02734375 0.06328125
0 0.3328125 0.84609375 0.03046875 0.06875
0 0.17734375 0.709375 0.04453125 0.05390625
0 0.2953125 0.571875 0.03046875 0.04375
0 0.33203125 0.76796875 0.03125 0.0609375
0 0.340625 0.56171875 0.0265625 0.0515625
0 0.1578125 0.1375 0.0359375 0.04921875
0 0.73671875 0.39140625 0.028125 0.0671875
0 0.68984375 0.6609375 0.0265625 0.053125
0 0.746875 0.6609375 0.02578125 0.05234375
0 0.85546875 0.66015625 0.02578125 0.0515625
0 0.88984375 0.4140625 0.03046875 0.0453125
0 0.8890625 0.57265625 0.0296875 0.04453125
0 0.74453125 0.58359375 0.02578125 0.0515625
0 0.66953125 0.471875 0.0296875 0.04453125
0 0.6703125 0.59140625 0.03203125 0.04765625