0 0.44921875 0.33515625 0.028125 0.065625
0 0.3265625 0.87890625 0.03125 0.07109375
0 0.16484375 0.7375 0.04609375 0.05625
0 0.2875 0.59375 0.03125 0.0453125
0 0.3265625 0.7984375 0.0328125 0.06328125
0 0.334375 0.58359375 0.02734375 0.05390625
0 0.1453125 0.14375 0.03671875 0.05078125
0 0.746875 0.40703125 0.0296875 0.0703125
0 0.69765625 0.68671875 0.02734375 0.05546875
0 0.75703125 0.68671875 0.0265625 0.0546875
0 0.86953125 0.6859375 0.0265625 0.053125
0 0.9046875 0.43046875 0.03203125 0.04765625
0 0.9046875 0.5953125 0.03125 0.04609375
0 0.7546875 0.60625 0.0265625 0.053125
0 0.6765625 0.490625 0.03046875 0.04609375
0 0.67734375 0.61484375 0.0328125 0.05