0 0.9125 0.3359375 0.0640625 0.0703125
0 0.8625 0.3359375 0.0640625 0.0703125
0 0.54921875 0.77734375 0.0515625 0.08359375
0 0.090625 0.35546875 0.06015625 0.0640625
0 0.13671875 0.35546875 0.06015625 0.0640625
0 0.73515625 0.7 0.04921875 0.0609375
0 0.73671875 0.61484375 0.05234375 0.06484375
0 0.63515625 0.7140625 0.0359375 0.05546875
0 0.68359375 0.7125 0.0375 0.05859375
0 0.81953125 0.625 0.04921875 0.08046875
0 0.54921875 0.56953125 0.0515625 0.07890625
0 0.4890625 0.6359375 0.03984375 0.0484375
0 0.39765625 0.51171875 0.05625 0.0640625