0 0.9265625 0.34453125 0.06796875 0.0734375
0 0.87421875 0.34453125 0.06796875 0.0734375
0 0.5453125 0.8078125 0.05390625 0.08828125
0 0.06328125 0.365625 0.0625 0.0671875
0 0.11171875 0.365625 0.0625 0.0671875
0 0.73984375 0.7265625 0.05234375 0.0640625
0 0.74140625 0.63671875 0.0546875 0.06796875
0 0.63515625 0.74140625 0.0375 0.0578125
0 0.68671875 0.73984375 0.03984375 0.06171875
0 0.82890625 0.64765625 0.05234375 0.084375
0 0.5453125 0.58984375 0.0546875 0.0828125
0 0.48203125 0.659375 0.0421875 0.05078125
0 0.3859375 0.52890625 0.059375 0.0671875