0 0.44765625 0.8015625 0.059375 0.0453125
0 0.51640625 0.43984375 0.06328125 0.06875
0 0.19765625 0.04609375 0.06796875 0.07578125
0 0.1296875 0.0453125 0.06796875 0.075
0 0.4171875 0.38359375 0.06015625 0.04140625
0 0.51875 0.14140625 0.05390625 0.05390625
0 0.86796875 0.14375 0.0484375 0.0484375
0 0.5171875 0.35390625 0.059375 0.06015625
0 0.490625 0.284375 0.04453125 0.0296875
0 0.27421875 0.4640625 0.06171875 0.04296875
0 0.3125 0.378125 0.053125 0.0546875
0 0.30234375 0.221875 0.04296875 0.0453125
0 0.37578125 0.74609375 0.05234375 0.05234375
0 0.29375 0.81015625 0.05078125 0.0375
0 0.37578125 0.8140625 0.046875 0.04765625
0 0.3109375 0.55 0.0484375 0.03671875
0 0.3703125 0.55234375 0.0453125 0.034375
0 0.36171875 0.540625 0.0421875 0.04453125