0 0.54296875 0.7875 0.05859375 0.04453125
0 0.47578125 0.43515625 0.06171875 0.0671875
0 0.7875 0.05 0.06640625 0.07421875
0 0.85390625 0.05 0.06640625 0.0734375
0 0.5734375 0.3796875 0.059375 0.040625
0 0.4734375 0.14296875 0.05234375 0.05234375
0 0.13125 0.1453125 0.04765625 0.04765625
0 0.475 0.35078125 0.05859375 0.059375
0 0.5015625 0.2828125 0.04375 0.02890625
0 0.7125 0.45859375 0.06015625 0.04140625
0 0.67578125 0.375 0.0515625 0.053125
0 0.68515625 0.221875 0.0421875 0.04453125
0 0.61328125 0.734375 0.05078125 0.05078125
0 0.69296875 0.796875 0.04921875 0.03671875
0 0.61328125 0.8 0.04609375 0.046875
0 0.6765625 0.5421875 0.04765625 0.0359375
0 0.61875 0.5453125 0.04453125 0.03359375
0 0.62734375 0.5328125 0.04140625 0.04296875