0 0.76953125 0.09296875 0.05546875 0.10859375
0 0.396875 0.84375 0.06015625 0.11640625
0 0.61171875 0.83828125 0.05390625 0.10625
0 0.734375 0.83984375 0.05546875 0.109375
0 0.19609375 0.69921875 0.04609375 0.05390625
0 0.1484375 0.45078125 0.06796875 0.0890625
0 0.41640625 0.690625 0.05078125 0.0625
0 0.39609375 0.55234375 0.05859375 0.1
0 0.47109375 0.66953125 0.0453125 0.08046875
0 0.47109375 0.5203125 0.0453125 0.08046875
0 0.70390625 0.615625 0.05625 0.0703125
0 0.8140625 0.584375 0.05859375 0.0734375
0 0.73359375 0.70546875 0.05546875 0.096875