0 0.2109375 0.075 0.0546875 0.10703125
0 0.578125 0.81328125 0.059375 0.11484375
0 0.36640625 0.80859375 0.05234375 0.10390625
0 0.24609375 0.81015625 0.0546875 0.1078125
0 0.77578125 0.67109375 0.0453125 0.053125
0 0.82265625 0.42734375 0.0671875 0.0875
0 0.55859375 0.6625 0.05 0.06171875
0 0.578125 0.5265625 0.0578125 0.0984375
0 0.5046875 0.6421875 0.04453125 0.0796875
0 0.5046875 0.4953125 0.04453125 0.0796875
0 0.275 0.5890625 0.05546875 0.06875
0 0.1671875 0.55859375 0.0578125 0.07265625
0 0.24609375 0.67734375 0.0546875 0.0953125