0 0.68984375 0.43203125 0.05234375 0.06640625
0 0.3921875 0.16875 0.05234375 0.0453125
0 0.18671875 0.37265625 0.03359375 0.03125
0 0.34609375 0.3796875 0.03359375 0.04765625
0 0.27265625 0.6453125 0.0421875 0.040625
0 0.2734375 0.73203125 0.04140625 0.03984375
0 0.18671875 0.5640625 0.03671875 0.04921875
0 0.08828125 0.6453125 0.04765625 0.040625
0 0.178125 0.4953125 0.04140625 0.04765625
0 0.4921875 0.72421875 0.034375 0.04609375
0 0.6546875 0.725 0.03515625 0.04765625
0 0.3984375 0.7296875 0.03671875 0.04765625
0 0.34375 0.79453125 0.040625 0.053125
0 0.81640625 0.45390625 0.03515625 0.05390625
0 0.34453125 0.89609375 0.0390625 0.06171875
0 0.815625 0.5734375 0.0359375 0.04765625