0 0.54453125 0.2515625 0.0859375 0.05703125
0 0.09375 0.871875 0.06171875 0.0765625
0 0.23046875 0.875 0.06796875 0.0828125
0 0.1359375 0.7015625 0.06015625 0.06328125
0 0.1359375 0.5359375 0.0609375 0.0640625
0 0.4796875 0.6921875 0.06328125 0.065625
0 0.56796875 0.63359375 0.0640625 0.065625
0 0.67578125 0.69140625 0.0625 0.06484375
0 0.7484375 0.63125 0.0609375 0.05
0 0.7328125 0.534375 0.0609375 0.0625
0 0.56953125 0.590625 0.06171875 0.0640625
0 0.12421875 0.62890625 0.0703125 0.05703125
0 0.05390625 0.44140625 0.0484375 0.05234375