0 0.72109375 0.78671875 0.021875 0.06640625
0 0.7046875 0.89609375 0.02265625 0.04765625
0 0.8921875 0.37109375 0.0265625 0.04609375
0 0.66953125 0.59140625 0.0234375 0.046875
0 0.63125 0.3953125 0.0203125 0.05390625
0 0.63125 0.5203125 0.0203125 0.05390625
0 0.67109375 0.49921875 0.0171875 0.04765625
0 0.68125 0.3 0.021875 0.04296875
0 0.546875 0.32734375 0.01953125 0.053125
0 0.73828125 0.16171875 0.0203125 0.0625
0 0.5203125 0.37734375 0.02734375 0.046875
0 0.5921875 0.34296875 0.0234375 0.046875
0 0.23125 0.2078125 0.02265625 0.06875
0 0.28515625 0.57109375 0.0234375 0.046875
0 0.22421875 0.57109375 0.02421875 0.04765625
0 0.22265625 0.47109375 0.02109375 0.04140625
0 0.13515625 0.3875 0.01484375 0.04296875
0 0.09765625 0.553125 0.01484375 0.04140625
0 0.22734375 0.42734375 0.01953125 0.053125