0 0.26171875 0.80234375 0.0234375 0.06953125
0 0.27890625 0.91640625 0.02421875 0.05
0 0.08359375 0.36875 0.028125 0.04765625
0 0.315625 0.5984375 0.02421875 0.04921875
0 0.35546875 0.39375 0.02109375 0.05625
0 0.35546875 0.52421875 0.02109375 0.05625
0 0.3140625 0.50234375 0.01796875 0.05
0 0.30390625 0.29453125 0.02265625 0.04453125
0 0.44375 0.3234375 0.0203125 0.05546875
0 0.24375 0.15 0.02109375 0.065625
0 0.471875 0.375 0.028125 0.04921875
0 0.39609375 0.3390625 0.025 0.04921875
0 0.77265625 0.1984375 0.0234375 0.07109375
0 0.71640625 0.578125 0.02421875 0.04921875
0 0.7796875 0.57734375 0.025 0.05
0 0.78125 0.4734375 0.021875 0.04296875
0 0.87265625 0.3859375 0.015625 0.04453125
0 0.91171875 0.55859375 0.015625 0.04296875
0 0.77734375 0.42734375 0.0203125 0.05546875