0 0.296875 0.1796875 0.04921875 0.0796875
0 0.296875 0.11875 0.04921875 0.08046875
0 0.321875 0.94375 0.053125 0.084375
0 0.38046875 0.6875 0.05078125 0.053125
0 0.33984375 0.62109375 0.0453125 0.04609375
0 0.44375 0.5640625 0.04453125 0.04609375
0 0.23359375 0.68671875 0.04765625 0.0515625
0 0.271875 0.60625 0.0421875 0.04375
0 0.11015625 0.6578125 0.03359375 0.05
0 0.31953125 0.7953125 0.053125 0.0734375
0 0.3 0.86328125 0.03671875 0.03671875
0 0.4890625 0.671875 0.03125 0.04765625
0 0.5203125 0.671875 0.03203125 0.04765625