0 0.6078125 0.884375 0.05390625 0.12890625
0 0.6328125 0.26640625 0.0515625 0.08828125
0 0.58046875 0.71796875 0.04140625 0.06875
0 0.49375 0.7140625 0.0390625 0.09296875
0 0.60859375 0.71328125 0.053125 0.11875
0 0.59453125 0.6140625 0.03828125 0.090625
0 0.8265625 0.428125 0.040625 0.09609375
0 0.47734375 0.7859375 0.04453125 0.0765625
0 0.74765625 0.66484375 0.0328125 0.0796875
0 0.1484375 0.6 0.04921875 0.08125
0 0.15 0.43125 0.0453125 0.0734375
0 0.31015625 0.3265625 0.04921875 0.0765625
0 0.11640625 0.40703125 0.03828125 0.1