0 0.4015625 0.91640625 0.05625 0.134375
0 0.37578125 0.27109375 0.053125 0.0921875
0 0.43046875 0.7421875 0.04375 0.071875
0 0.5203125 0.7390625 0.04140625 0.096875
0 0.40078125 0.7375 0.05546875 0.12421875
0 0.41640625 0.634375 0.03984375 0.09453125
0 0.1734375 0.43984375 0.0421875 0.10078125
0 0.53828125 0.81328125 0.046875 0.0796875
0 0.25625 0.6875 0.034375 0.08359375
0 0.88125 0.61953125 0.05078125 0.084375
0 0.8796875 0.44296875 0.046875 0.07734375
0 0.71171875 0.33359375 0.05078125 0.0796875
0 0.91484375 0.41796875 0.03984375 0.1046875