0 0.69375 0.7953125 0.05 0.0984375
0 0.8859375 0.3703125 0.065625 0.07421875
0 0.9640625 0.403125 0.04453125 0.075
0 0.76484375 0.53046875 0.05703125 0.0734375
0 0.69375 0.65078125 0.0484375 0.08046875
0 0.63125 0.5828125 0.04453125 0.07734375
0 0.88984375 0.19765625 0.059375 0.065625
0 0.93359375 0.19765625 0.059375 0.065625
0 0.11875 0.153125 0.04453125 0.08984375
0 0.11875 0.0875 0.04453125 0.0890625
0 0.2234375 0.484375 0.05703125 0.06484375
0 0.17109375 0.40625 0.04453125 0.075
0 0.1625 0.54140625 0.046875 0.05859375