0 0.63125 0.78125 0.04609375 0.08984375
0 0.8078125 0.390625 0.06015625 0.06875
0 0.8796875 0.4203125 0.040625 0.06953125
0 0.696875 0.5375 0.05234375 0.06796875
0 0.63125 0.6484375 0.04453125 0.0734375
0 0.5734375 0.5859375 0.04140625 0.07109375
0 0.81171875 0.23125 0.0546875 0.06015625
0 0.85234375 0.23125 0.0546875 0.06015625
0 0.103125 0.190625 0.040625 0.0828125
0 0.103125 0.13046875 0.040625 0.08203125
0 0.19921875 0.4953125 0.05234375 0.059375
0 0.15078125 0.4234375 0.04140625 0.06953125
0 0.14296875 0.54765625 0.04296875 0.05390625