0 0.265625 0.45 0.05 0.04375
0 0.925 0.74765625 0.053125 0.046875
0 0.9234375 0.5640625 0.05078125 0.0453125
0 0.7984375 0.48828125 0.04140625 0.04140625
0 0.6515625 0.53671875 0.03671875 0.0515625
0 0.84921875 0.4859375 0.0390625 0.05234375
0 0.7484375 0.653125 0.03984375 0.0390625
0 0.65546875 0.61875 0.03828125 0.0515625
0 0.5671875 0.75703125 0.0453125 0.06796875
0 0.48125 0.553125 0.04375 0.04375
0 0.31484375 0.515625 0.03671875 0.05234375
0 0.575 0.6125 0.04453125 0.05859375
0 0.85078125 0.3609375 0.03203125 0.04375
0 0.74375 0.56953125 0.0421875 0.04375