0 0.53671875 0.54296875 0.03515625 0.0375
0 0.91796875 0.66640625 0.02109375 0.02734375
0 0.73828125 0.68125 0.0296875 0.0375
0 0.73828125 0.71875 0.0296875 0.03828125
0 0.715625 0.60859375 0.02734375 0.034375
0 0.82734375 0.60859375 0.0234375 0.034375
0 0.7796875 0.5984375 0.02109375 0.03828125
0 0.7390625 0.59609375 0.01875 0.03359375
0 0.92109375 0.68359375 0.01796875 0.03125
0 0.37734375 0.82734375 0.025 0.05390625
0 0.14765625 0.42890625 0.021875 0.04921875
0 0.390625 0.4265625 0.02265625 0.0515625
0 0.40390625 0.6234375 0.02109375 0.0390625
0 0.253125 0.6234375 0.02109375 0.03828125
0 0.27890625 0.65703125 0.02109375 0.0390625
0 0.38046875 0.51015625 0.0234375 0.0328125
0 0.340625 0.53203125 0.02109375 0.0390625
0 0.3015625 0.5046875 0.01640625 0.02109375
0 0.33984375 0.7171875 0.02421875 0.03359375
0 0.2484375 0.46640625 0.0203125 0.04609375