0 0.784375 0.84375 0.03203125 0.03671875
0 0.77734375 0.81953125 0.0171875 0.01328125
0 0.42734375 0.7015625 0.025 0.046875
0 0.40390625 0.7046875 0.02109375 0.0390625
0 0.396875 0.75625 0.0296875 0.0328125
0 0.37734375 0.75625 0.0296875 0.0328125
0 0.51328125 0.60703125 0.02421875 0.02890625
0 0.57421875 0.765625 0.0265625 0.0375
0 0.57734375 0.73203125 0.021875 0.02890625
0 0.56875 0.6875 0.02265625 0.0421875
0 0.73515625 0.7765625 0.0265625 0.04921875
0 0.71796875 0.79296875 0.00703125 0.0171875
0 0.2625 0.390625 0.028125 0.05859375
0 0.19453125 0.265625 0.02890625 0.03984375
0 0.1703125 0.06953125 0.0265625 0.0359375
0 0.2296875 0.29140625 0.02421875 0.03828125
0 0.275 0.51171875 0.0234375 0.04296875
0 0.2578125 0.5015625 0.0109375 0.0234375
0 0.7984375 0.3859375 0.028125 0.05859375
0 0.67734375 0.11640625 0.02890625 0.03984375
0 0.68046875 0.3 0.021875 0.02890625
0 0.72421875 0.19609375 0.025 0.03984375