0 0.24921875 0.84609375 0.0328125 0.0375
0 0.25625 0.82109375 0.01796875 0.01328125
0 0.6109375 0.7015625 0.02578125 0.046875
0 0.634375 0.70546875 0.02109375 0.03984375
0 0.64140625 0.75703125 0.03046875 0.03359375
0 0.66171875 0.75703125 0.03046875 0.03359375
0 0.5234375 0.60625 0.02421875 0.02890625
0 0.46171875 0.76640625 0.02734375 0.03828125
0 0.459375 0.7328125 0.021875 0.0296875
0 0.46796875 0.6875 0.02265625 0.0421875
0 0.29921875 0.778125 0.02734375 0.04921875
0 0.3171875 0.79375 0.00703125 0.01796875
0 0.77734375 0.3875 0.028125 0.059375
0 0.846875 0.26171875 0.02890625 0.03984375
0 0.8703125 0.06328125 0.0265625 0.03671875
0 0.8109375 0.2875 0.02421875 0.0390625
0 0.76484375 0.51015625 0.0234375 0.04375
0 0.78203125 0.5 0.0109375 0.0234375
0 0.23515625 0.3828125 0.028125 0.059375
0 0.3578125 0.109375 0.02890625 0.040625
0 0.35390625 0.29609375 0.021875 0.02890625
0 0.31015625 0.190625 0.025 0.03984375