0 0.78671875 0.64140625 0.05078125 0.053125
0 0.78671875 0.58828125 0.05078125 0.053125
0 0.784375 0.7609375 0.04609375 0.046875
0 0.4578125 0.67421875 0.0296875 0.0453125
0 0.65078125 0.7125 0.03046875 0.04609375
0 0.56484375 0.74453125 0.034375 0.0359375
0 0.41328125 0.74453125 0.03203125 0.03671875
0 0.05859375 0.37109375 0.0296875 0.0484375
0 0.14296875 0.36796875 0.02421875 0.040625
0 0.1671875 0.36796875 0.02421875 0.040625
0 0.3484375 0.371875 0.03046875 0.04921875
0 0.3375 0.1109375 0.02734375 0.03046875
0 0.3375 0.14140625 0.02734375 0.03046875
0 0.40390625 0.240625 0.03359375 0.0375
0 0.06796875 0.2296875 0.025 0.02734375
0 0.07421875 0.09609375 0.0328125 0.04140625
0 0.12265625 0.1 0.0328125 0.0375
0 0.11484375 0.23125 0.03203125 0.0359375
0 0.3484375 0.28984375 0.0296875 0.0421875
0 0.3296875 0.24140625 0.034375 0.04375
0 0.10078125 0.3953125 0.0328125 0.02890625
0 0.28828125 0.39921875 0.0390625 0.0375
0 0.78359375 0.17265625 0.03359375 0.04765625
0 0.85234375 0.18125 0.03203125 0.04609375