0 0.215625 0.58828125 0.04921875 0.0515625
0 0.215625 0.53671875 0.04921875 0.0515625
0 0.21796875 0.70546875 0.0453125 0.04609375
0 0.5375 0.62109375 0.0296875 0.04453125
0 0.3484375 0.65859375 0.0296875 0.0453125
0 0.4328125 0.6890625 0.03359375 0.03515625
0 0.58046875 0.6890625 0.03125 0.0359375
0 0.9265625 0.32421875 0.02890625 0.046875
0 0.84453125 0.32109375 0.0234375 0.03984375
0 0.82109375 0.32109375 0.0234375 0.03984375
0 0.64375 0.325 0.0296875 0.04765625
0 0.6546875 0.0703125 0.0265625 0.0296875
0 0.6546875 0.1 0.0265625 0.0296875
0 0.58984375 0.196875 0.0328125 0.03671875
0 0.91796875 0.18671875 0.025 0.0265625
0 0.91171875 0.05546875 0.03203125 0.040625
0 0.8640625 0.059375 0.03203125 0.03671875
0 0.871875 0.18828125 0.03125 0.03515625
0 0.64375 0.2453125 0.0296875 0.04140625
0 0.6625 0.19765625 0.03359375 0.04296875
0 0.8859375 0.34765625 0.03203125 0.028125
0 0.70234375 0.3515625 0.03828125 0.03671875
0 0.21875 0.13046875 0.0328125 0.046875
0 0.1515625 0.1390625 0.03125 0.04453125