0 0.97578125 0.4828125 0.04765625 0.03125
0 0.61640625 0.74375 0.0578125 0.03125
0 0.55390625 0.4703125 0.0578125 0.0328125
0 0.5140625 0.38828125 0.05 0.04375
0 0.24609375 0.3859375 0.04140625 0.03828125
0 0.69140625 0.74921875 0.04140625 0.034375
0 0.74296875 0.57265625 0.04453125 0.03671875
0 0.79296875 0.60078125 0.034375 0.0296875
0 0.225 0.16484375 0.0453125 0.0375
0 0.62421875 0.196875 0.04296875 0.0359375
0 0.5140625 0.29609375 0.04921875 0.0390625
0 0.796875 0.29375 0.05 0.03046875
0 0.7984375 0.1359375 0.05234375 0.03203125
0 0.5609375 0.32890625 0.03359375 0.02109375
0 0.89453125 0.42265625 0.04296875 0.03515625
0 0.72734375 0.434375 0.04375 0.0359375
0 0.57265625 0.13671875 0.0515625 0.0328125
0 0.6796875 0.25546875 0.05625 0.03984375
0 0.64140625 0.20390625 0.03671875 0.02265625
0 0.80859375 0.6046875 0.03984375 0.02421875