0 0.0234375 0.48203125 0.04609375 0.0296875
0 0.36875 0.73203125 0.05546875 0.0296875
0 0.42890625 0.46953125 0.05546875 0.03125
0 0.46640625 0.390625 0.0484375 0.04140625
0 0.7234375 0.38828125 0.03984375 0.03671875
0 0.296875 0.7375 0.03984375 0.0328125
0 0.246875 0.56796875 0.0421875 0.03515625
0 0.19921875 0.59453125 0.0328125 0.02890625
0 0.74453125 0.17734375 0.04296875 0.0359375
0 0.3609375 0.20703125 0.04140625 0.034375
0 0.46640625 0.303125 0.046875 0.0375
0 0.1953125 0.30078125 0.0484375 0.02890625
0 0.19453125 0.14921875 0.05 0.03046875
0 0.421875 0.33359375 0.03203125 0.0203125
0 0.1015625 0.4234375 0.04140625 0.03359375
0 0.2625 0.43515625 0.0421875 0.034375
0 0.41015625 0.14921875 0.05 0.03125
0 0.3078125 0.26328125 0.05390625 0.03828125
0 0.34453125 0.2140625 0.03515625 0.021875
0 0.184375 0.5984375 0.03828125 0.0234375