0 0.41171875 0.1453125 0.03359375 0.08671875
0 0.21796875 0.81875 0.03671875 0.09296875
0 0.3390625 0.6 0.034375 0.07421875
0 0.21796875 0.66796875 0.03671875 0.08046875
0 0.36796875 0.67421875 0.03359375 0.05625
0 0.3796875 0.46796875 0.03046875 0.0671875
0 0.3921875 0.56953125 0.0359375 0.06015625
0 0.13671875 0.33203125 0.0375 0.0640625
0 0.81640625 0.50546875 0.04140625 0.06875
0 0.6671875 0.53125 0.03359375 0.05546875
0 0.60859375 0.4640625 0.03515625 0.078125
0 0.6890625 0.4734375 0.0296875 0.06640625
0 0.86328125 0.6015625 0.02890625 0.0640625