0 0.57578125 0.1578125 0.03125 0.08125
0 0.75703125 0.78671875 0.034375 0.08671875
0 0.64375 0.58203125 0.03203125 0.06953125
0 0.75703125 0.64609375 0.034375 0.075
0 0.61640625 0.65234375 0.03125 0.05234375
0 0.60625 0.459375 0.028125 0.0625
0 0.59375 0.5546875 0.03359375 0.05625
0 0.83359375 0.33203125 0.03515625 0.06015625
0 0.19765625 0.49375 0.0390625 0.06484375
0 0.33671875 0.51796875 0.03125 0.0515625
0 0.39140625 0.45546875 0.0328125 0.07265625
0 0.31640625 0.4640625 0.028125 0.06171875
0 0.153125 0.584375 0.02734375 0.06015625