0 0.43984375 0.1421875 0.05703125 0.0828125
0 0.078125 0.71015625 0.0828125 0.059375
0 0.678125 0.8328125 0.0625 0.0890625
0 0.7453125 0.5828125 0.0625 0.05625
0 0.68984375 0.50703125 0.06484375 0.05703125
0 0.74609375 0.40703125 0.06328125 0.05703125
0 0.8625 0.4234375 0.04140625 0.04921875
0 0.38359375 0.31640625 0.05 0.04453125
0 0.38359375 0.271875 0.05 0.04375
0 0.334375 0.709375 0.06328125 0.05703125
0 0.1921875 0.67734375 0.0484375 0.05703125
0 0.26796875 0.6421875 0.0546875 0.06171875
0 0.26484375 0.5234375 0.0703125 0.065625