0 0.36640625 0.8265625 0.0421875 0.0734375
0 0.09921875 0.83515625 0.0546875 0.08984375
0 0.15390625 0.83515625 0.0546875 0.08984375
0 0.65 0.82734375 0.04296875 0.075
0 0.03515625 0.434375 0.0515625 0.0484375
0 0.1078125 0.48984375 0.03671875 0.05703125
0 0.3875 0.7203125 0.04140625 0.04609375
0 0.38671875 0.34375 0.0421875 0.046875
0 0.30703125 0.471875 0.03359375 0.0359375
0 0.31640625 0.5265625 0.03359375 0.053125
0 0.321875 0.7203125 0.04140625 0.046875
0 0.32578125 0.609375 0.03359375 0.0359375
0 0.11171875 0.378125 0.04453125 0.04921875
0 0.53984375 0.72890625 0.034375 0.0359375
0 0.725 0.69765625 0.0421875 0.0484375
0 0.69296875 0.64296875 0.0328125 0.03515625
0 0.725 0.55703125 0.04296875 0.04921875
0 0.81171875 0.57109375 0.02734375 0.04375
0 0.65234375 0.753125 0.03828125 0.0578125
0 0.59140625 0.67109375 0.0421875 0.04609375
0 0.23984375 0.225 0.034375 0.0390625