0 0.403125 0.16953125 0.0359375 0.07265625
0 0.1921875 0.6421875 0.0484375 0.05
0 0.70390625 0.74609375 0.0359375 0.07265625
0 0.640625 0.74765625 0.03828125 0.0765625
0 0.80234375 0.3703125 0.02734375 0.046875
0 0.765625 0.4921875 0.040625 0.053125
0 0.725 0.39921875 0.03671875 0.06015625
0 0.67890625 0.4 0.0359375 0.059375
0 0.6734375 0.53203125 0.04609375 0.06640625
0 0.3578125 0.64140625 0.03984375 0.0515625
0 0.36015625 0.34765625 0.034375 0.04453125
0 0.36015625 0.30234375 0.034375 0.04453125
0 0.26484375 0.590625 0.0359375 0.059375
0 0.2765625 0.51171875 0.040625 0.05390625