0 0.29140625 0.2359375 0.05234375 0.06953125
0 0.2828125 0.9296875 0.0609375 0.04140625
0 0.24765625 0.8140625 0.059375 0.07109375
0 0.246875 0.7359375 0.05859375 0.05625
0 0.290625 0.6828125 0.0609375 0.04453125
0 0.29140625 0.6203125 0.06015625 0.04375
0 0.775 0.234375 0.053125 0.0671875
0 0.7890625 0.665625 0.05234375 0.05390625
0 0.746875 0.55078125 0.05390625 0.05
0 0.6765625 0.59453125 0.053125 0.05
0 0.59375 0.59140625 0.04609375 0.04375
0 0.66328125 0.44296875 0.053125 0.05
0 0.73046875 0.44296875 0.0515625 0.0484375