0 0.8171875 0.7265625 0.05546875 0.0765625
0 0.76171875 0.7265625 0.05546875 0.0765625
0 0.3671875 0.77421875 0.040625 0.0609375
0 0.63125 0.3140625 0.0359375 0.05703125
0 0.63125 0.353125 0.0359375 0.05703125
0 0.83671875 0.1453125 0.0375 0.0578125
0 0.6921875 0.27578125 0.02578125 0.03359375
0 0.69140625 0.34921875 0.04609375 0.04921875
0 0.63984375 0.5125 0.0296875 0.03828125
0 0.31875 0.6546875 0.03984375 0.03828125
0 0.31953125 0.5015625 0.03984375 0.0375
0 0.28671875 0.6015625 0.02578125 0.03359375
0 0.20859375 0.5125 0.02578125 0.03359375
0 0.41796875 0.65703125 0.04140625 0.04453125
0 0.36875 0.70234375 0.040625 0.04921875