0 0.63359375 0.2109375 0.04609375 0.1453125
0 0.63359375 0.2984375 0.04609375 0.14375
0 0.19453125 0.6015625 0.065625 0.0890625
0 0.24140625 0.6015625 0.06640625 0.0890625
0 0.71015625 0.79375 0.05390625 0.0921875
0 0.70078125 0.6859375 0.0484375 0.10234375
0 0.50078125 0.69765625 0.03671875 0.07890625
0 0.85703125 0.69921875 0.03515625 0.075
0 0.98203125 0.91328125 0.0359375 0.12109375
0 0.96640625 0.6046875 0.06640625 0.1359375
0 0.771875 0.55625 0.0484375 0.103125
0 0.671875 0.55625 0.04921875 0.103125