0 0.24375 0.5453125 0.0546875 0.05234375
0 0.546875 0.07734375 0.0546875 0.05234375
0 0.65390625 0.546875 0.06171875 0.05703125
0 0.2546875 0.2390625 0.04765625 0.03984375
0 0.13203125 0.23984375 0.046875 0.0390625
0 0.13984375 0.4296875 0.0546875 0.04453125
0 0.33828125 0.2328125 0.06328125 0.0375
0 0.1609375 0.3359375 0.065625 0.0375
0 0.33828125 0.48359375 0.0625 0.0375
0 0.8484375 0.27890625 0.0546875 0.04453125
0 0.77578125 0.27890625 0.0546875 0.04453125
0 0.653125 0.4296875 0.06328125 0.04921875
0 0.8234375 0.38046875 0.0546875 0.04375
0 0.85546875 0.325 0.0609375 0.0375
0 0.67265625 0.4765625 0.06328125 0.0375