0 0.7640625 0.55859375 0.0546875 0.05234375
0 0.46015625 0.09140625 0.0546875 0.05234375
0 0.353125 0.56015625 0.06171875 0.05703125
0 0.75234375 0.253125 0.04765625 0.03984375
0 0.875 0.253125 0.046875 0.0390625
0 0.86796875 0.44296875 0.0546875 0.04453125
0 0.66875 0.24609375 0.06328125 0.0375
0 0.846875 0.34921875 0.065625 0.0375
0 0.66875 0.496875 0.0625 0.0375
0 0.159375 0.2921875 0.0546875 0.04453125
0 0.23203125 0.2921875 0.0546875 0.04453125
0 0.35390625 0.44296875 0.06328125 0.04921875
0 0.184375 0.39453125 0.0546875 0.04375
0 0.1515625 0.33828125 0.0609375 0.0375
0 0.334375 0.48984375 0.06328125 0.0375