0 0.2890625 0.1421875 0.04453125 0.05625
0 0.66875 0.42578125 0.06171875 0.0421875
0 0.375 0.88203125 0.0515625 0.06796875
0 0.46328125 0.878125 0.04375 0.06015625
0 0.7546875 0.8796875 0.046875 0.0625
0 0.1421875 0.41484375 0.04453125 0.053125
0 0.16015625 0.1890625 0.04609375 0.05
0 0.2109375 0.303125 0.05078125 0.0421875
0 0.14296875 0.31796875 0.0453125 0.05
0 0.25390625 0.67890625 0.0359375 0.0421875
0 0.25546875 0.425 0.05234375 0.04375
0 0.0921875 0.57578125 0.034375 0.03984375
0 0.196875 0.72265625 0.0546875 0.04453125
0 0.3765625 0.72421875 0.05078125 0.0546875
0 0.27890625 0.7265625 0.04609375 0.05
0 0.478125 0.72109375 0.05390625 0.046875
0 0.75859375 0.74296875 0.04609375 0.0515625