0 0.9765625 0.15625 0.046875 0.059375
0 0.8796875 0.43671875 0.04453125 0.08046875
0 0.6671875 0.79609375 0.04375 0.0875
0 0.8625 0.31640625 0.0578125 0.06953125
0 0.6203125 0.2625 0.046875 0.0578125
0 0.78671875 0.24921875 0.04140625 0.0671875
0 0.709375 0.2453125 0.03515625 0.05625
0 0.36953125 0.3703125 0.059375 0.0578125
0 0.128125 0.4515625 0.04609375 0.05859375
0 0.16484375 0.3765625 0.040625 0.05078125
0 0.128125 0.27890625 0.0453125 0.05703125
0 0.20546875 0.52265625 0.0421875 0.06875
0 0.31953125 0.22265625 0.03125 0.0625
0 0.2203125 0.40546875 0.04765625 0.0625