0 0.265625 0.209375 0.0359375 0.06328125
0 0.26328125 0.59921875 0.03515625 0.05078125
0 0.18359375 0.64296875 0.03515625 0.05078125
0 0.30703125 0.74296875 0.04765625 0.05859375
0 0.16484375 0.471875 0.03515625 0.04921875
0 0.2515625 0.471875 0.034375 0.04921875
0 0.1515625 0.55234375 0.0359375 0.0390625
0 0.66640625 0.209375 0.0359375 0.0640625
0 0.7015625 0.875 0.03515625 0.0625
0 0.6234375 0.690625 0.040625 0.04296875
0 0.696875 0.7671875 0.03515625 0.05078125
0 0.77890625 0.72421875 0.03515625 0.05078125
0 0.78828125 0.68515625 0.03984375 0.04296875
0 0.77109375 0.946875 0.03984375 0.04375