0 0.553125 0.26953125 0.059375 0.046875
0 0.59609375 0.26953125 0.059375 0.046875
0 0.6875 0.8453125 0.04765625 0.0671875
0 0.259375 0.85625 0.06328125 0.08203125
0 0.19609375 0.85625 0.06328125 0.08203125
0 0.09765625 0.4140625 0.05546875 0.0484375
0 0.1 0.21171875 0.05 0.04296875
0 0.30078125 0.4578125 0.05078125 0.04296875
0 0.37109375 0.2953125 0.03671875 0.046875
0 0.45546875 0.184375 0.04296875 0.0390625
0 0.4828125 0.58046875 0.03203125 0.04140625
0 0.43203125 0.59140625 0.04453125 0.04375
0 0.584375 0.6546875 0.040625 0.04921875
0 0.7796875 0.59609375 0.04609375 0.0453125
0 0.68828125 0.7609375 0.04609375 0.05546875