0 0.22421875 0.4296875 0.03125 0.065625
0 0.22421875 0.4796875 0.03125 0.065625
0 0.19765625 0.39296875 0.02890625 0.0375
0 0.075 0.31015625 0.0296875 0.05625
0 0.23359375 0.27578125 0.021875 0.04375
0 0.21171875 0.27578125 0.021875 0.04375
0 0.24453125 0.325 0.03203125 0.04296875
0 0.96640625 0.2890625 0.02734375 0.02890625
0 0.984375 0.2890625 0.02734375 0.02890625
0 0.96640625 0.2609375 0.02734375 0.028125
0 0.98359375 0.2609375 0.02734375 0.028125
0 0.55390625 0.94375 0.025 0.053125
0 0.4484375 0.68515625 0.03359375 0.04375
0 0.42109375 0.68515625 0.034375 0.04375
0 0.496875 0.684375 0.02578125 0.03359375
0 0.4953125 0.84296875 0.0296875 0.0390625