0 0.78125 0.43046875 0.03046875 0.0640625
0 0.78125 0.47890625 0.03046875 0.06328125
0 0.8078125 0.3953125 0.028125 0.03671875
0 0.92734375 0.3140625 0.02890625 0.0546875
0 0.77265625 0.28046875 0.021875 0.04296875
0 0.79453125 0.28046875 0.021875 0.04296875
0 0.76171875 0.32890625 0.03125 0.0421875
0 0.059375 0.29375 0.02734375 0.028125
0 0.0421875 0.29375 0.02734375 0.028125
0 0.059375 0.265625 0.0265625 0.02734375
0 0.0421875 0.265625 0.0265625 0.02734375
0 0.4609375 0.93046875 0.02421875 0.05234375
0 0.56328125 0.67890625 0.0328125 0.04296875
0 0.58984375 0.67890625 0.0328125 0.04296875
0 0.51640625 0.67890625 0.025 0.0328125
0 0.51796875 0.8328125 0.02890625 0.0375