0 0.5796875 0.5640625 0.025 0.04375
0 0.22109375 0.8265625 0.03125 0.02890625
0 0.39375 0.87578125 0.02734375 0.0484375
0 0.709375 0.8171875 0.02578125 0.03046875
0 0.68984375 0.66640625 0.01953125 0.021875
0 0.73046875 0.6640625 0.01796875 0.02890625
0 0.73671875 0.76640625 0.025 0.0375
0 0.571875 0.62421875 0.02578125 0.0296875
0 0.44296875 0.7640625 0.02421875 0.02734375
0 0.44296875 0.73671875 0.02421875 0.02734375
0 0.34921875 0.6828125 0.025 0.02890625
0 0.36796875 0.74140625 0.0203125 0.02265625
0 0.37265625 0.64375 0.01796875 0.02890625
0 0.7875 0.81328125 0.03203125 0.0296875
0 0.62578125 0.340625 0.02890625 0.0328125
0 0.58203125 0.34765625 0.01953125 0.0296875
0 0.37265625 0.371875 0.03671875 0.05