0 0.30234375 0.325 0.05078125 0.06328125
0 0.30234375 0.278125 0.05078125 0.06328125
0 0.30234375 0.50390625 0.05078125 0.0546875
0 0.2375 0.5046875 0.05 0.053125
0 0.21796875 0.64609375 0.04609375 0.0390625
0 0.17109375 0.665625 0.0390625 0.04140625
0 0.75234375 0.27578125 0.05234375 0.0625
0 0.75234375 0.325 0.05234375 0.0625
0 0.71875 0.82265625 0.05703125 0.06796875
0 0.82265625 0.65078125 0.05703125 0.0484375
0 0.7015625 0.7171875 0.0453125 0.0359375
0 0.70078125 0.671875 0.04453125 0.0359375
0 0.71953125 0.72109375 0.05703125 0.0578125
0 0.68515625 0.90078125 0.05 0.04375