0 0.7203125 0.31484375 0.0484375 0.0609375
0 0.7203125 0.2703125 0.0484375 0.0609375
0 0.7203125 0.4859375 0.0484375 0.0515625
0 0.78203125 0.48671875 0.04765625 0.05078125
0 0.80078125 0.621875 0.04453125 0.03671875
0 0.8453125 0.63984375 0.03671875 0.0390625
0 0.29140625 0.26796875 0.05 0.06015625
0 0.29140625 0.31484375 0.05 0.06015625
0 0.3234375 0.78984375 0.05390625 0.06484375
0 0.22421875 0.62578125 0.0546875 0.04609375
0 0.33984375 0.6890625 0.04296875 0.034375
0 0.340625 0.64609375 0.0421875 0.034375
0 0.32265625 0.69296875 0.05390625 0.05546875
0 0.35546875 0.8640625 0.04765625 0.0421875