0 0.6296875 0.15234375 0.065625 0.09375
0 0.6296875 0.08828125 0.065625 0.09453125
0 0.58046875 0.93359375 0.0734375 0.09375
0 0.7203125 0.5078125 0.06953125 0.0578125
0 0.5796875 0.76328125 0.07578125 0.0828125
0 0.09609375 0.159375 0.065625 0.0828125
0 0.09609375 0.09453125 0.065625 0.08359375
0 0.22109375 0.81484375 0.06640625 0.08671875
0 0.22109375 0.75 0.06640625 0.08671875
0 0.19921875 0.56796875 0.065625 0.07265625
0 0.24453125 0.4171875 0.0734375 0.0609375
0 0.31796875 0.31171875 0.05859375 0.0671875
0 0.23203125 0.346875 0.065625 0.07421875
0 0.1390625 0.640625 0.0671875 0.05546875