0 0.628125 0.17109375 0.0703125 0.1
0 0.628125 0.1015625 0.0703125 0.10078125
0 0.575 0.97734375 0.078125 0.0453125
0 0.72421875 0.55078125 0.075 0.06171875
0 0.575 0.8234375 0.08046875 0.08828125
0 0.0578125 0.17734375 0.0703125 0.08828125
0 0.0578125 0.10859375 0.0703125 0.0890625
0 0.19140625 0.878125 0.07109375 0.0921875
0 0.19140625 0.809375 0.07109375 0.0921875
0 0.16796875 0.6140625 0.0703125 0.078125
0 0.21640625 0.45390625 0.078125 0.06484375
0 0.29453125 0.340625 0.0625 0.071875
0 0.203125 0.378125 0.0703125 0.0796875
0 0.10390625 0.6921875 0.071875 0.059375