0 0.97421875 0.7953125 0.05078125 0.0625
0 0.44765625 0.86484375 0.04765625 0.09453125
0 0.26484375 0.1796875 0.06015625 0.06015625
0 0.69140625 0.20078125 0.0421875 0.08515625
0 0.7609375 0.7921875 0.04609375 0.0546875
0 0.76171875 0.4328125 0.0484375 0.05703125
0 0.85703125 0.57265625 0.03984375 0.0453125
0 0.87265625 0.7734375 0.0421875 0.06953125
0 0.41953125 0.4375 0.06328125 0.09296875
0 0.26640625 0.46640625 0.03046875 0.05390625
0 0.43203125 0.56171875 0.04921875 0.06015625
0 0.390625 0.6359375 0.04765625 0.0578125
0 0.4421875 0.70703125 0.046875 0.07734375
0 0.20859375 0.28984375 0.04140625 0.06953125