0 0.728125 0.31015625 0.06171875 0.0578125
0 0.6859375 0.31015625 0.06171875 0.0578125
0 0.76015625 0.9171875 0.0453125 0.0890625
0 0.43515625 0.96328125 0.0453125 0.07265625
0 0.0953125 0.609375 0.06015625 0.05625
0 0.0546875 0.609375 0.06015625 0.05625
0 0.7796875 0.4421875 0.04765625 0.05703125
0 0.7796875 0.6046875 0.046875 0.05625
0 0.8203125 0.74453125 0.04609375 0.05546875
0 0.60390625 0.753125 0.0484375 0.05625
0 0.6484375 0.8109375 0.034375 0.05703125
0 0.7609375 0.8203125 0.046875 0.07578125
0 0.37578125 0.70859375 0.03828125 0.04375
0 0.1328125 0.75859375 0.040625 0.06640625
0 0.19765625 0.61015625 0.0484375 0.05625
0 0.18046875 0.59140625 0.03515625 0.059375
0 0.13828125 0.67421875 0.04140625 0.06796875
0 0.33359375 0.6171875 0.040625 0.06484375