0 0.7546875 0.66640625 0.03984375 0.0796875
0 0.72578125 0.65078125 0.01796875 0.04921875
0 0.51796875 0.0734375 0.0359375 0.07421875
0 0.14140625 0.70703125 0.0375 0.06484375
0 0.17890625 0.6015625 0.0546875 0.05390625
0 0.365625 0.36640625 0.0390625 0.04609375
0 0.32890625 0.29609375 0.04765625 0.0578125
0 0.8859375 0.459375 0.04375 0.05234375
0 0.65390625 0.4515625 0.0390625 0.06484375
0 0.459375 0.3984375 0.0359375 0.059375
0 0.375 0.3984375 0.03515625 0.05859375
0 0.32421875 0.5046875 0.0390625 0.0640625
0 0.4171875 0.5546875 0.0390625 0.04609375
0 0.72578125 0.53359375 0.0171875 0.03515625
0 0.7546875 0.5171875 0.040625 0.0671875
0 0.815625 0.52109375 0.03515625 0.06015625