0 0.65703125 0.0265625 0.0265625 0.05234375
0 0.86640625 0.0265625 0.03515625 0.05234375
0 0.9015625 0.0265625 0.03515625 0.05234375
0 0.98125 0.49140625 0.03515625 0.0484375
0 0.740625 0.696875 0.02890625 0.075
0 0.740625 0.640625 0.02890625 0.07578125
0 0.67265625 0.52265625 0.02890625 0.04765625
0 0.69609375 0.4125 0.028125 0.04453125
0 0.61953125 0.51171875 0.02109375 0.05078125
0 0.73359375 0.2296875 0.02421875 0.05546875
0 0.79375 0.55 0.0296875 0.0484375
0 0.46796875 0.45234375 0.034375 0.04921875
0 0.4421875 0.45234375 0.034375 0.04921875
0 0.20546875 0.16484375 0.01484375 0.0359375
0 0.2109375 0.42578125 0.028125 0.04765625
0 0.2109375 0.3109375 0.02890625 0.0484375
0 0.30390625 0.35703125 0.0296875 0.05
0 0.26015625 0.4484375 0.0203125 0.046875