0 0.9328125 0.3875 0.06796875 0.06796875
0 0.2578125 0.1546875 0.0421875 0.071875
0 0.2578125 0.0984375 0.0421875 0.071875
0 0.734375 0.52109375 0.04609375 0.0484375
0 0.809375 0.3875 0.05859375 0.06484375
0 0.69453125 0.3765625 0.0484375 0.05234375
0 0.71328125 0.58671875 0.04453125 0.06953125
0 0.49296875 0.10546875 0.05078125 0.04921875
0 0.53046875 0.10546875 0.05078125 0.04921875
0 0.5515625 0.43046875 0.03828125 0.0671875
0 0.5515625 0.38125 0.03828125 0.0671875
0 0.6390625 0.52109375 0.04453125 0.07265625
0 0.6359375 0.746875 0.0375 0.06015625
0 0.534375 0.74921875 0.040625 0.0640625
0 0.696875 0.47890625 0.05234375 0.05703125
0 0.40390625 0.45 0.05 0.078125
0 0.45546875 0.44375 0.05390625 0.05625
0 0.24296875 0.7546875 0.0515625 0.0796875
0 0.24453125 0.89296875 0.05078125 0.084375
0 0.27734375 0.63515625 0.0390625 0.03984375
0 0.2703125 0.7171875 0.05234375 0.05859375
0 0.2765625 0.53046875 0.03984375 0.0421875
0 0.2234375 0.71640625 0.05 0.05703125
0 0.2234375 0.60703125 0.04921875 0.05546875