0 0.4203125 0.7328125 0.040625 0.134375
0 0.025 0.428125 0.04296875 0.13515625
0 0.06796875 0.428125 0.04296875 0.13515625
0 0.2296875 0.4375 0.03671875 0.11796875
0 0.3109375 0.4015625 0.0359375 0.1125
0 0.36875 0.378125 0.04765625 0.11875
0 0.36875 0.259375 0.04765625 0.11875
0 0.90859375 0.41796875 0.0453125 0.1078125
0 0.51953125 0.34140625 0.0359375 0.11640625
0 0.72578125 0.38671875 0.0421875 0.10234375
0 0.51796875 0.646875 0.0359375 0.11640625
0 0.67109375 0.64609375 0.03671875 0.11796875
0 0.78828125 0.43515625 0.04375 0.13671875
0 0.83125 0.43515625 0.04296875 0.13671875