0 0.55390625 0.78125 0.040625 0.09609375
0 0.13515625 0.8734375 0.0546875 0.125
0 0.0796875 0.8734375 0.05546875 0.125
0 0.0203125 0.240625 0.03984375 0.06640625
0 0.83203125 0.0515625 0.03515625 0.0890625
0 0.34765625 0.4015625 0.0375 0.08203125
0 0.33828125 0.55625 0.040625 0.0640625
0 0.55234375 0.6328125 0.040625 0.084375
0 0.48125 0.5734375 0.02421875 0.05703125
0 0.43671875 0.62578125 0.0328125 0.0703125
0 0.9421875 0.40546875 0.02890625 0.06328125
0 0.903125 0.47421875 0.034375 0.05078125
0 0.90859375 0.68984375 0.0265625 0.06015625