0 0.52265625 0.91484375 0.0828125 0.0828125
0 0.44296875 0.1515625 0.0921875 0.08515625
0 0.44296875 0.21484375 0.0921875 0.084375
0 0.80546875 0.1578125 0.075 0.0734375
0 0.80546875 0.209375 0.075 0.07265625
0 0.36171875 0.6609375 0.09375 0.05703125
0 0.4359375 0.590625 0.078125 0.0453125
0 0.14765625 0.64453125 0.06015625 0.05
0 0.628125 0.65078125 0.1 0.06171875
0 0.83515625 0.63125 0.06171875 0.0515625
0 0.521875 0.76015625 0.08515625 0.0671875
0 0.72265625 0.34296875 0.08125 0.04765625
0 0.803125 0.39296875 0.06875 0.05625