0 0.33984375 0.17265625 0.03515625 0.07734375
0 0.140625 0.334375 0.03828125 0.078125
0 0.18515625 0.55625 0.05390625 0.0640625
0 0.6421875 0.80546875 0.03984375 0.0859375
0 0.97734375 0.45546875 0.0453125 0.05234375
0 0.36875 0.40859375 0.03671875 0.065625
0 0.64140625 0.665625 0.03984375 0.071875
0 0.5734375 0.6125 0.02734375 0.0515625
0 0.7234375 0.5203125 0.03515625 0.0640625
0 0.828125 0.45703125 0.04375 0.05625
0 0.82265625 0.3296875 0.03359375 0.06171875
0 0.7765625 0.33046875 0.0328125 0.059375
0 0.93046875 0.48125 0.0328125 0.06015625
0 0.93359375 0.6109375 0.028125 0.053125
0 0.27265625 0.36328125 0.03671875 0.05078125