0 0.28671875 0.16640625 0.0359375 0.07890625
0 0.08515625 0.33125 0.0390625 0.0796875
0 0.1296875 0.55703125 0.0546875 0.06484375
0 0.5953125 0.81015625 0.040625 0.0875
0 0.93671875 0.4546875 0.04921875 0.053125
0 0.31640625 0.40625 0.0375 0.0671875
0 0.59375 0.66796875 0.040625 0.07265625
0 0.525 0.6140625 0.028125 0.05234375
0 0.67734375 0.5203125 0.0359375 0.06484375
0 0.78359375 0.45546875 0.04453125 0.0578125
0 0.778125 0.32578125 0.034375 0.0625
0 0.73203125 0.32734375 0.0328125 0.0609375
0 0.88828125 0.4796875 0.03359375 0.06171875
0 0.89140625 0.6125 0.02890625 0.05390625
0 0.21953125 0.36015625 0.0375 0.0515625