0 0.984375 0.2421875 0.03125 0.04453125
0 0.984375 0.16875 0.03125 0.04453125
0 0.80625 0.59453125 0.02734375 0.06015625
0 0.80625 0.50390625 0.02890625 0.0546875
0 0.85390625 0.321875 0.025 0.0484375
0 0.73359375 0.28046875 0.025 0.0484375
0 0.8765625 0.23046875 0.025 0.04921875
0 0.79375 0.2640625 0.025 0.034375
0 0.86953125 0.1515625 0.03046875 0.03984375
0 0.88203125 0.33515625 0.02734375 0.0390625
0 0.8265625 0.38984375 0.03828125 0.0625
0 0.74375 0.37109375 0.02421875 0.04296875
0 0.0421875 0.26875 0.0375 0.0453125
0 0.18828125 0.31328125 0.02734375 0.03984375
0 0.3 0.27265625 0.02734375 0.0390625
0 0.3 0.3265625 0.02734375 0.03984375
0 0.1390625 0.2578125 0.02109375 0.03984375
0 0.2421875 0.2671875 0.02578125 0.04765625
0 0.2734375 0.359375 0.01875 0.0359375
0 0.24609375 0.3546875 0.02421875 0.04453125