0 0.68984375 0.4390625 0.04765625 0.0796875
0 0.68984375 0.3828125 0.04765625 0.07890625
0 0.58359375 0.80625 0.053125 0.08359375
0 0.68515625 0.58984375 0.04140625 0.0546875
0 0.58359375 0.71796875 0.05234375 0.06953125
0 0.896875 0.096875 0.0609375 0.0625
0 0.16796875 0.44296875 0.046875 0.07578125
0 0.16796875 0.3875 0.046875 0.07578125
0 0.36484375 0.58828125 0.0453125 0.06171875
0 0.19609375 0.5875 0.046875 0.06328125
0 0.05234375 0.58828125 0.04609375 0.0625
0 0.31015625 0.5078125 0.0453125 0.0609375
0 0.2375 0.70859375 0.0390625 0.05390625