0 0.58671875 0.9734375 0.0546875 0.053125
0 0.17578125 0.95625 0.07265625 0.0671875
0 0.10390625 0.95625 0.071875 0.0671875
0 0.0515625 0.16015625 0.04375 0.0453125
0 0.30390625 0.2125 0.05078125 0.0328125
0 0.309375 0.53671875 0.06171875 0.0421875
0 0.24609375 0.6234375 0.0578125 0.0390625
0 0.1796875 0.628125 0.05 0.0484375
0 0.15859375 0.62421875 0.0515625 0.03515625
0 0.1140625 0.534375 0.0546875 0.0375
0 0.115625 0.45625 0.0515625 0.03515625
0 0.05 0.28984375 0.0390625 0.0390625
0 0.2359375 0.378125 0.04140625 0.040625
0 0.0609375 0.371875 0.04453125 0.04375
0 0.08125 0.44765625 0.04296875 0.0421875
0 0.66015625 0.72265625 0.04765625 0.04609375
0 0.71484375 0.765625 0.0484375 0.034375
0 0.7171875 0.86953125 0.05234375 0.03671875
0 0.58515625 0.91484375 0.05546875 0.0515625
0 0.64765625 0.875 0.04296875 0.04140625