0 0.778125 0.86796875 0.04921875 0.1
0 0.28671875 0.71875 0.05703125 0.0671875
0 0.24140625 0.62265625 0.04296875 0.08359375
0 0.1390625 0.63828125 0.06328125 0.115625
0 0.07578125 0.63828125 0.06328125 0.115625
0 0.33046875 0.08125 0.05390625 0.065625
0 0.5625 0.1078125 0.04296875 0.09296875
0 0.4875 0.7203125 0.0484375 0.06796875
0 0.365625 0.70546875 0.03828125 0.06875
0 0.390625 0.50390625 0.04453125 0.0609375
0 0.4734375 0.303125 0.04921875 0.06953125
0 0.93203125 0.41171875 0.034375 0.06328125
0 0.8625 0.59921875 0.04765625 0.06640625
0 0.821875 0.51015625 0.04375 0.059375
0 0.7765625 0.746875 0.046875 0.08203125
0 0.81484375 0.42109375 0.04296875 0.0765625