0 0.765625 0.871875 0.0484375 0.0984375
0 0.28203125 0.72578125 0.05625 0.065625
0 0.2375 0.63125 0.0421875 0.0828125
0 0.1359375 0.64609375 0.0625 0.11328125
0 0.0734375 0.64609375 0.0625 0.11328125
0 0.325 0.09765625 0.053125 0.0640625
0 0.553125 0.12421875 0.0421875 0.09140625
0 0.4796875 0.72734375 0.04765625 0.06640625
0 0.359375 0.7125 0.0375 0.0671875
0 0.384375 0.5140625 0.04375 0.06015625
0 0.465625 0.31640625 0.0484375 0.06796875
0 0.91796875 0.4234375 0.03359375 0.06171875
0 0.8484375 0.6078125 0.046875 0.06484375
0 0.809375 0.5203125 0.04296875 0.05859375
0 0.7640625 0.753125 0.04609375 0.08125
0 0.80234375 0.4328125 0.04296875 0.07578125