0 0.63125 0.71015625 0.0296875 0.05
0 0.971875 0.68203125 0.03203125 0.05546875
0 0.82109375 0.775 0.02421875 0.09296875
0 0.86328125 0.6828125 0.03203125 0.05546875
0 0.81796875 0.484375 0.02109375 0.06484375
0 0.775 0.484375 0.02109375 0.0640625
0 0.75859375 0.28671875 0.02421875 0.05625
0 0.77109375 0.37421875 0.02109375 0.06484375
0 0.815625 0.6046875 0.02421875 0.0734375
0 0.94296875 0.34453125 0.021875 0.06484375
0 0.3921875 0.31875 0.02265625 0.0703125
0 0.35703125 0.4515625 0.03125 0.05234375
0 0.128125 0.47578125 0.025 0.05546875
0 0.284375 0.453125 0.025 0.0546875
0 0.2546875 0.53828125 0.02109375 0.065625
0 0.20859375 0.53984375 0.021875 0.06796875