0 0.65 0.2421875 0.04375 0.0484375
0 0.6984375 0.253125 0.05703125 0.046875
0 0.69921875 0.390625 0.0546875 0.0453125
0 0.4921875 0.40078125 0.0484375 0.05078125
0 0.10703125 0.95625 0.07421875 0.075
0 0.18125 0.95625 0.07421875 0.075
0 0.484375 0.84375 0.04453125 0.0484375
0 0.5390625 0.86640625 0.0453125 0.034375
0 0.79296875 0.23984375 0.0390625 0.04296875
0 0.80078125 0.128125 0.03203125 0.0375
0 0.596875 0.02578125 0.05703125 0.0453125
0 0.75234375 0.40234375 0.04375 0.046875
0 0.75234375 0.33671875 0.04375 0.0453125
0 0.78515625 0.378125 0.03828125 0.0296875
0 0.5625 0.7109375 0.03359375 0.03671875
0 0.43515625 0.6984375 0.0515625 0.03984375
0 0.48515625 0.77890625 0.04296875 0.04609375
0 0.6453125 0.69765625 0.05078125 0.04140625
0 0.7953125 0.653125 0.0390625 0.04296875
0 0.68046875 0.58984375 0.03359375 0.0375
0 0.79453125 0.56171875 0.0390625 0.04140625