0 0.6078125 0.26796875 0.04140625 0.04609375
0 0.653125 0.278125 0.05390625 0.04453125
0 0.6546875 0.40859375 0.05234375 0.04296875
0 0.4578125 0.41796875 0.04609375 0.0484375
0 0.0921875 0.94609375 0.0703125 0.07109375
0 0.1625 0.94609375 0.0703125 0.07109375
0 0.45078125 0.83984375 0.0421875 0.04609375
0 0.50234375 0.8609375 0.04296875 0.0328125
0 0.74375 0.265625 0.0375 0.040625
0 0.75078125 0.159375 0.03046875 0.03515625
0 0.55703125 0.06171875 0.05390625 0.04296875
0 0.7046875 0.4203125 0.0421875 0.04453125
0 0.7046875 0.3578125 0.0421875 0.04296875
0 0.73671875 0.39765625 0.0359375 0.028125
0 0.52421875 0.71328125 0.03203125 0.03515625
0 0.40390625 0.70078125 0.04921875 0.03828125
0 0.4515625 0.77734375 0.040625 0.04375
0 0.60390625 0.7 0.0484375 0.03984375
0 0.7453125 0.6578125 0.03671875 0.040625
0 0.63671875 0.59765625 0.03203125 0.0359375
0 0.74453125 0.571875 0.03671875 0.03984375