0 0.83046875 0.12890625 0.03984375 0.09140625
0 0.52109375 0.90078125 0.04609375 0.1046875
0 0.27421875 0.44375 0.04296875 0.09296875
0 0.14375 0.12265625 0.04453125 0.0953125
0 0.51953125 0.434375 0.040625 0.075
0 0.371875 0.43984375 0.0328125 0.06328125
0 0.47421875 0.63984375 0.04453125 0.06484375
0 0.51328125 0.553125 0.04375 0.0640625
0 0.52109375 0.7734375 0.04453125 0.08203125
0 0.771875 0.36953125 0.04375 0.06328125
0 0.86171875 0.36875 0.04375 0.06328125
0 0.90703125 0.3484375 0.034375 0.065625
0 0.81796875 0.6171875 0.0453125 0.06328125
0 0.85625 0.59921875 0.034375 0.06328125