0 0.3109375 0.22734375 0.0375 0.07578125
0 0.76796875 0.83359375 0.04140625 0.08125
0 0.16484375 0.0515625 0.0375 0.07578125
0 0.178125 0.671875 0.05625 0.103125
0 0.121875 0.671875 0.05625 0.103125
0 0.08828125 0.23515625 0.034375 0.06015625
0 0.40703125 0.69296875 0.04609375 0.05625
0 0.40703125 0.3453125 0.04609375 0.05625
0 0.82265625 0.6515625 0.04453125 0.05625
0 0.78828125 0.58046875 0.03515625 0.0421875
0 0.821875 0.48828125 0.04296875 0.0546875
0 0.90390625 0.6359375 0.028125 0.05
0 0.76875 0.75078125 0.0421875 0.0703125
0 0.77265625 0.42421875 0.0375 0.06484375
0 0.31796875 0.5265625 0.0421875 0.0515625
0 0.3109375 0.36328125 0.0375 0.06484375