0 0.72265625 0.01640625 0.0546875 0.0328125
0 0.65546875 0.73203125 0.06484375 0.09453125
0 0.8 0.84921875 0.07421875 0.06171875
0 0.65234375 0.60234375 0.06171875 0.0765625
0 0.58515625 0.5484375 0.040625 0.053125
0 0.15625 0.73125 0.05546875 0.08515625
0 0.15625 0.671875 0.05546875 0.0859375
0 0.0921875 0.2640625 0.04921875 0.06796875
0 0.290625 0.21015625 0.05390625 0.0734375
0 0.1578125 0.49609375 0.05546875 0.065625
0 0.228125 0.496875 0.05625 0.0671875
0 0.16015625 0.35625 0.04296875 0.05390625
0 0.10859375 0.4390625 0.0484375 0.04375