0 0.240625 0.015625 0.053125 0.03125
0 0.240625 0.046875 0.053125 0.08203125
0 0.30625 0.7671875 0.0625 0.0921875
0 0.165625 0.88125 0.071875 0.06015625
0 0.309375 0.64140625 0.06015625 0.07421875
0 0.375 0.58828125 0.03984375 0.05234375
0 0.7921875 0.76640625 0.05390625 0.0828125
0 0.7921875 0.70859375 0.05390625 0.08359375
0 0.85390625 0.3125 0.04765625 0.065625
0 0.66171875 0.259375 0.05234375 0.07109375
0 0.78984375 0.53828125 0.05390625 0.0640625
0 0.721875 0.5390625 0.0546875 0.06484375
0 0.78828125 0.40234375 0.0421875 0.05234375
0 0.83828125 0.48203125 0.046875 0.0421875