0 0.603125 0.30390625 0.0375 0.05390625
0 0.6046875 0.70546875 0.0359375 0.05078125
0 0.73203125 0.8046875 0.0296875 0.08359375
0 0.89453125 0.49609375 0.03671875 0.05234375
0 0.60625 0.4296875 0.03125 0.05078125
0 0.6953125 0.7078125 0.02734375 0.04765625
0 0.71875 0.56640625 0.02734375 0.04765625
0 0.6453125 0.69140625 0.01875 0.04609375
0 0.7625 0.64296875 0.01953125 0.04765625
0 0.7328125 0.6921875 0.02890625 0.0671875
0 0.390625 0.51796875 0.03671875 0.053125
0 0.16484375 0.6296875 0.02109375 0.053125
0 0.30234375 0.5234375 0.0265625 0.04296875
0 0.1265625 0.5796875 0.0296875 0.04140625