0 0.5921875 0.25546875 0.06953125 0.05703125
0 0.35703125 0.88515625 0.0484375 0.09140625
0 0.6453125 0.334375 0.03125 0.046875
0 0.6765625 0.334375 0.03203125 0.046875
0 0.79921875 0.271875 0.05234375 0.059375
0 0.7984375 0.65078125 0.0515625 0.0578125
0 0.8578125 0.51328125 0.04765625 0.0671875
0 0.85703125 0.70546875 0.046875 0.06015625
0 0.80234375 0.71484375 0.03359375 0.04921875
0 0.85859375 0.34296875 0.04609375 0.0640625
0 0.50703125 0.63046875 0.034375 0.05
0 0.47265625 0.63046875 0.03515625 0.05
0 0.43046875 0.5703125 0.040625 0.04375
0 0.43046875 0.52734375 0.040625 0.04375
0 0.2328125 0.46796875 0.034375 0.05
0 0.38359375 0.46015625 0.04765625 0.0671875
0 0.3046875 0.6359375 0.0515625 0.05703125
0 0.35 0.56328125 0.05078125 0.05625
0 0.359375 0.96640625 0.0515625 0.0671875