0 0.12734375 0.73515625 0.0375 0.071875
0 0.29453125 0.225 0.0375 0.07265625
0 0.26171875 0.56875 0.040625 0.05234375
0 0.09765625 0.578125 0.04140625 0.05390625
0 0.2078125 0.5984375 0.02734375 0.0453125
0 0.12734375 0.64453125 0.03671875 0.06015625
0 0.1140625 0.9140625 0.04609375 0.0578125
0 0.109375 0.64296875 0.028125 0.03515625
0 0.109375 0.678125 0.028125 0.034375
0 0.8171875 0.23046875 0.03515625 0.06640625
0 0.62265625 0.615625 0.04140625 0.0515625
0 0.65 0.47578125 0.03515625 0.0578125
0 0.7421875 0.52734375 0.03671875 0.0609375
0 0.61875 0.55859375 0.0296875 0.0375
0 0.784375 0.41171875 0.040625 0.0515625
0 0.784375 0.46328125 0.040625 0.0515625
0 0.74296875 0.34609375 0.0359375 0.059375
0 0.625 0.34609375 0.03671875 0.059375