0 0.76328125 0.0078125 0.05390625 0.015625
0 0.2875 0.94453125 0.07265625 0.03984375
0 0.30234375 0.559375 0.05859375 0.04921875
0 0.3453125 0.5484375 0.0265625 0.028125
0 0.628125 0.56796875 0.071875 0.0390625
0 0.17265625 0.7125 0.05703125 0.0453125
0 0.16171875 0.61328125 0.05 0.040625
0 0.1671875 0.44453125 0.0484375 0.0390625
0 0.303125 0.4953125 0.0578125 0.04453125
0 0.34453125 0.484375 0.02421875 0.02265625
0 0.34453125 0.44921875 0.05390625 0.03203125
0 0.24375 0.203125 0.059375 0.04609375
0 0.325 0.203125 0.06015625 0.04609375
0 0.58203125 0.203125 0.059375 0.04609375
0 0.76796875 0.20390625 0.0578125 0.04375
0 0.225 0.27109375 0.053125 0.03203125