0 0.7703125 0.01953125 0.05234375 0.0390625
0 0.30703125 0.94296875 0.07109375 0.03828125
0 0.321875 0.56875 0.05703125 0.04765625
0 0.3640625 0.5578125 0.02578125 0.02734375
0 0.63828125 0.5765625 0.0703125 0.03828125
0 0.19609375 0.71796875 0.05546875 0.04375
0 0.184375 0.62109375 0.0484375 0.0390625
0 0.18984375 0.45703125 0.046875 0.03828125
0 0.321875 0.50625 0.05625 0.04375
0 0.3625 0.4953125 0.0234375 0.02265625
0 0.3625 0.46171875 0.05234375 0.03046875
0 0.2640625 0.221875 0.0578125 0.04453125
0 0.34375 0.221875 0.05859375 0.04453125
0 0.59453125 0.221875 0.0578125 0.04453125
0 0.77421875 0.22265625 0.05625 0.04296875
0 0.246875 0.2875 0.0515625 0.03046875