0 0.590625 0.88984375 0.02421875 0.05859375
0 0.546875 0.83046875 0.028125 0.03984375
0 0.5203125 0.6984375 0.03359375 0.0390625
0 0.54375 0.6984375 0.03359375 0.0390625
0 0.6828125 0.83046875 0.02890625 0.04140625
0 0.71484375 0.8703125 0.028125 0.0390625
0 0.74296875 0.80859375 0.028125 0.03828125
0 0.521875 0.8140625 0.0171875 0.0359375
0 0.68515625 0.31640625 0.0296875 0.04140625
0 0.640625 0.7171875 0.02890625 0.03984375
0 0.275 0.928125 0.0359375 0.0421875
0 0.340625 0.2703125 0.02578125 0.0515625