0 0.24765625 0.52890625 0.05234375 0.0609375
0 0.81796875 0.80625 0.0375 0.07890625
0 0.4703125 0.21171875 0.0375 0.08203125
0 0.4703125 0.15234375 0.0375 0.08125
0 0.5328125 0.646875 0.03828125 0.0796875
0 0.321875 0.746875 0.046875 0.0609375
0 0.8296875 0.365625 0.0328125 0.059375
0 0.81875 0.70234375 0.0390625 0.0703125
0 0.7578125 0.64609375 0.03125 0.05703125
0 0.8671875 0.6375 0.0390625 0.05390625
0 0.8671875 0.4640625 0.040625 0.05546875
0 0.446875 0.30859375 0.0359375 0.04765625
0 0.4140625 0.22109375 0.040625 0.0546875
0 0.3328125 0.5171875 0.03515625 0.04765625
0 0.32890625 0.23125 0.03046875 0.05625
0 0.41640625 0.44921875 0.03671875 0.0484375
0 0.534375 0.5234375 0.03828125 0.0703125