0 0.76484375 0.5328125 0.05078125 0.059375
0 0.2125 0.8015625 0.0359375 0.0765625
0 0.5484375 0.22578125 0.0359375 0.07890625
0 0.5484375 0.16796875 0.0359375 0.07890625
0 0.48828125 0.64765625 0.0375 0.07734375
0 0.69296875 0.74453125 0.0453125 0.059375
0 0.20078125 0.375 0.03203125 0.0578125
0 0.21171875 0.70078125 0.03828125 0.06875
0 0.2703125 0.64609375 0.0296875 0.05546875
0 0.16484375 0.63828125 0.03828125 0.05234375
0 0.1640625 0.4703125 0.0390625 0.05390625
0 0.571875 0.31953125 0.03515625 0.04609375
0 0.603125 0.23515625 0.0390625 0.053125
0 0.68203125 0.521875 0.034375 0.04609375
0 0.68515625 0.24453125 0.02890625 0.0546875
0 0.6015625 0.45546875 0.03515625 0.046875
0 0.48671875 0.52734375 0.0375 0.06796875