0 0.33046875 0.94765625 0.059375 0.09921875
0 0.33046875 0.86796875 0.059375 0.0984375
0 0.7484375 0.49453125 0.0765625 0.07265625
0 0.29453125 0.39453125 0.05078125 0.08203125
0 0.3609375 0.39296875 0.053125 0.08515625
0 0.40546875 0.4046875 0.0359375 0.06171875
0 0.4546875 0.47265625 0.05703125 0.06875
0 0.30703125 0.74609375 0.04375 0.0515625
0 0.2390625 0.47578125 0.05703125 0.06953125
0 0.1453125 0.68515625 0.0453125 0.06796875
0 0.225 0.746875 0.04140625 0.0484375
0 0.97265625 0.471875 0.0546875 0.078125