0 0.83359375 0.2484375 0.05625 0.053125
0 0.6359375 0.74921875 0.059375 0.05546875
0 0.62421875 0.78359375 0.0671875 0.03515625
0 0.6328125 0.64921875 0.06015625 0.04296875
0 0.7015625 0.59375 0.0640625 0.034375
0 0.64609375 0.53984375 0.06171875 0.0328125
0 0.54296875 0.63828125 0.06171875 0.0328125
0 0.46484375 0.5375 0.0609375 0.0328125
0 0.8234375 0.453125 0.046875 0.034375
0 0.8078125 0.44921875 0.05078125 0.02578125
0 0.81640625 0.359375 0.06875 0.0359375
0 0.82578125 0.40703125 0.05546875 0.0390625