0 0.23046875 0.8984375 0.03203125 0.08515625
0 0.2515625 0.875 0.009375 0.03984375
0 0.01328125 0.5265625 0.02578125 0.0609375
0 0.2046875 0.7515625 0.0328125 0.06015625
0 0.17890625 0.60546875 0.0265625 0.04765625
0 0.2734375 0.5390625 0.03046875 0.05390625
0 0.26953125 0.76328125 0.0234375 0.03984375
0 0.31015625 0.5984375 0.02265625 0.05546875
0 0.31015625 0.71328125 0.02265625 0.05390625
0 0.33984375 0.7140625 0.021875 0.05234375
0 0.23046875 0.81875 0.02890625 0.0671875
0 0.25078125 0.80078125 0.0109375 0.03125
0 0.5046875 0.6203125 0.04296875 0.06484375
0 0.77265625 0.5796875 0.03359375 0.059375
0 0.77265625 0.50546875 0.03359375 0.06015625
0 0.65 0.66015625 0.02265625 0.05625
0 0.71953125 0.615625 0.02109375 0.05390625
0 0.67578125 0.5796875 0.03671875 0.06484375