0 0.478125 0.14765625 0.0828125 0.09453125
0 0.478125 0.07890625 0.0828125 0.09453125
0 0.5109375 0.97734375 0.075 0.04453125
0 0.5484375 0.9390625 0.09375 0.10390625
0 0.6484375 0.646875 0.09453125 0.0703125
0 0.565625 0.49296875 0.0921875 0.06796875
0 0.64609375 0.40859375 0.08984375 0.06640625
0 0.85859375 0.41875 0.084375 0.07734375
0 0.4484375 0.7421875 0.09765625 0.07265625
0 0.18203125 0.7265625 0.07109375 0.07421875
0 0.55 0.82578125 0.09375 0.08828125
0 0.2734375 0.69609375 0.09609375 0.071875