0 0.20390625 0.5296875 0.05859375 0.034375
0 0.20390625 0.40625 0.0578125 0.034375
0 0.2171875 0.50546875 0.03203125 0.0125
0 0.828125 0.53046875 0.0609375 0.034375
0 0.828125 0.40625 0.0625 0.03515625
0 0.81484375 0.50625 0.03515625 0.01328125
0 0.371875 0.77578125 0.0421875 0.05078125
0 0.65859375 0.77578125 0.040625 0.05
0 0.36640625 0.42109375 0.0484375 0.034375
0 0.40625 0.315625 0.04609375 0.03203125
0 0.45390625 0.41640625 0.03984375 0.0390625
0 0.2828125 0.50703125 0.0296875 0.03125
0 0.31875 0.40625 0.04375 0.0296875
0 0.35390625 0.2796875 0.0546875 0.0484375
0 0.74765625 0.5078125 0.03203125 0.03359375
0 0.7125 0.40625 0.0453125 0.03125
0 0.62265625 0.31484375 0.04765625 0.03359375
0 0.67578125 0.28046875 0.05390625 0.0484375
0 0.5765625 0.41640625 0.03984375 0.0390625
0 0.6640625 0.421875 0.04921875 0.034375