0 0.2203125 0.58046875 0.06015625 0.0484375
0 0.23515625 0.54609375 0.03125 0.01484375
0 0.21953125 0.41171875 0.06171875 0.04921875
0 0.684375 0.9203125 0.04375 0.06875
0 0.39296875 0.9203125 0.04453125 0.06875
0 0.84140625 0.54609375 0.0328125 0.0171875
0 0.85625 0.58046875 0.06171875 0.04921875
0 0.85625 0.41171875 0.0609375 0.0484375
0 0.6015625 0.42734375 0.0421875 0.05625
0 0.475 0.4265625 0.04140625 0.05546875
0 0.6890625 0.43203125 0.04765625 0.04765625
0 0.646875 0.28671875 0.046875 0.046875
0 0.42890625 0.2859375 0.046875 0.04609375
0 0.3875 0.43125 0.04609375 0.0453125
0 0.3015625 0.55 0.03125 0.040625
0 0.33828125 0.41015625 0.0421875 0.04140625
0 0.375 0.2390625 0.05546875 0.06484375
0 0.77421875 0.54921875 0.03125 0.03984375
0 0.73828125 0.4109375 0.0421875 0.04140625
0 0.7 0.23984375 0.053125 0.0625