0 0.7953125 0.42265625 0.065625 0.04296875
0 0.79375 0.565625 0.0625 0.040625
0 0.77890625 0.5375 0.03359375 0.0140625
0 0.13359375 0.565625 0.06328125 0.04140625
0 0.14765625 0.53671875 0.034375 0.01484375
0 0.1328125 0.421875 0.0640625 0.0421875
0 0.615625 0.8546875 0.04453125 0.05703125
0 0.3125 0.85390625 0.04375 0.05625
0 0.621875 0.43828125 0.05078125 0.040625
0 0.39765625 0.43359375 0.04296875 0.0484375
0 0.5296875 0.4328125 0.04140625 0.046875
0 0.30703125 0.4390625 0.0484375 0.03984375
0 0.6703125 0.421875 0.04296875 0.03359375
0 0.63359375 0.2765625 0.05625 0.0546875
0 0.578125 0.315625 0.0484375 0.03828125
0 0.709375 0.540625 0.0328125 0.0359375
0 0.25703125 0.421875 0.04296875 0.03359375
0 0.29453125 0.2765625 0.0578125 0.05546875
0 0.34921875 0.315625 0.0484375 0.03828125
0 0.2171875 0.540625 0.0328125 0.03515625