0 0.14921875 0.52890625 0.05390625 0.04296875
0 0.16171875 0.496875 0.0296875 0.0171875
0 0.14765625 0.37578125 0.05703125 0.04609375
0 0.31328125 0.83359375 0.0421875 0.059375
0 0.5921875 0.83515625 0.04453125 0.06171875
0 0.75859375 0.52890625 0.05625 0.04375
0 0.74453125 0.496875 0.028125 0.015625
0 0.759375 0.375 0.05859375 0.046875
0 0.2953125 0.22109375 0.0515625 0.05703125
0 0.35 0.26328125 0.04765625 0.04453125
0 0.31015625 0.39375 0.04609375 0.040625
0 0.3921875 0.38984375 0.0390625 0.04609375
0 0.2265625 0.5015625 0.03046875 0.0375
0 0.2625 0.3765625 0.03984375 0.03515625
0 0.60859375 0.22109375 0.0515625 0.0578125
0 0.64375 0.37578125 0.03984375 0.03671875
0 0.55859375 0.26328125 0.0453125 0.0421875
0 0.51328125 0.390625 0.04140625 0.04921875
0 0.5984375 0.39453125 0.04296875 0.0390625
0 0.68046875 0.5 0.03046875 0.0375