0 0.81484375 0.4984375 0.06171875 0.040625
0 0.8015625 0.4703125 0.03515625 0.015625
0 0.8140625 0.3515625 0.06015625 0.03984375
0 0.3375 0.7921875 0.04296875 0.05703125
0 0.63671875 0.7921875 0.0421875 0.05546875
0 0.159375 0.35234375 0.0609375 0.03984375
0 0.159375 0.4984375 0.0609375 0.03984375
0 0.17265625 0.4703125 0.03515625 0.01640625
0 0.3734375 0.24453125 0.046875 0.0390625
0 0.60078125 0.24375 0.046875 0.0390625
0 0.42109375 0.3640625 0.040625 0.0484375
0 0.553125 0.36484375 0.0421875 0.04921875
0 0.33125 0.3703125 0.0484375 0.040625
0 0.64296875 0.3703125 0.04765625 0.03984375
0 0.28125 0.3515625 0.04375 0.03671875
0 0.31796875 0.203125 0.0578125 0.05625
0 0.2421875 0.47265625 0.0328125 0.03515625
0 0.69296875 0.35234375 0.0421875 0.03359375
0 0.65390625 0.203125 0.0515625 0.0515625
0 0.73125 0.471875 0.03046875 0.03359375