0 0.9109375 0.27421875 0.05078125 0.04453125
0 0.89921875 0.38046875 0.0265625 0.01484375
0 0.91171875 0.41171875 0.05234375 0.04609375
0 0.634375 0.79921875 0.03359375 0.0625
0 0.4125 0.8 0.0359375 0.0640625
0 0.1359375 0.4125 0.0515625 0.0453125
0 0.14765625 0.38046875 0.02734375 0.015625
0 0.1359375 0.2734375 0.0515625 0.0453125
0 0.37421875 0.34375 0.03984375 0.04453125
0 0.37421875 0.2859375 0.03984375 0.04453125
0 0.409375 0.19453125 0.03984375 0.04453125
0 0.63828125 0.19453125 0.03984375 0.04453125
0 0.6734375 0.2859375 0.03984375 0.04453125
0 0.6734375 0.34453125 0.03984375 0.04453125
0 0.7765625 0.19453125 0.04140625 0.04453125
0 0.77421875 0.2484375 0.03671875 0.03828125
0 0.27109375 0.1953125 0.03984375 0.0421875
0 0.27265625 0.2484375 0.0359375 0.03828125
0 0.36875 0.1453125 0.03359375 0.05
0 0.4625 0.334375 0.034375 0.05390625
0 0.584375 0.334375 0.03359375 0.05390625
0 0.67734375 0.14609375 0.034375 0.05
0 0.20703125 0.4203125 0.03359375 0.0515625
0 0.840625 0.4203125 0.03359375 0.05234375