0 0.8671875 0.296875 0.04765625 0.0421875
0 0.85625 0.3984375 0.02578125 0.0140625
0 0.86796875 0.428125 0.04921875 0.04453125
0 0.6046875 0.79765625 0.03203125 0.059375
0 0.3921875 0.7984375 0.034375 0.0609375
0 0.12890625 0.42890625 0.0484375 0.04296875
0 0.140625 0.3984375 0.0265625 0.01484375
0 0.12890625 0.296875 0.0484375 0.04296875
0 0.35625 0.3640625 0.03828125 0.0421875
0 0.35625 0.3078125 0.03828125 0.0421875
0 0.38984375 0.22109375 0.03828125 0.04296875
0 0.6078125 0.22109375 0.0375 0.04296875
0 0.640625 0.30859375 0.0375 0.0421875
0 0.64140625 0.3640625 0.03828125 0.04296875
0 0.7390625 0.22109375 0.0390625 0.04296875
0 0.73671875 0.27265625 0.034375 0.03671875
0 0.2578125 0.221875 0.0375 0.03984375
0 0.259375 0.27265625 0.034375 0.0359375
0 0.3515625 0.17421875 0.03203125 0.04765625
0 0.43984375 0.3546875 0.0328125 0.05078125
0 0.55703125 0.3546875 0.03203125 0.05078125
0 0.6453125 0.175 0.0328125 0.04765625
0 0.196875 0.43671875 0.03203125 0.04921875
0 0.80078125 0.43671875 0.03203125 0.05