0 0.8890625 0.3625 0.04609375 0.0390625
0 0.88828125 0.4765625 0.0453125 0.03828125
0 0.87734375 0.4515625 0.02265625 0.0109375
0 0.21015625 0.478125 0.04375 0.03671875
0 0.21953125 0.45234375 0.025 0.01328125
0 0.209375 0.3609375 0.04453125 0.0375
0 0.646875 0.8015625 0.03046875 0.053125
0 0.4515625 0.80234375 0.03203125 0.0546875
0 0.27265625 0.484375 0.03125 0.04453125
0 0.41875 0.37109375 0.03515625 0.03515625
0 0.41875 0.4203125 0.0359375 0.03515625
0 0.44921875 0.2953125 0.03671875 0.0375
0 0.49609375 0.4140625 0.0296875 0.0421875
0 0.3296875 0.340625 0.03359375 0.03359375
0 0.32890625 0.29609375 0.03515625 0.03515625
0 0.4140625 0.25546875 0.0296875 0.04296875
0 0.82578125 0.484375 0.03046875 0.04453125
0 0.6796875 0.4203125 0.0359375 0.03671875
0 0.67890625 0.37265625 0.03515625 0.034375
0 0.65 0.29609375 0.034375 0.034375
0 0.6015625 0.41484375 0.03046875 0.04375
0 0.76796875 0.340625 0.03125 0.0296875
0 0.76953125 0.29609375 0.03515625 0.03515625
0 0.684375 0.25546875 0.02890625 0.04140625