0 0.1703125 0.46171875 0.04375 0.046875
0 0.18125 0.43046875 0.02265625 0.01484375
0 0.17109375 0.32421875 0.04375 0.04609375
0 0.6 0.8515625 0.0296875 0.0625
0 0.409375 0.853125 0.03125 0.06484375
0 0.83671875 0.46171875 0.04375 0.0453125
0 0.82578125 0.43046875 0.02265625 0.01484375
0 0.8359375 0.3234375 0.0421875 0.04375
0 0.775 0.4703125 0.0296875 0.053125
0 0.55625 0.38515625 0.0296875 0.053125
0 0.4515625 0.38515625 0.0296875 0.053125
0 0.4046875 0.2453125 0.0328125 0.04296875
0 0.37578125 0.3359375 0.03359375 0.04375
0 0.37109375 0.1953125 0.0296875 0.0484375
0 0.28984375 0.29765625 0.0296875 0.0375
0 0.28828125 0.24453125 0.03359375 0.04375
0 0.2328125 0.47109375 0.02890625 0.0515625
0 0.60234375 0.24453125 0.03359375 0.04375
0 0.63125 0.3359375 0.03203125 0.04296875
0 0.63203125 0.39375 0.03359375 0.0453125
0 0.71796875 0.29765625 0.028125 0.03671875
0 0.7203125 0.2453125 0.03359375 0.04375
0 0.63671875 0.19453125 0.0296875 0.04921875
0 0.37578125 0.39375 0.0328125 0.04375