0 0.10234375 0.54609375 0.0421875 0.046875
0 0.11171875 0.51015625 0.0234375 0.02109375
0 0.1015625 0.4046875 0.04296875 0.04921875
0 0.3484375 0.93203125 0.0296875 0.059375
0 0.54296875 0.9328125 0.03125 0.06171875
0 0.7875 0.40625 0.04140625 0.0421875
0 0.77890625 0.5109375 0.025 0.01953125
0 0.7875 0.54375 0.0421875 0.04375
0 0.5765625 0.4734375 0.03359375 0.0421875
0 0.5765625 0.41953125 0.034375 0.04296875
0 0.54609375 0.32890625 0.034375 0.04296875
0 0.49921875 0.46796875 0.0296875 0.04765625
0 0.66953125 0.32890625 0.0359375 0.04453125
0 0.6671875 0.38203125 0.0328125 0.03984375
0 0.58203125 0.278125 0.03125 0.05078125
0 0.72421875 0.55078125 0.03203125 0.0546875
0 0.34375 0.32890625 0.03359375 0.04140625
0 0.315625 0.41875 0.03203125 0.0390625
0 0.31328125 0.47734375 0.0359375 0.04609375
0 0.39140625 0.46953125 0.03125 0.05078125
0 0.2234375 0.38046875 0.03203125 0.03984375
0 0.22265625 0.32734375 0.034375 0.0421875
0 0.16640625 0.5515625 0.03203125 0.053125
0 0.3078125 0.28046875 0.0296875 0.04921875