0 0.30625 0.73984375 0.02421875 0.034375
0 0.39609375 0.7421875 0.028125 0.03828125
0 0.7546875 0.740625 0.02578125 0.0359375
0 0.678125 0.74140625 0.0265625 0.03671875
0 0.421875 0.784375 0.021875 0.03125
0 0.596875 0.78203125 0.02578125 0.0359375
0 0.5375 0.78203125 0.025 0.03515625
0 0.74609375 0.78359375 0.02265625 0.03203125
0 0.66484375 0.7828125 0.025 0.03515625
0 0.7078125 0.61484375 0.0296875 0.0265625
0 0.6109375 0.61484375 0.02890625 0.0265625
0 0.50703125 0.83046875 0.0296875 0.02578125
0 0.53125 0.8796875 0.03125 0.028125
0 0.5984375 0.4625 0.02890625 0.0453125
0 0.43828125 0.4625 0.0296875 0.04609375
0 0.6296875 0.23984375 0.02890625 0.040625
0 0.7234375 0.23984375 0.02890625 0.03984375
0 0.834375 0.23984375 0.02890625 0.040625
0 0.215625 0.240625 0.03046875 0.040625
0 0.31328125 0.240625 0.0296875 0.040625
0 0.40546875 0.23984375 0.0296875 0.040625
0 0.28828125 0.25859375 0.03515625 0.03203125
0 0.334375 0.27890625 0.0296875 0.03984375
0 0.45234375 0.3625 0.03515625 0.03203125
0 0.45625 0.32109375 0.02734375 0.02265625
0 0.45546875 0.26484375 0.02890625 0.02578125
0 0.578125 0.36328125 0.03359375 0.03046875
0 0.57578125 0.26796875 0.028125 0.02421875
0 0.44296875 0.40546875 0.02890625 0.0390625
0 0.596875 0.40625 0.02734375 0.0375
0 0.70078125 0.28359375 0.03046875 0.040625
0 0.75234375 0.2625 0.03671875 0.03359375