0 0.4984375 0.89140625 0.053125 0.1015625
0 0.1984375 0.90625 0.0734375 0.13203125
0 0.12421875 0.90625 0.07421875 0.13203125
0 0.75234375 0.21484375 0.0453125 0.09140625
0 0.75234375 0.15078125 0.0453125 0.0921875
0 0.2375 0.14921875 0.04765625 0.0953125
0 0.84921875 0.5421875 0.040625 0.06640625
0 0.7953125 0.61796875 0.04765625 0.05703125
0 0.79609375 0.46640625 0.046875 0.05625
0 0.8984375 0.36875 0.03203125 0.05390625
0 0.25078125 0.34921875 0.06640625 0.0796875
0 0.23984375 0.37890625 0.04765625 0.0796875
0 0.4359375 0.41484375 0.0546875 0.0671875
0 0.4375 0.61484375 0.05234375 0.0640625
0 0.5625 0.675 0.03359375 0.0578125
0 0.5 0.73515625 0.053125 0.08359375