0 0.69140625 0.2328125 0.07265625 0.0609375
0 0.69140625 0.27890625 0.07265625 0.0609375
0 0.41328125 0.85625 0.0796875 0.065625
0 0.15859375 0.69921875 0.05390625 0.03984375
0 0.24296875 0.5375 0.0640625 0.03359375
0 0.4171875 0.53671875 0.06484375 0.046875
0 0.2640625 0.4921875 0.07265625 0.05234375
0 0.25078125 0.709375 0.07734375 0.0421875
0 0.5046875 0.6546875 0.08359375 0.046875
0 0.7296875 0.603125 0.071875 0.05234375
0 0.40625 0.7703125 0.078125 0.05625
0 0.3171875 0.72734375 0.0546875 0.04140625
0 0.3953125 0.9234375 0.0828125 0.04609375