0 0.31875 0.8359375 0.03984375 0.0734375
0 0.66953125 0.86796875 0.0359375 0.06953125
0 0.81328125 0.87734375 0.05 0.08828125
0 0.86328125 0.87734375 0.05 0.08828125
0 0.928125 0.490625 0.0484375 0.04375
0 0.79140625 0.328125 0.03515625 0.06796875
0 0.31328125 0.31875 0.0515625 0.07265625
0 0.66875 0.39453125 0.03828125 0.03671875
0 0.67734375 0.4734375 0.03203125 0.0484375
0 0.7859375 0.48046875 0.040625 0.0453125
0 0.55078125 0.4890625 0.0359375 0.0421875
0 0.553125 0.57265625 0.03125 0.0359375
0 0.415625 0.62890625 0.0234375 0.0375
0 0.53984375 0.6359375 0.03515625 0.0515625
0 0.41875 0.68828125 0.04140625 0.04921875
0 0.53125 0.58828125 0.0296875 0.034375
0 0.31953125 0.74296875 0.03984375 0.05703125
0 0.35859375 0.6984375 0.02734375 0.04140625
0 0.5234375 0.265625 0.03515625 0.05234375
0 0.47890625 0.265625 0.03515625 0.05234375