0 0.84140625 0.346875 0.03671875 0.05703125
0 0.79765625 0.490625 0.04765625 0.04140625
0 0.55625 0.809375 0.0375 0.05859375
0 0.20390625 0.771875 0.0375 0.05859375
0 0.31015625 0.1671875 0.03671875 0.0578125
0 0.75703125 0.2359375 0.04453125 0.0453125
0 0.6109375 0.60546875 0.04375 0.04296875
0 0.57421875 0.49609375 0.0421875 0.0421875
0 0.23203125 0.703125 0.04375 0.04375
0 0.11328125 0.4078125 0.03671875 0.05
0 0.1203125 0.50390625 0.04375 0.04375
0 0.10703125 0.59609375 0.03671875 0.05078125
0 0.19296875 0.29140625 0.04296875 0.04375
0 0.19296875 0.3359375 0.04296875 0.04375