0 0.103125 0.35703125 0.03984375 0.0625
0 0.15234375 0.51484375 0.05234375 0.0453125
0 0.41640625 0.865625 0.04140625 0.06484375
0 0.80390625 0.82421875 0.04140625 0.0640625
0 0.6875 0.159375 0.040625 0.06328125
0 0.19609375 0.23515625 0.0484375 0.05
0 0.35703125 0.6421875 0.0484375 0.04765625
0 0.396875 0.521875 0.04609375 0.04609375
0 0.77265625 0.74921875 0.0484375 0.0484375
0 0.903125 0.42421875 0.03984375 0.0546875
0 0.8953125 0.5296875 0.0484375 0.0484375
0 0.91015625 0.63125 0.040625 0.05546875
0 0.81640625 0.296875 0.04765625 0.0484375
0 0.81640625 0.3453125 0.04765625 0.0484375