0 0.634375 0.59921875 0.02734375 0.08515625
0 0.79765625 0.36015625 0.0328125 0.05
0 0.66015625 0.46953125 0.0296875 0.05625
0 0.66015625 0.33984375 0.02890625 0.053125
0 0.728125 0.246875 0.025 0.06484375
0 0.871875 0.621875 0.0328125 0.05390625
0 0.87109375 0.525 0.03359375 0.05625
0 0.36328125 0.36875 0.0375 0.05546875
0 0.25 0.371875 0.03203125 0.05625
0 0.22421875 0.24921875 0.0328125 0.0578125
0 0.12578125 0.3609375 0.03125 0.0546875
0 0.15 0.24765625 0.02890625 0.05
0 0.12734375 0.15625 0.028125 0.0484375
0 0.18046875 0.40859375 0.02578125 0.0671875