0 0.84140625 0.9109375 0.06171875 0.05625
0 0.80859375 0.82109375 0.0625 0.078125
0 0.68671875 0.12265625 0.0578125 0.07109375
0 0.73125 0.6640625 0.0671875 0.05859375
0 0.78125 0.6015625 0.04921875 0.0421875
0 0.81015625 0.67578125 0.06171875 0.06953125
0 0.83203125 0.73515625 0.05078125 0.04375
0 0.83125 0.47890625 0.0609375 0.0484375
0 0.2109375 0.12109375 0.059375 0.06953125
0 0.28515625 0.3875 0.0578125 0.06484375
0 0.2125 0.3875 0.05703125 0.0640625
0 0.3390625 0.65 0.0421875 0.0484375
0 0.1890625 0.73046875 0.04921875 0.04296875
0 0.29921875 0.50390625 0.04765625 0.053125
0 0.17578125 0.55546875 0.05546875 0.06328125
0 0.146875 0.4453125 0.05 0.04296875