0 0.6015625 0.74140625 0.07890625 0.065625
0 0.50546875 0.09609375 0.07578125 0.06484375
0 0.50546875 0.14296875 0.07578125 0.06484375
0 0.690625 0.60234375 0.0515625 0.040625
0 0.621875 0.58984375 0.0734375 0.03828125
0 0.62734375 0.475 0.06328125 0.03125
0 0.6828125 0.42734375 0.071875 0.03671875
0 0.5390625 0.37734375 0.078125 0.05390625
0 0.50625 0.52265625 0.07109375 0.03828125
0 0.5984375 0.66484375 0.0765625 0.05234375
0 0.4453125 0.44921875 0.06015625 0.03046875
0 0.68046875 0.915625 0.0859375 0.04375