0 0.15390625 0.32109375 0.04609375 0.09765625
0 0.15390625 0.24375 0.04609375 0.096875
0 0.49609375 0.8421875 0.05078125 0.1046875
0 0.846875 0.93984375 0.06328125 0.1203125
0 0.91015625 0.93984375 0.06328125 0.1203125
0 0.80546875 0.3125 0.03984375 0.08125
0 0.5921875 0.64140625 0.04609375 0.0625
0 0.59375 0.41953125 0.0484375 0.06640625
0 0.58984375 0.17265625 0.0421875 0.05625
0 0.09609375 0.64921875 0.040625 0.0828125
0 0.103125 0.59921875 0.04140625 0.06171875
0 0.103125 0.725 0.040625 0.06015625
0 0.496875 0.7265625 0.05078125 0.1
0 0.69765625 0.62890625 0.03515625 0.06640625
0 0.653125 0.62890625 0.03515625 0.06640625
0 0.81484375 0.05 0.04609375 0.08984375