0 0.68125 0.24453125 0.02890625 0.08125
0 0.68125 0.19765625 0.02890625 0.08125
0 0.0609375 0.2765625 0.06484375 0.06953125
0 0.7 0.81328125 0.04140625 0.096875
0 0.58125 0.51796875 0.03359375 0.065625
0 0.525 0.57734375 0.03984375 0.07421875
0 0.6984375 0.70859375 0.040625 0.075
0 0.75 0.4640625 0.04375 0.0609375
0 0.74921875 0.54453125 0.04296875 0.059375
0 0.66796875 0.70546875 0.03515625 0.046875
0 0.6796875 0.42109375 0.02890625 0.05625
0 0.5734375 0.28125 0.04296875 0.05390625
0 0.5703125 0.36328125 0.0375 0.04609375
0 0.64375 0.27421875 0.03828125 0.0515625
0 0.74296875 0.83125 0.0421875 0.0578125
0 0.24609375 0.48203125 0.0515625 0.071875