0 0.184375 0.821875 0.03203125 0.09609375
0 0.42265625 0.3484375 0.03125 0.084375
0 0.6203125 0.3484375 0.03046875 0.08359375
0 0.85703125 0.82265625 0.03046875 0.08984375
0 0.340625 0.36875 0.02734375 0.0640625
0 0.2203125 0.546875 0.03203125 0.05859375
0 0.19296875 0.4703125 0.03046875 0.0546875
0 0.12734375 0.59765625 0.03203125 0.0578125
0 0.12734375 0.38046875 0.03203125 0.0578125
0 0.1828125 0.67265625 0.03125 0.071875
0 0.30625 0.52890625 0.0203125 0.05
0 0.35703125 0.5921875 0.02734375 0.0671875
0 0.3078125 0.13203125 0.03125 0.05625
0 0.7015625 0.37265625 0.028125 0.0671875
0 0.82109375 0.55390625 0.0328125 0.059375
0 0.84921875 0.475 0.03125 0.05703125
0 0.7359375 0.53515625 0.01953125 0.04921875
0 0.684375 0.59453125 0.02734375 0.06875
0 0.73515625 0.13671875 0.03203125 0.0578125
0 0.91484375 0.603125 0.03125 0.05625
0 0.91484375 0.38671875 0.03125 0.05625
0 0.85859375 0.67890625 0.02890625 0.06796875
0 0.34296875 0.0578125 0.028125 0.0828125
0 0.7 0.05703125 0.02890625 0.084375