0 0.884375 0.41171875 0.040625 0.07421875
0 0.60546875 0.13984375 0.03828125 0.07109375
0 0.26015625 0.9140625 0.03984375 0.07265625
0 0.9734375 0.78515625 0.05078125 0.05625
0 0.17265625 0.61171875 0.046875 0.05859375
0 0.20859375 0.5234375 0.0359375 0.04296875
0 0.26015625 0.63203125 0.04140625 0.06640625
0 0.35703125 0.63671875 0.03515625 0.0578125
0 0.30859375 0.84453125 0.03984375 0.0484375
0 0.79609375 0.41796875 0.03671875 0.06015625
0 0.62421875 0.3671875 0.0421875 0.0515625
0 0.62421875 0.315625 0.0421875 0.0515625
0 0.784375 0.66328125 0.0375 0.0609375
0 0.79296875 0.7359375 0.04140625 0.0515625
0 0.75234375 0.54375 0.05234375 0.07734375
0 0.7359375 0.63359375 0.046875 0.0578125
0 0.2734375 0.40625 0.059375 0.0859375
0 0.19140625 0.425 0.06171875 0.0859375