0 0.39921875 0.26171875 0.08046875 0.06171875
0 0.39921875 0.2171875 0.08046875 0.06171875
0 0.39609375 0.8109375 0.07578125 0.059375
0 0.2703125 0.42734375 0.0859375 0.04140625
0 0.26953125 0.6109375 0.08671875 0.0421875
0 0.3421875 0.55625 0.078125 0.03828125
0 0.1140625 0.5984375 0.059375 0.03828125
0 0.79453125 0.678125 0.06328125 0.040625
0 0.79296875 0.56796875 0.0875 0.04296875
0 0.709375 0.51328125 0.07578125 0.0453125
0 0.4046875 0.67109375 0.0859375 0.04296875
0 0.3953125 0.72578125 0.0765625 0.046875
0 0.81875 0.89453125 0.08828125 0.04296875