0 0.2640625 0.75859375 0.04140625 0.0625
0 0.2640625 0.80546875 0.04140625 0.06171875
0 0.865625 0.87421875 0.0421875 0.06328125
0 0.715625 0.87421875 0.04140625 0.06328125
0 0.928125 0.478125 0.05078125 0.0421875
0 0.7890625 0.2296875 0.04140625 0.06328125
0 0.4140625 0.22890625 0.04296875 0.06484375
0 0.215625 0.575 0.04375 0.03984375
0 0.21484375 0.459375 0.0453125 0.04140625
0 0.69609375 0.63359375 0.03203125 0.0453125
0 0.77734375 0.36484375 0.0515625 0.046875
0 0.74140625 0.446875 0.04140625 0.03515625
0 0.4125 0.5953125 0.03671875 0.05234375
0 0.2796875 0.68984375 0.03828125 0.03515625
0 0.46640625 0.653125 0.03984375 0.03515625