0 0.28984375 0.915625 0.0609375 0.06953125
0 0.66640625 0.80390625 0.0828125 0.04375
0 0.6671875 0.5125 0.0859375 0.04609375
0 0.6671875 0.55859375 0.0859375 0.04609375
0 0.44453125 0.803125 0.06015625 0.04140625
0 0.49296875 0.82109375 0.05078125 0.04453125
0 0.49765625 0.9125 0.059375 0.0421875
0 0.34453125 0.73671875 0.05859375 0.040625
0 0.29140625 0.621875 0.06171875 0.04296875
0 0.2921875 0.459375 0.0609375 0.0421875
0 0.35078125 0.271875 0.053125 0.04765625
0 0.41796875 0.27265625 0.0515625 0.046875
0 0.14609375 0.65859375 0.05625 0.05
0 0.15390625 0.86171875 0.05625 0.05078125