0 0.2609375 0.921875 0.06171875 0.07109375
0 0.64375 0.80859375 0.084375 0.04453125
0 0.64453125 0.51171875 0.08671875 0.046875
0 0.64453125 0.55859375 0.08671875 0.046875
0 0.41796875 0.80703125 0.0609375 0.0421875
0 0.4671875 0.825 0.0515625 0.0453125
0 0.471875 0.91875 0.06015625 0.04296875
0 0.31640625 0.73984375 0.059375 0.04140625
0 0.26328125 0.6234375 0.06328125 0.04375
0 0.2640625 0.4578125 0.06171875 0.04296875
0 0.32265625 0.2671875 0.05390625 0.04921875
0 0.39140625 0.26796875 0.053125 0.04765625
0 0.11484375 0.66015625 0.05703125 0.05078125
0 0.12265625 0.86640625 0.0578125 0.0515625