0 0.4234375 0.30546875 0.05 0.0765625
0 0.79765625 0.609375 0.06953125 0.05703125
0 0.1015625 0.54296875 0.05 0.0765625
0 0.609375 0.684375 0.0515625 0.04765625
0 0.56640625 0.62109375 0.0515625 0.0484375
0 0.609375 0.5359375 0.0515625 0.04765625
0 0.32109375 0.59375 0.0515625 0.04765625
0 0.31953125 0.48359375 0.053125 0.04921875
0 0.21328125 0.6046875 0.04453125 0.05859375
0 0.2140625 0.71484375 0.04375 0.0578125
0 0.13203125 0.59453125 0.06796875 0.05625
0 0.55390625 0.8828125 0.0515625 0.07890625