0 0.66640625 0.18828125 0.05625 0.05859375
0 0.70390625 0.67734375 0.05625 0.059375
0 0.72734375 0.53671875 0.05546875 0.0375
0 0.83203125 0.546875 0.05078125 0.04609375
0 0.6765625 0.61015625 0.0546875 0.03515625
0 0.67890625 0.53203125 0.059375 0.03828125
0 0.68671875 0.7140625 0.06015625 0.03828125
0 0.128125 0.18515625 0.05625 0.0578125
0 0.24453125 0.53359375 0.0515625 0.04375
0 0.18125 0.53359375 0.05078125 0.04375
0 0.1734375 0.4609375 0.05703125 0.03828125
0 0.0796875 0.3421875 0.0375 0.03359375
0 0.24453125 0.36953125 0.0515625 0.04453125
0 0.18046875 0.36953125 0.0515625 0.04375