0 0.68203125 0.18515625 0.0578125 0.06015625
0 0.72109375 0.6890625 0.0578125 0.06171875
0 0.7453125 0.54375 0.05703125 0.03828125
0 0.853125 0.5546875 0.05234375 0.046875
0 0.69296875 0.61953125 0.05625 0.0359375
0 0.6953125 0.5390625 0.0609375 0.03984375
0 0.703125 0.7265625 0.06171875 0.03984375
0 0.12734375 0.18203125 0.0578125 0.059375
0 0.24765625 0.540625 0.053125 0.0453125
0 0.1828125 0.540625 0.05234375 0.04453125
0 0.17421875 0.46640625 0.059375 0.0390625
0 0.078125 0.34375 0.0390625 0.034375
0 0.24765625 0.371875 0.053125 0.04609375
0 0.18203125 0.371875 0.053125 0.0453125