0 0.53828125 0.80625 0.03125 0.04765625
0 0.5703125 0.80625 0.03125 0.04765625
0 0.4671875 0.80625 0.03125 0.04765625
0 0.4984375 0.80625 0.03125 0.04765625
0 0.40234375 0.8015625 0.02265625 0.03828125
0 0.2796875 0.803125 0.02578125 0.040625
0 0.86875 0.60234375 0.04765625 0.0484375
0 0.86875 0.5546875 0.04765625 0.0484375
0 0.215625 0.67265625 0.02265625 0.0359375
0 0.3078125 0.73359375 0.02421875 0.0234375
0 0.36796875 0.7328125 0.0234375 0.0203125
0 0.6078125 0.5484375 0.02890625 0.02734375
0 0.4984375 0.57578125 0.02265625 0.034375
0 0.4 0.65 0.01640625 0.02421875
0 0.35 0.66875 0.0171875 0.0265625
0 0.3390625 0.728125 0.015625 0.02265625
0 0.4015625 0.7625 0.0234375 0.0328125
0 0.18671875 0.05546875 0.02109375 0.0359375
0 0.18671875 0.08046875 0.02109375 0.0359375
0 0.1984375 0.35234375 0.02109375 0.03515625
0 0.1984375 0.32734375 0.02109375 0.03515625
0 0.0546875 0.24921875 0.0296875 0.02890625
0 0.08671875 0.24609375 0.02734375 0.02734375
0 0.371875 0.2484375 0.0203125 0.028125
0 0.38046875 0.20078125 0.02109375 0.021875
0 0.3765625 0.16953125 0.0203125 0.028125
0 0.3203125 0.24921875 0.02109375 0.02890625
0 0.8484375 0.20234375 0.0265625 0.0265625
0 0.88984375 0.26796875 0.01640625 0.02578125
0 0.8453125 0.31015625 0.01953125 0.03359375
0 0.8453125 0.334375 0.01953125 0.03359375
0 0.81875 0.20859375 0.02109375 0.03046875
0 0.7625 0.19453125 0.02734375 0.02578125
0 0.784375 0.19453125 0.02734375 0.02578125
0 0.840625 0.1671875 0.015625 0.02421875
0 0.6578125 0.3390625 0.02265625 0.03125
0 0.6578125 0.31171875 0.02265625 0.03125