0 0.8265625 0.12890625 0.1015625 0.0578125
0 0.415625 0.15078125 0.084375 0.07890625
0 0.74453125 0.98515625 0.10390625 0.0296875
0 0.440625 0.92109375 0.096875 0.0890625
0 0.4 0.6296875 0.08046875 0.04609375
0 0.32109375 0.7 0.10546875 0.0625
0 0.0921875 0.68203125 0.06484375 0.0515625
0 0.4390625 0.81875 0.09609375 0.07578125
0 0.6234375 0.69140625 0.08125 0.06328125
0 0.921875 0.64140625 0.06328125 0.05234375
0 0.70625 0.33828125 0.084375 0.05078125
0 0.79140625 0.39453125 0.0734375 0.0578125
0 0.61328125 0.53828125 0.084375 0.06796875
0 0.64453125 0.596875 0.0765625 0.04453125