0 0.8234375 0.0703125 0.10546875 0.06015625
0 0.39453125 0.09296875 0.08828125 0.08203125
0 0.7375 0.97265625 0.1078125 0.0546875
0 0.4203125 0.89375 0.10078125 0.0921875
0 0.378125 0.590625 0.08359375 0.04765625
0 0.29609375 0.6640625 0.11015625 0.065625
0 0.0578125 0.6453125 0.0671875 0.053125
0 0.41875 0.7875 0.1 0.07890625
0 0.6109375 0.6546875 0.084375 0.06640625
0 0.921875 0.603125 0.06640625 0.05390625
0 0.696875 0.28828125 0.08828125 0.05234375
0 0.78671875 0.346875 0.0765625 0.059375
0 0.60078125 0.49609375 0.08828125 0.07109375
0 0.6328125 0.55703125 0.0796875 0.04609375