0 0.48671875 0.7515625 0.053125 0.059375
0 0.209375 0.65703125 0.06171875 0.0640625
0 0.14765625 0.65703125 0.06171875 0.0640625
0 0.6578125 0.29453125 0.046875 0.05625
0 0.62578125 0.84921875 0.0484375 0.0546875
0 0.25390625 0.140625 0.0453125 0.05234375
0 0.64765625 0.578125 0.03984375 0.0265625
0 0.64609375 0.50390625 0.0359375 0.02421875
0 0.6671875 0.65234375 0.04921875 0.034375
0 0.7078125 0.57421875 0.05 0.034375
0 0.6078125 0.66015625 0.0421875 0.0421875
0 0.621875 0.69921875 0.0375 0.025
0 0.7515625 0.80078125 0.05 0.03671875