0 0.44140625 0.6890625 0.059375 0.04140625
0 0.27734375 0.79140625 0.06015625 0.0421875
0 0.80625 0.8421875 0.0515625 0.053125
0 0.7703125 0.77421875 0.05859375 0.04140625
0 0.7640625 0.659375 0.04609375 0.03046875
0 0.8046875 0.653125 0.05 0.0515625
0 0.421875 0.6078125 0.0625 0.046875
0 0.1390625 0.21796875 0.06953125 0.046875
0 0.08359375 0.21796875 0.06953125 0.046875
0 0.49453125 0.1890625 0.06875 0.0484375
0 0.69375 0.14140625 0.065625 0.04765625
0 0.53125 0.2125 0.04453125 0.0453125
0 0.6109375 0.21484375 0.03984375 0.040625