0 0.17734375 0.978125 0.0484375 0.04375
0 0.51328125 0.671875 0.0546875 0.03828125
0 0.6640625 0.76640625 0.05546875 0.0390625
0 0.17890625 0.81328125 0.04765625 0.04921875
0 0.21171875 0.75078125 0.05390625 0.03828125
0 0.2171875 0.6453125 0.0421875 0.028125
0 0.1796875 0.63984375 0.04609375 0.046875
0 0.53125 0.59765625 0.05703125 0.04296875
0 0.79140625 0.23984375 0.06328125 0.04296875
0 0.84140625 0.23984375 0.06328125 0.04296875
0 0.4640625 0.21328125 0.0625 0.04453125
0 0.28203125 0.16953125 0.06015625 0.04375
0 0.43046875 0.23515625 0.04140625 0.0421875
0 0.3578125 0.2375 0.0359375 0.0375