0 0.7578125 0.15390625 0.03671875 0.075
0 0.46875 0.89375 0.0515625 0.08671875
0 0.14296875 0.0625 0.0484375 0.075
0 0.14296875 0.23515625 0.04921875 0.075
0 0.67578125 0.92421875 0.0625 0.06484375
0 0.8328125 0.43125 0.0359375 0.05703125
0 0.73515625 0.85234375 0.0484375 0.07578125
0 0.80625 0.6625 0.05625 0.075
0 0.4 0.66328125 0.06015625 0.0703125
0 0.446875 0.48359375 0.04765625 0.05546875
0 0.4015625 0.30390625 0.05625 0.06640625
0 0.46796875 0.7578125 0.05234375 0.08046875
0 0.6796875 0.6453125 0.05390625 0.06484375