0 0.21328125 0.1625 0.03984375 0.08125
0 0.5265625 0.95859375 0.05546875 0.0828125
0 0.87890625 0.0640625 0.05234375 0.08125
0 0.87890625 0.25078125 0.053125 0.08125
0 0.303125 0.98125 0.06796875 0.0375
0 0.13203125 0.46328125 0.0390625 0.06171875
0 0.23828125 0.91953125 0.05234375 0.08203125
0 0.16171875 0.7140625 0.0609375 0.08125
0 0.60078125 0.71484375 0.06484375 0.0765625
0 0.55 0.5203125 0.0515625 0.06015625
0 0.59921875 0.32578125 0.0609375 0.071875
0 0.52734375 0.8171875 0.05625 0.0875
0 0.2984375 0.6953125 0.05859375 0.0703125