0 0.5828125 0.9171875 0.04140625 0.07265625
0 0.65390625 0.7921875 0.04375 0.08828125
0 0.87109375 0.33984375 0.06328125 0.06328125
0 0.62734375 0.42109375 0.05 0.05546875
0 0.57890625 0.5296875 0.0359375 0.0421875
0 0.65859375 0.54140625 0.040625 0.0515625
0 0.58046875 0.3671875 0.0375 0.0609375
0 0.58203125 0.25234375 0.0375 0.06015625
0 0.04296875 0.3015625 0.05859375 0.053125
0 0.29375 0.434375 0.0375 0.046875
0 0.2859375 0.51953125 0.04140625 0.065625
0 0.18203125 0.51953125 0.04140625 0.065625
0 0.096875 0.3734375 0.04296875 0.06953125