0 0.5765625 0.8734375 0.0390625 0.06875
0 0.64453125 0.7546875 0.04140625 0.08359375
0 0.84921875 0.32734375 0.059375 0.06015625
0 0.61875 0.40390625 0.046875 0.053125
0 0.57265625 0.50625 0.03359375 0.03984375
0 0.6484375 0.51796875 0.03828125 0.0484375
0 0.57421875 0.353125 0.03515625 0.0578125
0 0.57578125 0.24375 0.03515625 0.05703125
0 0.06640625 0.290625 0.05546875 0.05078125
0 0.303125 0.41640625 0.03515625 0.04453125
0 0.2953125 0.496875 0.0390625 0.0625
0 0.19765625 0.496875 0.0390625 0.06171875
0 0.11640625 0.35859375 0.040625 0.065625