0 0.5015625 0.79921875 0.04765625 0.08515625
0 0.80078125 0.33515625 0.04765625 0.04921875
0 0.24375 0.33671875 0.03984375 0.05703125
0 0.29765625 0.3375 0.0390625 0.05625
0 0.11171875 0.72890625 0.04375 0.04453125
0 0.159375 0.48828125 0.04609375 0.046875
0 0.08203125 0.47421875 0.03203125 0.0484375
0 0.07890625 0.609375 0.0390625 0.05703125
0 0.50234375 0.66328125 0.04921875 0.06953125
0 0.40859375 0.6578125 0.04140625 0.05859375
0 0.38828125 0.5515625 0.04453125 0.04453125
0 0.20625 0.49765625 0.03828125 0.05546875