0 0.50703125 0.7765625 0.04453125 0.08046875
0 0.22421875 0.33671875 0.0453125 0.04609375
0 0.7515625 0.33828125 0.0375 0.05390625
0 0.70078125 0.33828125 0.03671875 0.053125
0 0.8765625 0.71015625 0.04140625 0.0421875
0 0.83125 0.48125 0.04375 0.04453125
0 0.9046875 0.46875 0.03046875 0.04609375
0 0.9078125 0.596875 0.03671875 0.05390625
0 0.50703125 0.64765625 0.046875 0.06640625
0 0.5953125 0.64296875 0.0390625 0.05625
0 0.61484375 0.5421875 0.0421875 0.0421875
0 0.78671875 0.490625 0.0359375 0.05234375