0 0.41484375 0.334375 0.0625 0.05625
0 0.43203125 0.9203125 0.06015625 0.05546875
0 0.7515625 0.71484375 0.07578125 0.03359375
0 0.94765625 0.4421875 0.06796875 0.0390625
0 0.96875 0.5265625 0.0625 0.046875
0 0.52421875 0.59296875 0.05859375 0.04453125
0 0.48046875 0.7125 0.0625 0.0359375
0 0.478125 0.815625 0.06796875 0.03984375
0 0.63359375 0.709375 0.06015625 0.04453125
0 0.38203125 0.77109375 0.071875 0.03984375
0 0.38203125 0.68984375 0.071875 0.03984375
0 0.63203125 0.62109375 0.05390625 0.0421875
0 0.1609375 0.7578125 0.046875 0.03515625