0 0.3171875 0.209375 0.0265625 0.0546875
0 0.30703125 0.62265625 0.03203125 0.0609375
0 0.05546875 0.33515625 0.02578125 0.05078125
0 0.3078125 0.5640625 0.03046875 0.04453125
0 0.34140625 0.52109375 0.03125 0.0375
0 0.31328125 0.4734375 0.03125 0.0375
0 0.35390625 0.375 0.03046875 0.03671875
0 0.4515625 0.3671875 0.0234375 0.03515625
0 0.31015625 0.41171875 0.025 0.0375
0 0.5546875 0.4859375 0.04296875 0.040625
0 0.703125 0.4125 0.0328125 0.03671875
0 0.7578125 0.396875 0.025 0.03984375
0 0.8296875 0.3984375 0.0265625 0.0421875
0 0.890625 0.40625 0.03359375 0.0375
0 0.890625 0.45703125 0.03359375 0.0375