0 0.43828125 0.18046875 0.03359375 0.08984375
0 0.43828125 0.24375 0.03359375 0.08984375
0 0.3515625 0.87265625 0.03828125 0.09921875
0 0.121875 0.475 0.034375 0.07421875
0 0.12890625 0.2984375 0.03515625 0.05859375
0 0.35234375 0.73359375 0.0375 0.08125
0 0.39921875 0.6703125 0.0296875 0.065625
0 0.428125 0.54453125 0.0328125 0.071875
0 0.4796875 0.3203125 0.03359375 0.0515625
0 0.4359375 0.43046875 0.034375 0.05546875
0 0.5140625 0.33125 0.02890625 0.06875
0 0.59609375 0.48828125 0.03203125 0.071875
0 0.634375 0.55859375 0.03984375 0.065625
0 0.84453125 0.3265625 0.03359375 0.08515625
0 0.84296875 0.87421875 0.03359375 0.08125