0 0.053125 0.7734375 0.02109375 0.03125
0 0.003125 0.75390625 0.00625 0.0265625
0 0.09140625 0.784375 0.01484375 0.021875
0 0.16640625 0.7640625 0.01484375 0.021875
0 0.16953125 0.72890625 0.01328125 0.0296875
0 0.08984375 0.6953125 0.0125 0.0296875
0 0.18125 0.68828125 0.01953125 0.03046875
0 0.4375 0.8203125 0.015625 0.01875
0 0.53828125 0.72890625 0.01328125 0.02890625
0 0.5390625 0.8640625 0.0109375 0.02421875
0 0.625 0.86796875 0.01171875 0.02265625
0 0.63046875 0.8984375 0.01328125 0.01640625
0 0.52265625 0.85703125 0.0140625 0.02109375
0 0.534375 0.75859375 0.0125 0.01875
0 0.4828125 0.84765625 0.01171875 0.0171875
0 0.4828125 0.86484375 0.01171875 0.0171875
0 0.484375 0.8453125 0.0109375 0.021875
0 0.496875 0.84296875 0.0078125 0.01640625
0 0.5046875 0.84296875 0.0078125 0.01640625
0 0.5421875 0.75859375 0.0125 0.01875
0 0.57890625 0.8453125 0.00859375 0.021875
0 0.6234375 0.73125 0.01015625 0.0203125
0 0.6234375 0.75859375 0.01015625 0.0203125
0 0.075 0.3796875 0.0171875 0.021875
0 0.19921875 0.31796875 0.01328125 0.0296875
0 0.18828125 0.52265625 0.0125 0.0296875
0 0.1984375 0.51796875 0.00703125 0.0203125
0 0.14765625 0.33828125 0.0140625 0.02109375
0 0.15625 0.45390625 0.01015625 0.0203125
0 0.21171875 0.46484375 0.0109375 0.015625
0 0.21171875 0.44921875 0.0109375 0.015625
0 0.190625 0.41484375 0.009375 0.01796875
0 0.19921875 0.5671875 0.00703125 0.01796875
0 0.1890625 0.571875 0.0125 0.02734375
0 0.22421875 0.2890625 0.015625 0.021875
0 0.096875 0.3796875 0.0140625 0.0203125
0 0.34921875 0.37890625 0.0140625 0.01640625
0 0.33984375 0.37890625 0.0140625 0.01640625
0 0.34921875 0.40078125 0.01328125 0.01640625
0 0.33984375 0.40078125 0.01328125 0.01640625
0 0.4734375 0.40625 0.01328125 0.01953125
0 0.48359375 0.3578125 0.0125 0.0171875
0 0.46015625 0.41171875 0.01015625 0.0203125
0 0.4 0.35234375 0.0125 0.01953125
0 0.4 0.425 0.0125 0.01875