0 0.60859375 0.63515625 0.028125 0.04453125
0 0.50234375 0.6328125 0.03203125 0.04921875
0 0.5125 0.9234375 0.04140625 0.03515625
0 0.51171875 0.87265625 0.0421875 0.03671875
0 0.61640625 0.7984375 0.03203125 0.04375
0 0.7921875 0.55625 0.0328125 0.046875
0 0.54453125 0.33671875 0.0390625 0.0328125
0 0.790625 0.0921875 0.02890625 0.04609375
0 0.79375 0.4609375 0.03046875 0.04296875
0 0.73203125 0.23671875 0.03203125 0.0421875
0 0.58359375 0.21015625 0.02734375 0.03984375
0 0.65625 0.3359375 0.03828125 0.0359375
0 0.5828125 0.29375 0.02890625 0.03828125
0 0.684375 0.34140625 0.03203125 0.040625
0 0.25 0.4609375 0.03359375 0.05078125
0 0.25 0.42265625 0.03359375 0.05078125
0 0.2703125 0.31875 0.034375 0.034375
0 0.2703125 0.22734375 0.034375 0.034375
0 0.14296875 0.29921875 0.0328125 0.03359375
0 0.0890625 0.2578125 0.03046875 0.0390625
0 0.21796875 0.21640625 0.02734375 0.0359375