0 0.3703125 0.6265625 0.03046875 0.0484375
0 0.48515625 0.62421875 0.034375 0.053125
0 0.47421875 0.9375 0.04453125 0.03828125
0 0.47421875 0.8828125 0.0453125 0.0390625
0 0.36171875 0.80234375 0.034375 0.04765625
0 0.17265625 0.5421875 0.0359375 0.05078125
0 0.4390625 0.30625 0.0421875 0.03515625
0 0.17421875 0.04296875 0.03125 0.05
0 0.17109375 0.43984375 0.0328125 0.04609375
0 0.2375 0.1984375 0.034375 0.0453125
0 0.39765625 0.16953125 0.0296875 0.04296875
0 0.31875 0.30546875 0.040625 0.0390625
0 0.3984375 0.259375 0.03125 0.04140625
0 0.2890625 0.3109375 0.034375 0.04296875
0 0.75625 0.43984375 0.0359375 0.0546875
0 0.75625 0.39921875 0.0359375 0.0546875
0 0.734375 0.28671875 0.03671875 0.03671875
0 0.734375 0.18828125 0.0375 0.03671875
0 0.871875 0.265625 0.0359375 0.0359375
0 0.9296875 0.22109375 0.0328125 0.0421875
0 0.790625 0.1765625 0.0296875 0.03828125