0 0.57578125 0.0640625 0.0453125 0.0953125
0 0.85859375 0.91953125 0.0453125 0.09453125
0 0.65625 0.92265625 0.05 0.1015625
0 0.3375 0.9140625 0.04296875 0.0921875
0 0.24296875 0.3875 0.03984375 0.0703125
0 0.86953125 0.60859375 0.0484375 0.059375
0 0.61875 0.6953125 0.0453125 0.06328125
0 0.77265625 0.6953125 0.04296875 0.05859375
0 0.7640625 0.4328125 0.0453125 0.06171875
0 0.24375 0.690625 0.04296875 0.05859375
0 0.2828125 0.60859375 0.04453125 0.06015625
0 0.17265625 0.45859375 0.04296875 0.05859375
0 0.33046875 0.7109375 0.04375 0.07578125