0 0.56171875 0.05 0.04375 0.09296875
0 0.83828125 0.88515625 0.04375 0.0921875
0 0.640625 0.8890625 0.04921875 0.09921875
0 0.32890625 0.88046875 0.04140625 0.090625
0 0.23671875 0.365625 0.0390625 0.06875
0 0.85 0.58203125 0.046875 0.05859375
0 0.6046875 0.66640625 0.04453125 0.06171875
0 0.7546875 0.66640625 0.0421875 0.0578125
0 0.74609375 0.41015625 0.04375 0.06015625
0 0.2375 0.66171875 0.0421875 0.0578125
0 0.27578125 0.58203125 0.04375 0.059375
0 0.16796875 0.4359375 0.0421875 0.0578125
0 0.321875 0.68203125 0.04296875 0.07421875