0 0.2 0.25625 0.04765625 0.0890625
0 0.2 0.1921875 0.04765625 0.08984375
0 0.5390625 0.790625 0.05234375 0.09609375
0 0.93359375 0.49375 0.0515625 0.0921875
0 0.78046875 0.3859375 0.04921875 0.05859375
0 0.2390625 0.66015625 0.04609375 0.05234375
0 0.1328125 0.4421875 0.0390625 0.0625
0 0.13125 0.6453125 0.0421875 0.0671875
0 0.140625 0.50625 0.0421875 0.04921875
0 0.5640625 0.396875 0.040625 0.065625
0 0.5734375 0.48203125 0.040625 0.046875
0 0.61171875 0.60859375 0.04921875 0.05859375
0 0.6984375 0.540625 0.03515625 0.0578125
0 0.53984375 0.6828125 0.05234375 0.08203125