0 0.21484375 0.2484375 0.0484375 0.090625
0 0.21484375 0.18203125 0.0484375 0.09140625
0 0.56171875 0.79453125 0.053125 0.0984375
0 0.9640625 0.490625 0.05234375 0.09453125
0 0.8078125 0.3796875 0.05 0.059375
0 0.2546875 0.6609375 0.046875 0.05390625
0 0.14609375 0.43828125 0.03984375 0.0640625
0 0.14453125 0.6453125 0.04296875 0.06875
0 0.15390625 0.503125 0.04375 0.05
0 0.58671875 0.39140625 0.04140625 0.0671875
0 0.59609375 0.478125 0.0421875 0.04765625
0 0.6359375 0.6078125 0.05078125 0.059375
0 0.72421875 0.53828125 0.0359375 0.05859375
0 0.5625 0.68359375 0.05390625 0.084375