0 0.3859375 0.84453125 0.0765625 0.0640625
0 0.390625 0.175 0.08046875 0.06640625
0 0.2 0.92109375 0.078125 0.0390625
0 0.2984375 0.61015625 0.084375 0.04296875
0 0.36328125 0.54609375 0.071875 0.03515625
0 0.14609375 0.58671875 0.05859375 0.04296875
0 0.60390625 0.5515625 0.0703125 0.0484375
0 0.76015625 0.6046875 0.08828125 0.046875
0 0.61328125 0.66015625 0.07265625 0.0515625
0 0.3875 0.71953125 0.07578125 0.05234375
0 0.74375 0.54453125 0.0765625 0.0390625
0 0.78203125 0.28984375 0.08984375 0.04765625