0 0.23125 0.103125 0.03984375 0.0765625
0 0.825 0.23671875 0.0546875 0.06171875
0 0.8859375 0.3890625 0.0390625 0.07734375
0 0.50625 0.7609375 0.04140625 0.08203125
0 0.2640625 0.8265625 0.0421875 0.08359375
0 0.04609375 0.3 0.05 0.06015625
0 0.42578125 0.58828125 0.0390625 0.06953125
0 0.5046875 0.64765625 0.03984375 0.07109375
0 0.6265625 0.5875 0.040625 0.0703125
0 0.88671875 0.603125 0.03828125 0.06640625
0 0.8328125 0.70078125 0.04375 0.05703125
0 0.753125 0.5203125 0.03984375 0.0515625
0 0.4 0.39453125 0.0359375 0.06171875
0 0.446875 0.39453125 0.03671875 0.0625
0 0.62578125 0.44609375 0.0328125 0.05859375
0 0.5921875 0.44609375 0.03359375 0.05859375
0 0.390625 0.5015625 0.0390625 0.05078125