0 0.8953125 0.18828125 0.0375 0.07734375
0 0.8953125 0.134375 0.0375 0.07734375
0 0.4109375 0.75078125 0.04375 0.08515625
0 0.71640625 0.75078125 0.04375 0.08515625
0 0.75625 0.24453125 0.046875 0.0578125
0 0.88203125 0.3875 0.040625 0.0484375
0 0.596875 0.5734375 0.04453125 0.0546875
0 0.59609375 0.38125 0.04609375 0.05703125
0 0.71640625 0.64140625 0.0453125 0.071875
0 0.6546875 0.58515625 0.034375 0.05703125
0 0.44296875 0.359375 0.05234375 0.0546875
0 0.4109375 0.6140625 0.04375 0.07109375
0 0.2015625 0.128125 0.0390625 0.06640625
0 0.403125 0.45078125 0.04296875 0.0515625