0 0.10234375 0.171875 0.04140625 0.084375
0 0.10234375 0.11328125 0.04140625 0.084375
0 0.6328125 0.7875 0.04765625 0.09296875
0 0.2984375 0.7875 0.04765625 0.09296875
0 0.25390625 0.234375 0.0515625 0.0625
0 0.11640625 0.390625 0.04453125 0.053125
0 0.42890625 0.59453125 0.04921875 0.06015625
0 0.42890625 0.38359375 0.05078125 0.0625
0 0.29765625 0.66875 0.04921875 0.07890625
0 0.365625 0.60703125 0.0375 0.0625
0 0.596875 0.359375 0.05703125 0.06015625
0 0.63203125 0.63828125 0.04765625 0.078125
0 0.86171875 0.10625 0.0421875 0.07265625
0 0.64140625 0.459375 0.046875 0.05625