0 0.44375 0.184375 0.03125 0.08203125
0 0.44375 0.24453125 0.03125 0.08203125
0 0.371875 0.81015625 0.034375 0.090625
0 0.43671875 0.51171875 0.0296875 0.06796875
0 0.584375 0.45546875 0.02890625 0.06484375
0 0.16640625 0.45390625 0.03046875 0.06875
0 0.61875 0.521875 0.034375 0.0578125
0 0.4796875 0.30703125 0.03046875 0.04921875
0 0.5109375 0.31328125 0.0265625 0.0625
0 0.4421875 0.40625 0.03046875 0.0484375
0 0.171875 0.29140625 0.0328125 0.05390625
0 0.37109375 0.68515625 0.03359375 0.07265625
0 0.41328125 0.62890625 0.025 0.05703125
0 0.825 0.7984375 0.03046875 0.0796875
0 0.82890625 0.29921875 0.02890625 0.075