0 0.3984375 0.88515625 0.04296875 0.09375
0 0.0796875 0.9 0.059375 0.12265625
0 0.1390625 0.9 0.059375 0.12265625
0 0.9109375 0.12890625 0.03828125 0.0859375
0 0.0078125 0.2640625 0.015625 0.06875
0 0.128125 0.4171875 0.0390625 0.07578125
0 0.3359375 0.65546875 0.0453125 0.06953125
0 0.33671875 0.44296875 0.04375 0.0671875
0 0.38203125 0.35625 0.03984375 0.078125
0 0.575 0.42109375 0.03515625 0.06953125
0 0.4828125 0.60078125 0.0484375 0.07578125
0 0.4671875 0.65234375 0.01796875 0.02265625
0 0.8234375 0.20859375 0.03984375 0.0609375
0 0.396875 0.7375 0.0453125 0.0859375
0 0.9015625 0.5734375 0.034375 0.0671875
0 0.9 0.37578125 0.03515625 0.06953125
0 0.89453125 0.4671875 0.03828125 0.05859375