0 0.23515625 0.225 0.0296875 0.07890625
0 0.50859375 0.6125 0.040625 0.06015625
0 0.27890625 0.8453125 0.03046875 0.0796875
0 0.41328125 0.3546875 0.03046875 0.0515625
0 0.40234375 0.5640625 0.02890625 0.065625
0 0.39765625 0.4953125 0.03125 0.053125
0 0.34453125 0.61484375 0.03515625 0.06015625
0 0.315625 0.49453125 0.03046875 0.05234375
0 0.465625 0.63125 0.0265625 0.06015625
0 0.27734375 0.709375 0.0296875 0.0671875
0 0.77109375 0.22890625 0.02734375 0.07421875
0 0.69453125 0.56015625 0.02578125 0.05859375
0 0.84921875 0.50859375 0.0265625 0.06015625
0 0.90390625 0.5078125 0.02734375 0.0609375
0 0.9359375 0.44453125 0.03125 0.05390625
0 0.934375 0.36796875 0.02734375 0.04609375
0 0.89609375 0.58203125 0.028125 0.046875
0 0.896875 0.70078125 0.028125 0.0484375
0 0.665625 0.36875 0.02734375 0.04609375
0 0.66328125 0.46484375 0.03046875 0.05234375