0 0.75859375 0.1796875 0.03046875 0.08046875
0 0.478125 0.5765625 0.04140625 0.0609375
0 0.71328125 0.81484375 0.03125 0.08125
0 0.5765625 0.3125 0.03125 0.053125
0 0.5875 0.52734375 0.0296875 0.0671875
0 0.5921875 0.45625 0.03203125 0.05390625
0 0.64609375 0.57890625 0.0359375 0.06171875
0 0.67578125 0.45546875 0.03125 0.05390625
0 0.52265625 0.5953125 0.02734375 0.0609375
0 0.715625 0.67578125 0.03046875 0.06875
0 0.21015625 0.18359375 0.028125 0.07578125
0 0.28828125 0.52265625 0.0265625 0.06015625
0 0.1296875 0.4703125 0.02734375 0.0609375
0 0.07421875 0.46953125 0.028125 0.0625
0 0.04140625 0.4046875 0.03203125 0.0546875
0 0.04296875 0.32578125 0.028125 0.04765625
0 0.08125 0.5453125 0.02890625 0.04765625
0 0.08125 0.6671875 0.02890625 0.04921875
0 0.31796875 0.3265625 0.028125 0.04765625
0 0.3203125 0.42578125 0.03125 0.05390625