0 0.5953125 0.1015625 0.03984375 0.078125
0 0.34296875 0.10234375 0.03984375 0.078125
0 0.425 0.85625 0.04296875 0.08671875
0 0.628125 0.23125 0.0453125 0.05703125
0 0.63046875 0.44453125 0.0421875 0.0515625
0 0.62890625 0.5296875 0.04453125 0.0546875
0 0.46171875 0.38359375 0.0375 0.0625
0 0.62109375 0.38203125 0.0390625 0.06484375
0 0.546875 0.1859375 0.04453125 0.05625
0 0.62421875 0.61484375 0.03671875 0.0609375
0 0.5109375 0.61640625 0.0390625 0.0640625
0 0.425 0.74140625 0.04296875 0.07109375
0 0.67109375 0.27890625 0.02890625 0.05234375