0 0.6265625 0.16328125 0.03828125 0.075
0 0.3859375 0.16328125 0.0375 0.07421875
0 0.4640625 0.88359375 0.04140625 0.0828125
0 0.6578125 0.28671875 0.04375 0.0546875
0 0.66015625 0.490625 0.03984375 0.04921875
0 0.65859375 0.571875 0.0421875 0.05234375
0 0.4984375 0.43203125 0.0359375 0.06015625
0 0.6515625 0.43125 0.0375 0.06171875
0 0.58046875 0.24375 0.0421875 0.05390625
0 0.65390625 0.653125 0.03515625 0.05859375
0 0.54609375 0.65390625 0.0375 0.0609375
0 0.4640625 0.77421875 0.040625 0.06796875
0 0.69921875 0.33203125 0.028125 0.05