0 0.73046875 0.3109375 0.040625 0.0484375
0 0.71015625 0.40390625 0.05859375 0.03515625
0 0.8421875 0.784375 0.05703125 0.03359375
0 0.4875 0.7796875 0.05703125 0.03359375
0 0.44921875 0.690625 0.0390625 0.04609375
0 0.63828125 0.5453125 0.046875 0.0328125
0 0.5671875 0.5546875 0.03984375 0.03984375
0 0.39140625 0.53515625 0.04921875 0.034375
0 0.3640625 0.24296875 0.046875 0.03359375
0 0.67421875 0.2515625 0.0484375 0.034375
0 0.68984375 0.171875 0.04609375 0.03359375
0 0.4375 0.23125 0.0390625 0.0390625
0 0.51875 0.23203125 0.03984375 0.03984375
0 0.621875 0.23125 0.0390625 0.0390625