0 0.3015625 0.809375 0.06484375 0.0765625
0 0.32578125 0.95625 0.0625 0.0546875
0 0.2234375 0.05234375 0.06171875 0.07578125
0 0.2359375 0.59375 0.0578125 0.05234375
0 0.2890625 0.440625 0.0578125 0.0515625
0 0.3859375 0.66171875 0.04609375 0.05078125
0 0.30234375 0.65390625 0.0625 0.06640625
0 0.6515625 0.2484375 0.05078125 0.06015625
0 0.7703125 0.3328125 0.06171875 0.065625
0 0.73359375 0.41328125 0.06171875 0.05546875
0 0.75859375 0.5421875 0.0625 0.065625
0 0.8453125 0.54375 0.0640625 0.06796875