0 0.665625 0.1625 0.0203125 0.04296875
0 0.734375 0.36015625 0.0234375 0.02578125
0 0.5375 0.415625 0.01640625 0.03125
0 0.6015625 0.36484375 0.0203125 0.02421875
0 0.71171875 0.365625 0.01796875 0.0296875
0 0.6703125 0.29921875 0.021875 0.0265625
0 0.57890625 0.2421875 0.025 0.03203125
0 0.546875 0.24765625 0.0203125 0.03359375
0 0.625 0.4171875 0.015625 0.0265625
0 0.58125 0.4171875 0.0171875 0.028125
0 0.153125 0.5078125 0.02109375 0.0390625
0 0.1671875 0.4984375 0.0078125 0.0203125
0 0.06484375 0.77265625 0.03046875 0.04921875
0 0.09453125 0.77265625 0.03046875 0.04921875
0 0.271875 0.30390625 0.01953125 0.0328125
0 0.271875 0.39296875 0.0203125 0.03359375
0 0.278125 0.3515625 0.01875 0.02109375
0 0.1671875 0.43515625 0.0078125 0.01640625
0 0.153125 0.44453125 0.02109375 0.03515625
0 0.12578125 0.41875 0.015625 0.0265625