0 0.32578125 0.19921875 0.01953125 0.04140625
0 0.26015625 0.38828125 0.02265625 0.02421875
0 0.4484375 0.44140625 0.01640625 0.0296875
0 0.3875 0.39296875 0.01953125 0.02265625
0 0.28203125 0.39375 0.0171875 0.02890625
0 0.321875 0.33046875 0.02109375 0.02578125
0 0.409375 0.27578125 0.02421875 0.03046875
0 0.43984375 0.28125 0.01953125 0.03203125
0 0.36484375 0.44375 0.01484375 0.02578125
0 0.40703125 0.44296875 0.01640625 0.02734375
0 0.81796875 0.5296875 0.0203125 0.0375
0 0.80390625 0.52109375 0.0078125 0.01953125
0 0.90234375 0.78359375 0.02890625 0.046875
0 0.8734375 0.78359375 0.02890625 0.046875
0 0.70390625 0.334375 0.01875 0.03125
0 0.70390625 0.4203125 0.01953125 0.03203125
0 0.69765625 0.3796875 0.01796875 0.0203125
0 0.80390625 0.4609375 0.0078125 0.015625
0 0.8171875 0.46953125 0.0203125 0.03359375
0 0.84375 0.44453125 0.01484375 0.02578125