0 0.890625 0.89296875 0.05625 0.0671875
0 0.834375 0.89296875 0.05625 0.0671875
0 0.6390625 0.87109375 0.01796875 0.03203125
0 0.60859375 0.88359375 0.04140625 0.05625
0 0.23984375 0.56796875 0.0390625 0.03203125
0 0.3 0.5734375 0.03828125 0.05234375
0 0.3 0.6125 0.03828125 0.05234375
0 0.540625 0.61171875 0.0375 0.053125
0 0.540625 0.5734375 0.0375 0.053125
0 0.83828125 0.1078125 0.03828125 0.05390625
0 0.83828125 0.06875 0.03828125 0.053125
0 0.740625 0.2296875 0.0359375 0.03046875
0 0.740625 0.13359375 0.0359375 0.03046875
0 0.67421875 0.7390625 0.04453125 0.03828125
0 0.60859375 0.81953125 0.0421875 0.04921875
0 0.63828125 0.8078125 0.01796875 0.025
0 0.5328125 0.78359375 0.03046875 0.0375
0 0.490625 0.76953125 0.04921875 0.04296875
0 0.490625 0.62578125 0.05 0.04375
0 0.209375 0.68984375 0.03984375 0.03203125
0 0.14921875 0.790625 0.0328125 0.0421875
0 0.26328125 0.70546875 0.0390625 0.0484375
0 0.31171875 0.68125 0.04453125 0.0375