0 0.575 0.19296875 0.04296875 0.07734375
0 0.05546875 0.57890625 0.0625 0.0578125
0 0.05703125 0.296875 0.06015625 0.0546875
0 0.6 0.82890625 0.04453125 0.08046875
0 0.62109375 0.73125 0.03984375 0.04453125
0 0.65859375 0.671875 0.04453125 0.04921875
0 0.659375 0.49609375 0.04609375 0.0515625
0 0.659375 0.35859375 0.04609375 0.05078125
0 0.2984375 0.4484375 0.0453125 0.05078125
0 0.2984375 0.5140625 0.04453125 0.05
0 0.24609375 0.50703125 0.040625 0.0578125
0 0.165625 0.421875 0.03984375 0.0453125
0 0.20546875 0.684375 0.05078125 0.0515625
0 0.2453125 0.6265625 0.03984375 0.05703125