0 0.59296875 0.55546875 0.03828125 0.0625
0 0.57109375 0.6359375 0.04609375 0.04453125
0 0.46484375 0.64296875 0.03828125 0.05859375
0 0.25234375 0.70234375 0.03515625 0.0546875
0 0.3828125 0.6296875 0.04609375 0.0484375
0 0.4796875 0.759375 0.02890625 0.04765625
0 0.4734375 0.82578125 0.04453125 0.053125
0 0.86875 0.3078125 0.04140625 0.06796875
0 0.81328125 0.1640625 0.05 0.04921875
0 0.690625 0.1734375 0.0390625 0.059375
0 0.75546875 0.15078125 0.02734375 0.04453125
0 0.628125 0.134375 0.03046875 0.04296875
0 0.1359375 0.14765625 0.02890625 0.0453125
0 0.2921875 0.175 0.03359375 0.0515625
0 0.196875 0.16171875 0.04375 0.04609375