0 0.5328125 0.10078125 0.1015625 0.0578125
0 0.5328125 0.0546875 0.1015625 0.0578125
0 0.23671875 0.68515625 0.08828125 0.0359375
0 0.315625 0.3140625 0.0921875 0.0484375
0 0.5328125 0.3125 0.0984375 0.0515625
0 0.35625 0.6328125 0.10859375 0.0609375
0 0.89375 0.453125 0.08203125 0.04140625
0 0.7640625 0.45390625 0.084375 0.0421875
0 0.65625 0.45390625 0.0859375 0.04375
0 0.80078125 0.4125 0.08203125 0.0328125
0 0.35703125 0.553125 0.10859375 0.053125
0 0.2203125 0.41640625 0.09375 0.0375
0 0.3 0.37109375 0.0875 0.03515625
0 0.20546875 0.51015625 0.08515625 0.04453125