0 0.45703125 0.0859375 0.10390625 0.059375
0 0.45703125 0.03984375 0.10390625 0.059375
0 0.759375 0.68125 0.08984375 0.03671875
0 0.678125 0.30390625 0.09375 0.04921875
0 0.4578125 0.30234375 0.1 0.05234375
0 0.6375 0.628125 0.11015625 0.06171875
0 0.08984375 0.4453125 0.08359375 0.04140625
0 0.221875 0.44609375 0.0859375 0.04296875
0 0.33203125 0.44609375 0.0875 0.04453125
0 0.184375 0.40390625 0.08359375 0.0328125
0 0.6359375 0.546875 0.11015625 0.05390625
0 0.775 0.4078125 0.09609375 0.03828125
0 0.69453125 0.36171875 0.0890625 0.0359375
0 0.79140625 0.503125 0.08671875 0.0453125