0 0.77421875 0.96484375 0.034375 0.0703125
0 0.6875 0.44453125 0.0265625 0.05
0 0.8015625 0.59296875 0.0234375 0.04609375
0 0.775 0.596875 0.02890625 0.053125
0 0.77265625 0.84375 0.03515625 0.0640625
0 0.6359375 0.6828125 0.04296875 0.06875
0 0.59375 0.5375 0.02890625 0.053125
0 0.58515625 0.61171875 0.034375 0.04609375
0 0.5984375 0.4234375 0.03515625 0.046875
0 0.7625 0.30859375 0.0296875 0.06171875
0 0.57734375 0.3078125 0.03125 0.0640625
0 0.253125 0.3125 0.02890625 0.0625
0 0.33671875 0.6109375 0.03515625 0.046875
0 0.30078125 0.64765625 0.0296875 0.0515625
0 0.17265625 0.64296875 0.03359375 0.046875
0 0.17265625 0.51328125 0.0328125 0.04609375