0 0.78828125 0.14453125 0.03828125 0.05546875
0 0.646875 0.1453125 0.03671875 0.05390625
0 0.86875 0.5328125 0.03828125 0.0453125
0 0.7953125 0.4890625 0.03828125 0.04296875
0 0.715625 0.45078125 0.0390625 0.04375
0 0.6515625 0.44609375 0.0453125 0.0390625
0 0.68984375 0.35078125 0.04453125 0.0375
0 0.8046875 0.35078125 0.04609375 0.03984375
0 0.32734375 0.59921875 0.05703125 0.03828125
0 0.315625 0.57734375 0.0390625 0.05703125
0 0.30546875 0.14609375 0.04296875 0.05859375
0 0.3796875 0.48828125 0.0390625 0.0328125
0 0.071875 0.42578125 0.034375 0.04140625