0 0.87265625 0.61484375 0.0328125 0.0328125
0 0.728125 0.86796875 0.03203125 0.0328125
0 0.88359375 0.75703125 0.0296875 0.02890625
0 0.65078125 0.74296875 0.0390625 0.0234375
0 0.86484375 0.72421875 0.0390625 0.0234375
0 0.69765625 0.8125 0.04375 0.0328125
0 0.7296875 0.09921875 0.03671875 0.03671875
0 0.69140625 0.471875 0.034375 0.03515625
0 0.6921875 0.37734375 0.0359375 0.0359375
0 0.66640625 0.26171875 0.03515625 0.0328125
0 0.6765625 0.28203125 0.04765625 0.02890625
0 0.09375 0.315625 0.02890625 0.028125
0 0.1015625 0.28046875 0.0390625 0.0234375
0 0.253125 0.1921875 0.040625 0.025
0 0.23515625 0.1859375 0.03203125 0.0296875