0 0.46171875 0.7359375 0.03203125 0.05390625
0 0.57421875 0.56015625 0.03203125 0.0375
0 0.465625 0.5015625 0.028125 0.04296875
0 0.41328125 0.52734375 0.0265625 0.040625
0 0.2953125 0.45859375 0.028125 0.0421875
0 0.34609375 0.3515625 0.01953125 0.021875
0 0.34609375 0.3296875 0.01953125 0.021875
0 0.31796875 0.44765625 0.01953125 0.02109375
0 0.31796875 0.4265625 0.01953125 0.02109375
0 0.40859375 0.5796875 0.02734375 0.04140625
0 0.3359375 0.5734375 0.03203125 0.0375
0 0.52265625 0.5703125 0.02890625 0.04296875