0 0.09609375 0.1515625 0.040625 0.06484375
0 0.81796875 0.2296875 0.04609375 0.1015625
0 0.7421875 0.54921875 0.03203125 0.0796875
0 0.72890625 0.2375 0.028125 0.07421875
0 0.94296875 0.57109375 0.0515625 0.12421875
0 0.890625 0.57109375 0.05234375 0.12421875
0 0.5734375 0.546875 0.0328125 0.0828125
0 0.4484375 0.546875 0.0328125 0.0828125
0 0.33203125 0.546875 0.03359375 0.084375
0 0.3671875 0.37890625 0.0296875 0.07578125
0 0.4375 0.37890625 0.0296875 0.075
0 0.6390625 0.17421875 0.028125 0.07265625
0 0.36796875 0.23828125 0.0296875 0.07578125
0 0.5828125 0.17265625 0.0296875 0.07578125
0 0.40234375 0.159375 0.034375 0.065625
0 0.6890625 0.4390625 0.04296875 0.07265625
0 0.68828125 0.15703125 0.040625 0.065625