0 0.91875 0.1046875 0.04375 0.06953125
0 0.1421875 0.18828125 0.04921875 0.10859375
0 0.2234375 0.53203125 0.034375 0.0859375
0 0.23828125 0.196875 0.03046875 0.0796875
0 0.01796875 0.55625 0.03515625 0.134375
0 0.06328125 0.55625 0.05625 0.134375
0 0.40546875 0.5296875 0.03515625 0.0890625
0 0.5390625 0.5296875 0.03515625 0.0890625
0 0.66484375 0.5296875 0.03671875 0.090625
0 0.62734375 0.34921875 0.03203125 0.08203125
0 0.5515625 0.3484375 0.03125 0.08046875
0 0.33515625 0.12890625 0.03046875 0.078125
0 0.6265625 0.19765625 0.03125 0.08203125
0 0.39453125 0.1265625 0.03203125 0.08203125
0 0.5890625 0.1125 0.03671875 0.07109375
0 0.28046875 0.4140625 0.04609375 0.078125
0 0.28203125 0.1109375 0.04375 0.07109375