0 0.85078125 0.70078125 0.0453125 0.0765625
0 0.89609375 0.70078125 0.04453125 0.0765625
0 0.63359375 0.6953125 0.0375 0.065625
0 0.6640625 0.3625 0.0296875 0.04765625
0 0.74765625 0.53984375 0.0265625 0.0453125
0 0.7375 0.59296875 0.03125 0.03984375
0 0.73515625 0.53671875 0.025 0.03046875
0 0.6765625 0.53125 0.0265625 0.0328125
0 0.0859375 0.46953125 0.03359375 0.06171875
0 0.22109375 0.5109375 0.02890625 0.046875
0 0.2640625 0.5109375 0.0296875 0.04765625
0 0.42265625 0.440625 0.0203125 0.03359375
0 0.44296875 0.440625 0.0203125 0.03359375
0 0.19453125 0.384375 0.04609375 0.0671875