0 0.68515625 0.3921875 0.06328125 0.0484375
0 0.6359375 0.27734375 0.05 0.03671875
0 0.68515625 0.21171875 0.06328125 0.0484375
0 0.678125 0.1015625 0.05 0.0359375
0 0.5625 0.46171875 0.059375 0.04453125
0 0.5625 0.35703125 0.0578125 0.04375
0 0.61328125 0.52265625 0.0671875 0.06484375
0 0.4046875 0.46640625 0.05234375 0.03984375
0 0.6125 0.603125 0.065625 0.0703125
0 0.20625 0.60078125 0.06015625 0.06640625
0 0.83359375 0.3453125 0.04296875 0.04375
0 0.07734375 0.70234375 0.0875 0.06953125
0 0.26796875 0.725 0.059375 0.05859375
0 0.81640625 0.81015625 0.0953125 0.0765625
0 0.81640625 0.88671875 0.0953125 0.0765625