0 0.39375 0.6328125 0.03828125 0.04296875
0 0.44921875 0.6234375 0.04921875 0.0265625
0 0.5890625 0.71484375 0.0390625 0.0265625
0 0.5890625 0.7796875 0.03828125 0.0265625
0 0.6640625 0.84921875 0.03515625 0.0328125
0 0.58203125 0.8109375 0.03359375 0.03203125
0 0.66171875 0.6828125 0.0328125 0.03203125
0 0.66171875 0.621875 0.0328125 0.03046875
0 0.55859375 0.78203125 0.0296875 0.0203125
0 0.36328125 0.43046875 0.04140625 0.04765625
0 0.2328125 0.13125 0.05234375 0.028125
0 0.4203125 0.3640625 0.0421875 0.02734375
0 0.3484375 0.33984375 0.03984375 0.0265625
0 0.3625 0.5171875 0.0421875 0.04296875
0 0.71875 0.3421875 0.05234375 0.02734375
0 0.71796875 0.1671875 0.053125 0.028125
0 0.89140625 0.33359375 0.03515625 0.03203125
0 0.8875 0.23359375 0.03359375 0.03203125
0 0.9 0.26484375 0.03828125 0.0265625