0 0.6078125 0.675 0.03515625 0.0234375
0 0.496875 0.59296875 0.0265625 0.03125
0 0.5 0.70546875 0.02578125 0.03046875
0 0.58203125 0.8953125 0.03359375 0.02265625
0 0.58125 0.7609375 0.03515625 0.02421875
0 0.50390625 0.8609375 0.0265625 0.03125
0 0.6328125 0.778125 0.0265625 0.02734375
0 0.52578125 0.8296875 0.02421875 0.0171875
0 0.41171875 0.91328125 0.0265625 0.02734375
0 0.56640625 0.928125 0.028125 0.02890625
0 0.51640625 0.675 0.0296875 0.02265625
0 0.8359375 0.11796875 0.0359375 0.02421875
0 0.72890625 0.03828125 0.02734375 0.0328125
0 0.803125 0.50703125 0.03515625 0.0234375
0 0.803125 0.46640625 0.034375 0.02265625
0 0.75390625 0.45078125 0.0265625 0.03046875
0 0.72890625 0.4578125 0.03203125 0.0234375
0 0.77265625 0.478125 0.0234375 0.025
0 0.65859375 0.23984375 0.03125 0.0234375
0 0.6546875 0.24765625 0.02421875 0.02578125
0 0.7375 0.3390625 0.0234375 0.01640625
0 0.6171875 0.35078125 0.0234375 0.01640625
0 0.803125 0.3296875 0.03046875 0.02265625
0 0.81953125 0.240625 0.03125 0.0234375
0 0.30390625 0.12734375 0.0265625 0.03125
0 0.24921875 0.38203125 0.03046875 0.02265625
0 0.25234375 0.25703125 0.0234375 0.01640625
0 0.3203125 0.22890625 0.03125 0.02421875
0 0.321875 0.36953125 0.0171875 0.01875
0 0.290625 0.2609375 0.01953125 0.02109375
0 0.2296875 0.38125 0.03046875 0.02265625
0 0.20390625 0.27109375 0.03046875 0.0234375
0 0.20703125 0.19453125 0.02421875 0.01796875
0 0.23984375 0.25234375 0.01953125 0.02109375
0 0.2390625 0.40546875 0.0265625 0.0265625