0 0.38203125 0.6796875 0.03359375 0.02265625
0 0.4875 0.6015625 0.025 0.0296875
0 0.484375 0.70859375 0.02421875 0.02890625
0 0.40625 0.88828125 0.03203125 0.02109375
0 0.40703125 0.7609375 0.03359375 0.02265625
0 0.48046875 0.85625 0.025 0.0296875
0 0.35859375 0.77734375 0.025 0.02578125
0 0.46015625 0.82578125 0.02265625 0.01640625
0 0.56875 0.90546875 0.025 0.02578125
0 0.421875 0.91953125 0.0265625 0.02734375
0 0.46953125 0.67890625 0.028125 0.02109375
0 0.165625 0.1515625 0.034375 0.02265625
0 0.2671875 0.07578125 0.02578125 0.03046875
0 0.196875 0.51953125 0.03359375 0.021875
0 0.196875 0.48203125 0.0328125 0.021875
0 0.24375 0.4671875 0.025 0.02890625
0 0.2671875 0.4734375 0.03046875 0.021875
0 0.22578125 0.49296875 0.021875 0.0234375
0 0.33359375 0.2671875 0.0296875 0.021875
0 0.33828125 0.27421875 0.02265625 0.02421875
0 0.259375 0.3609375 0.021875 0.015625
0 0.3734375 0.371875 0.021875 0.015625
0 0.196875 0.3515625 0.02890625 0.021875
0 0.18125 0.2671875 0.0296875 0.021875
0 0.6703125 0.16015625 0.025 0.0296875
0 0.72265625 0.4015625 0.02890625 0.02109375
0 0.71953125 0.2828125 0.021875 0.015625
0 0.65546875 0.25625 0.0296875 0.0234375
0 0.65390625 0.38984375 0.01640625 0.01796875
0 0.6828125 0.28671875 0.01875 0.0203125
0 0.740625 0.40078125 0.02890625 0.02109375
0 0.765625 0.29609375 0.02890625 0.021875
0 0.7625 0.2234375 0.02265625 0.01640625
0 0.73125 0.27890625 0.01875 0.0203125
0 0.73203125 0.4234375 0.025 0.02578125