0 0.3296875 0.909375 0.05859375 0.0765625
0 0.325 0.88828125 0.0421875 0.08671875
0 0.46015625 0.9171875 0.0390625 0.05078125
0 0.5328125 0.6171875 0.03671875 0.0703125
0 0.6109375 0.625 0.02578125 0.05390625
0 0.6484375 0.5953125 0.04609375 0.0625
0 0.43984375 0.5359375 0.0484375 0.090625
0 0.32578125 0.34375 0.0421875 0.0796875
0 0.590625 0.4515625 0.04609375 0.0625
0 0.69453125 0.44453125 0.04921875 0.08984375
0 0.31171875 0.703125 0.0421875 0.05703125
0 0.309375 0.50625 0.03828125 0.05078125