0 0.2828125 0.22890625 0.07265625 0.05859375
0 0.2828125 0.2796875 0.07265625 0.05859375
0 0.30234375 0.78203125 0.07265625 0.05859375
0 0.315625 0.95625 0.075 0.04375
0 0.3 0.69921875 0.07109375 0.0578125
0 0.38515625 0.65703125 0.04921875 0.0421875
0 0.76484375 0.27890625 0.07265625 0.05859375
0 0.76484375 0.22890625 0.07265625 0.05859375
0 0.74921875 0.4015625 0.06640625 0.0546875
0 0.8 0.5203125 0.05 0.04296875
0 0.7234375 0.56015625 0.06328125 0.05234375
0 0.7140625 0.47734375 0.07109375 0.04140625
0 0.853125 0.64296875 0.05234375 0.04375