0 0.709375 0.1375 0.04296875 0.0390625
0 0.709375 0.1765625 0.04296875 0.03828125
0 0.609375 0.70390625 0.0453125 0.04140625
0 0.7875 0.91640625 0.046875 0.04453125
0 0.8421875 0.81953125 0.03203125 0.06328125
0 0.65546875 0.84296875 0.02890625 0.046875
0 0.67421875 0.71796875 0.03125 0.05
0 0.78046875 0.690625 0.03125 0.05
0 0.7375 0.6421875 0.0375 0.04453125
0 0.89296875 0.5828125 0.03671875 0.04375
0 0.89375 0.37265625 0.0375 0.04375
0 0.140625 0.17578125 0.04140625 0.03828125
0 0.28671875 0.38671875 0.0328125 0.05234375
0 0.3515625 0.303125 0.0375 0.04296875
0 0.33203125 0.23203125 0.05078125 0.06875
0 0.278125 0.23203125 0.05 0.06796875