0 0.68125 0.11796875 0.0421875 0.03828125
0 0.68125 0.15546875 0.0421875 0.0375
0 0.58359375 0.67109375 0.04453125 0.040625
0 0.7578125 0.878125 0.04609375 0.04375
0 0.81171875 0.78359375 0.03125 0.06171875
0 0.62890625 0.80703125 0.028125 0.0453125
0 0.646875 0.684375 0.03046875 0.0484375
0 0.75078125 0.6578125 0.03046875 0.0484375
0 0.709375 0.61015625 0.03671875 0.04375
0 0.8609375 0.5515625 0.0359375 0.0421875
0 0.8609375 0.346875 0.03671875 0.04296875
0 0.125 0.1546875 0.040625 0.0375
0 0.26796875 0.36015625 0.03203125 0.0515625
0 0.33203125 0.2796875 0.03671875 0.0421875
0 0.3125 0.209375 0.04921875 0.0671875
0 0.259375 0.209375 0.0484375 0.06640625