0 0.603125 0.85703125 0.04375 0.02734375
0 0.5734375 0.77109375 0.02578125 0.05
0 0.5734375 0.79921875 0.02578125 0.04921875
0 0.30859375 0.6828125 0.021875 0.046875
0 0.28671875 0.6828125 0.021875 0.046875
0 0.30859375 0.70625 0.021875 0.046875
0 0.28671875 0.70625 0.021875 0.046875
0 0.090625 0.3921875 0.040625 0.03203125
0 0.0609375 0.3921875 0.040625 0.03203125
0 0.0828125 0.41640625 0.025 0.015625
0 0.06875 0.41640625 0.025 0.015625
0 0.24609375 0.3046875 0.02578125 0.046875
0 0.271875 0.3046875 0.0265625 0.046875
0 0.84453125 0.30390625 0.0265625 0.04765625
0 0.871875 0.30390625 0.0265625 0.04765625
0 0.56796875 0.3046875 0.0265625 0.046875
0 0.5953125 0.3046875 0.0265625 0.046875
0 0.54921875 0.56875 0.02578125 0.0453125
0 0.57578125 0.56875 0.0265625 0.0453125
0 0.47109375 0.56796875 0.02578125 0.04453125
0 0.41875 0.34765625 0.04140625 0.028125
0 0.64296875 0.8 0.025 0.05078125
0 0.6890625 0.75390625 0.03671875 0.028125
0 0.6890625 0.6 0.03671875 0.02890625
0 0.678125 0.825 0.0296875 0.0265625
0 0.640625 0.8671875 0.025 0.0328125
0 0.653125 0.73359375 0.02421875 0.03125
0 0.44453125 0.58515625 0.04140625 0.028125
0 0.303125 0.4671875 0.02578125 0.0453125
0 0.321875 0.34609375 0.03046875 0.02734375
0 0.36875 0.3609375 0.025 0.03125
0 0.1171875 0.503125 0.02890625 0.0375
0 0.13515625 0.48671875 0.0265625 0.0234375
0 0.6515625 0.125 0.04140625 0.028125
0 0.6515625 0.096875 0.04140625 0.02890625
0 0.54765625 0.7171875 0.040625 0.0265625