0 0.540625 0.22578125 0.053125 0.04609375
0 0.575 0.22578125 0.05234375 0.04609375
0 0.8015625 0.51875 0.0375 0.0734375
0 0.815625 0.309375 0.03203125 0.034375
0 0.8359375 0.4578125 0.0359375 0.0390625
0 0.8046875 0.40625 0.03671875 0.05703125
0 0.68046875 0.2984375 0.03671875 0.03984375
0 0.7828125 0.61953125 0.03828125 0.06484375
0 0.52890625 0.62109375 0.0359375 0.06171875
0 0.4375 0.625 0.03046875 0.053125
0 0.87421875 0.79140625 0.06640625 0.07578125
0 0.87421875 0.71640625 0.06640625 0.075
0 0.05703125 0.296875 0.05 0.05
0 0.09453125 0.296875 0.05 0.05
0 0.290625 0.30390625 0.0390625 0.04296875
0 0.1140625 0.278125 0.025 0.04140625
0 0.253125 0.24296875 0.02734375 0.04453125
0 0.14609375 0.1703125 0.03671875 0.04140625