0 0.203125 0.24609375 0.0453125 0.07734375
0 0.24453125 0.87734375 0.0484375 0.08359375
0 0.1328125 0.67890625 0.04296875 0.06171875
0 0.24765625 0.73671875 0.05 0.0703125
0 0.23828125 0.4609375 0.0453125 0.06484375
0 0.30234375 0.4609375 0.0453125 0.0640625
0 0.23203125 0.575 0.05078125 0.05546875
0 0.1296875 0.57578125 0.05234375 0.05703125
0 0.325 0.68125 0.06875 0.08515625
0 0.70390625 0.25078125 0.04453125 0.07890625
0 0.81171875 0.6640625 0.04453125 0.0625
0 0.6109375 0.68359375 0.04140625 0.05859375
0 0.74296875 0.68125 0.04453125 0.06328125