0 0.21171875 0.25078125 0.04375 0.0734375
0 0.2515625 0.8515625 0.04609375 0.0796875
0 0.1453125 0.66328125 0.04140625 0.059375
0 0.2546875 0.71796875 0.04765625 0.0671875
0 0.24609375 0.45546875 0.04375 0.06171875
0 0.30703125 0.45546875 0.04296875 0.0609375
0 0.23984375 0.5640625 0.0484375 0.05234375
0 0.1421875 0.56484375 0.05 0.05390625
0 0.32890625 0.66484375 0.06484375 0.08125
0 0.68984375 0.25546875 0.0421875 0.075
0 0.7921875 0.6484375 0.0421875 0.06015625
0 0.6015625 0.6671875 0.0390625 0.05625
0 0.7265625 0.66484375 0.0421875 0.06015625