0 0.371875 0.815625 0.021875 0.0484375
0 0.51484375 0.5890625 0.0265625 0.03515625
0 0.49375 0.5890625 0.0265625 0.03515625
0 0.3765625 0.421875 0.01953125 0.0453125
0 0.3765625 0.45625 0.01953125 0.04453125
0 0.253125 0.39296875 0.02578125 0.034375
0 0.21171875 0.8109375 0.0171875 0.03984375
0 0.16875 0.825 0.0234375 0.03046875
0 0.3 0.53046875 0.0171875 0.02421875
0 0.296875 0.5734375 0.0234375 0.03359375
0 0.37421875 0.68828125 0.021875 0.04375
0 0.37734375 0.58515625 0.01953125 0.03828125
0 0.19765625 0.21640625 0.0203125 0.03984375
0 0.2546875 0.8484375 0.028125 0.0390625
0 0.32734375 0.678125 0.03359375 0.05703125
0 0.88125 0.59765625 0.0265625 0.0359375
0 0.6671875 0.6890625 0.0140625 0.02890625
0 0.68203125 0.67578125 0.02578125 0.04453125
0 0.6625 0.60234375 0.02265625 0.040625
0 0.68828125 0.60078125 0.02109375 0.0421875