0 0.5515625 0.03125 0.0375 0.0625
0 0.58125 0.03984375 0.0203125 0.04609375
0 0.87421875 0.67421875 0.07578125 0.04375
0 0.87421875 0.71875 0.07578125 0.04453125
0 0.553125 0.9671875 0.0484375 0.065625
0 0.58671875 0.98125 0.01875 0.0375
0 0.42109375 0.7171875 0.03984375 0.0453125
0 0.45 0.72734375 0.01953125 0.02578125
0 0.55546875 0.80234375 0.05 0.06953125
0 0.5890625 0.7859375 0.01640625 0.0375
0 0.53046875 0.66328125 0.05078125 0.04375
0 0.53046875 0.51953125 0.05078125 0.04296875
0 0.48515625 0.1984375 0.05078125 0.04296875
0 0.48515625 0.30625 0.05078125 0.04375
0 0.584375 0.125 0.04453125 0.0375
0 0.79609375 0.24921875 0.0484375 0.05625
0 0.840625 0.24453125 0.03984375 0.046875
0 0.70546875 0.13203125 0.03984375 0.04296875
0 0.65625 0.13203125 0.03984375 0.04296875