0 0.703125 0.96015625 0.05546875 0.04765625
0 0.73046875 0.87734375 0.05234375 0.065625
0 0.77265625 0.17578125 0.04609375 0.059375
0 0.77265625 0.12734375 0.04609375 0.059375
0 0.665625 0.715625 0.05390625 0.046875
0 0.66484375 0.5265625 0.053125 0.0453125
0 0.7296875 0.76796875 0.05078125 0.06328125
0 0.8390625 0.50859375 0.05546875 0.04765625
0 0.81484375 0.5578125 0.034375 0.046875
0 0.89765625 0.565625 0.04921875 0.06328125
0 0.23984375 0.1734375 0.04375 0.05703125
0 0.23984375 0.1265625 0.04375 0.05703125
0 0.21171875 0.36328125 0.04375 0.05625
0 0.1421875 0.36328125 0.04375 0.05625
0 0.23671875 0.4671875 0.0546875 0.046875
0 0.06953125 0.54375 0.04375 0.05703125
0 0.06796875 0.69609375 0.0453125 0.05859375
0 0.05859375 0.44609375 0.05546875 0.04765625