0 0.27890625 0.946875 0.0515625 0.04453125
0 0.253125 0.8703125 0.0484375 0.0609375
0 0.2140625 0.21875 0.04296875 0.05546875
0 0.2140625 0.1734375 0.04296875 0.05546875
0 0.3140625 0.7203125 0.05 0.04296875
0 0.31484375 0.54453125 0.04921875 0.0421875
0 0.25390625 0.76875 0.046875 0.059375
0 0.153125 0.528125 0.0515625 0.04453125
0 0.175 0.5734375 0.03203125 0.04296875
0 0.0984375 0.58125 0.04609375 0.05859375
0 0.709375 0.21640625 0.040625 0.053125
0 0.709375 0.1734375 0.040625 0.053125
0 0.734375 0.39296875 0.040625 0.05234375
0 0.79921875 0.39296875 0.040625 0.05234375
0 0.71171875 0.48984375 0.05078125 0.04296875
0 0.8671875 0.56015625 0.040625 0.053125
0 0.86796875 0.7015625 0.0421875 0.0546875
0 0.87734375 0.46953125 0.0515625 0.04453125