0 0.21328125 0.8 0.04296875 0.08046875
0 0.14140625 0.56796875 0.0453125 0.0546875
0 0.2890625 0.56953125 0.046875 0.05625
0 0.22109375 0.01875 0.04453125 0.0375
0 0.34296875 0.22578125 0.03828125 0.06328125
0 0.12734375 0.38515625 0.0453125 0.0546875
0 0.72890625 0.36328125 0.04453125 0.05234375
0 0.73203125 0.00859375 0.0375 0.01640625
0 0.6796875 0.41015625 0.0328125 0.05625
0 0.64609375 0.41015625 0.0328125 0.05625
0 0.83671875 0.41015625 0.0328125 0.05625
0 0.803125 0.41015625 0.0328125 0.05625