0 0.6171875 0.8234375 0.0296875 0.0546875
0 0.53203125 0.67734375 0.0421875 0.0703125
0 0.48984375 0.67734375 0.0421875 0.0703125
0 0.79375 0.46796875 0.0359375 0.0390625
0 0.76640625 0.46796875 0.0359375 0.0390625
0 0.7984375 0.63671875 0.02578125 0.0484375
0 0.7984375 0.67421875 0.02578125 0.0484375
0 0.70390625 0.684375 0.03125 0.03984375
0 0.77890625 0.73671875 0.0265625 0.03359375
0 0.62890625 0.74296875 0.0296875 0.0484375
0 0.6859375 0.70234375 0.02734375 0.04453125
0 0.88984375 0.75 0.03203125 0.040625
0 0.32578125 0.5375 0.03359375 0.03671875
0 0.30078125 0.5375 0.03359375 0.03671875
0 0.33359375 0.67734375 0.02734375 0.05234375
0 0.33359375 0.63671875 0.02734375 0.05234375
0 0.16171875 0.70625 0.028125 0.046875
0 0.203125 0.6890625 0.03203125 0.040625
0 0.20390625 0.5390625 0.0328125 0.04140625
0 0.203125 0.4828125 0.03203125 0.040625