0 0.8828125 0.80234375 0.0328125 0.03515625
0 0.81953125 0.70703125 0.02421875 0.0421875
0 0.709375 0.39921875 0.02578125 0.04375
0 0.54609375 0.2359375 0.03203125 0.03359375
0 0.8046875 0.06015625 0.01640625 0.03125
0 0.82109375 0.06015625 0.01640625 0.03125
0 0.63828125 0.24765625 0.03203125 0.03359375
0 0.659375 0.12890625 0.02421875 0.0234375
0 0.659375 0.15234375 0.02421875 0.0234375
0 0.61796875 0.27421875 0.02265625 0.0390625
0 0.61015625 0.31328125 0.02734375 0.02734375
0 0.709375 0.2734375 0.03046875 0.03046875
0 0.66640625 0.265625 0.01953125 0.0359375
0 0.50703125 0.6296875 0.03359375 0.0359375
0 0.325 0.059375 0.0171875 0.03125
0 0.3078125 0.059375 0.0171875 0.03125
0 0.24453125 0.19765625 0.03046875 0.03203125
0 0.24453125 0.25390625 0.0296875 0.03125
0 0.3859375 0.19921875 0.0296875 0.03046875
0 0.459375 0.25234375 0.02265625 0.0390625
0 0.325 0.1890625 0.0203125 0.0359375
0 0.3046875 0.1890625 0.01953125 0.0359375