0 0.90078125 0.1515625 0.03359375 0.0484375
0 0.73984375 0.19921875 0.0234375 0.07109375
0 0.65234375 0.2 0.02265625 0.0703125
0 0.8 0.50234375 0.03359375 0.04921875
0 0.73515625 0.40390625 0.02578125 0.04921875
0 0.6515625 0.44765625 0.02265625 0.05390625
0 0.7375 0.35 0.02265625 0.05390625
0 0.75546875 0.61171875 0.0234375 0.0546875
0 0.6109375 0.61171875 0.02265625 0.0546875
0 0.31328125 0.503125 0.03359375 0.05
0 0.265625 0.35078125 0.0234375 0.05546875
0 0.26328125 0.40546875 0.02578125 0.04921875
0 0.26015625 0.26328125 0.02109375 0.03828125