0 0.08828125 0.3109375 0.06328125 0.05
0 0.1515625 0.3109375 0.06328125 0.05
0 0.28359375 0.42578125 0.0578125 0.0546875
0 0.6578125 0.3015625 0.0609375 0.05703125
0 0.5234375 0.9359375 0.06484375 0.059375
0 0.29140625 0.8828125 0.07109375 0.04296875
0 0.284375 0.76640625 0.05546875 0.04453125
0 0.3578125 0.728125 0.05390625 0.04375
0 0.52421875 0.809375 0.06171875 0.04921875
0 0.6890625 0.69140625 0.06484375 0.03828125
0 0.8765625 0.68046875 0.04765625 0.03984375
0 0.2234375 0.659375 0.0609375 0.03671875
0 0.27890625 0.65 0.05078125 0.040625
0 0.13984375 0.55625 0.05625 0.0453125
0 0.228125 0.39765625 0.07109375 0.034375