0 0.96171875 0.6515625 0.07578125 0.04609375
0 0.78125 0.89296875 0.0796875 0.0359375
0 0.79296875 0.83984375 0.06328125 0.04609375
0 0.553125 0.8390625 0.059375 0.04453125
0 0.49375 0.8390625 0.059375 0.04453125
0 0.80859375 0.70234375 0.06875 0.0484375
0 0.665625 0.78984375 0.059375 0.0421875
0 0.41953125 0.71015625 0.08046875 0.03828125
0 0.35546875 0.53984375 0.0796875 0.0390625
0 0.5578125 0.5796875 0.07890625 0.0390625
0 0.31171875 0.1703125 0.059375 0.04453125
0 0.25234375 0.1703125 0.059375 0.04453125
0 0.6984375 0.653125 0.0875 0.04453125