0 0.33203125 0.3 0.03828125 0.06015625
0 0.32578125 0.240625 0.046875 0.05078125
0 0.21953125 0.32890625 0.04921875 0.05390625
0 0.2109375 0.440625 0.0453125 0.07109375
0 0.1609375 0.53515625 0.0484375 0.053125
0 0.19609375 0.47265625 0.03828125 0.0390625
0 0.06796875 0.51953125 0.03125 0.0515625
0 0.2921875 0.628125 0.0484375 0.053125
0 0.23125 0.74453125 0.04765625 0.07734375
0 0.23046875 0.63046875 0.0484375 0.075
0 0.11015625 0.825 0.046875 0.0515625
0 0.62421875 0.16015625 0.05390625 0.04921875
0 0.7625 0.590625 0.04609375 0.0515625
0 0.69140625 0.603125 0.03046875 0.04921875