0 0.290625 0.05625 0.05078125 0.07734375
0 0.31015625 0.8375 0.046875 0.07265625
0 0.66953125 0.88828125 0.04921875 0.0765625
0 0.96171875 0.25 0.05625 0.0484375
0 0.71875 0.2625 0.0515625 0.04921875
0 0.78203125 0.24140625 0.03671875 0.05546875
0 0.23046875 0.67890625 0.0609375 0.06171875
0 0.23359375 0.56171875 0.05546875 0.05390625
0 0.23125 0.26875 0.05859375 0.059375
0 0.67265625 0.54296875 0.0453125 0.0640625
0 0.66171875 0.6609375 0.0515625 0.0484375
0 0.54140625 0.71953125 0.0375 0.05625
0 0.3078125 0.70703125 0.05078125 0.07109375
0 0.36171875 0.7671875 0.04921875 0.04765625
0 0.359375 0.603125 0.0546875 0.053125
0 0.58515625 0.7765625 0.04765625 0.0453125