0 0.46640625 0.78359375 0.02421875 0.03359375
0 0.3875 0.784375 0.02265625 0.03203125
0 0.35234375 0.7734375 0.0328125 0.02890625
0 0.54765625 0.678125 0.028125 0.03828125
0 0.4859375 0.72265625 0.0296875 0.0265625
0 0.36875 0.76484375 0.02734375 0.0375
0 0.49296875 0.58203125 0.028125 0.0375
0 0.703125 0.465625 0.04296875 0.0359375
0 0.89921875 0.3078125 0.040625 0.03359375
0 0.79765625 0.45 0.02890625 0.04453125
0 0.75 0.45078125 0.0296875 0.0453125
0 0.7421875 0.5125 0.0234375 0.03203125
0 0.8203125 0.3078125 0.03359375 0.03203125
0 0.753125 0.3453125 0.0234375 0.03203125
0 0.225 0.18359375 0.02265625 0.0296875
0 0.2390625 0.30625 0.03125 0.0296875
0 0.33359375 0.2921875 0.028125 0.03515625
0 0.29765625 0.315625 0.02578125 0.03203125
0 0.2421875 0.19296875 0.02578125 0.0234375
0 0.22578125 0.34609375 0.02109375 0.028125