0 0.48125 0.83359375 0.04140625 0.0640625
0 0.25390625 0.25859375 0.0421875 0.065625
0 0.25390625 0.20859375 0.0421875 0.065625
0 0.784375 0.309375 0.0421875 0.06484375
0 0.78359375 0.53828125 0.040625 0.0546875
0 0.1921875 0.55703125 0.0484375 0.0484375
0 0.23125 0.44765625 0.04140625 0.03984375
0 0.1921875 0.2734375 0.0484375 0.0484375
0 0.06640625 0.32109375 0.03671875 0.05
0 0.33828125 0.61875 0.04140625 0.05546875
0 0.4796875 0.73984375 0.040625 0.0546875
0 0.4609375 0.8984375 0.04765625 0.04765625