0 0.8390625 0.22265625 0.0515625 0.0625
0 0.48359375 0.82578125 0.0421875 0.07734375
0 0.48828125 0.69453125 0.04296875 0.071875
0 0.4046875 0.603125 0.04375 0.05625
0 0.43984375 0.49453125 0.03828125 0.0484375
0 0.40703125 0.4234375 0.0390625 0.0484375
0 0.32265625 0.43046875 0.03359375 0.05859375
0 0.496875 0.35703125 0.0375 0.0640625
0 0.8046875 0.45625 0.03359375 0.059375
0 0.83359375 0.62421875 0.03359375 0.0578125
0 0.2 0.74765625 0.059375 0.10390625
0 0.140625 0.74765625 0.059375 0.10390625
0 0.05546875 0.16796875 0.05234375 0.0609375