0 0.12109375 0.18671875 0.05234375 0.06328125
0 0.48046875 0.7953125 0.04296875 0.078125
0 0.47578125 0.6625 0.04296875 0.07265625
0 0.56015625 0.5703125 0.04453125 0.05703125
0 0.52421875 0.4609375 0.03828125 0.04921875
0 0.5578125 0.3890625 0.0390625 0.04921875
0 0.64296875 0.39609375 0.034375 0.059375
0 0.4671875 0.321875 0.03828125 0.06484375
0 0.15546875 0.42265625 0.034375 0.06015625
0 0.1265625 0.5921875 0.03359375 0.05859375
0 0.76796875 0.71640625 0.059375 0.10546875
0 0.82734375 0.71640625 0.059375 0.10546875
0 0.91328125 0.13046875 0.05234375 0.0609375