0 0.2421875 0.14296875 0.0546875 0.0671875
0 0.2421875 0.0921875 0.0546875 0.06640625
0 0.25625 0.7765625 0.05390625 0.06640625
0 0.25625 0.8265625 0.05390625 0.06640625
0 0.2734375 0.9234375 0.06328125 0.05078125
0 0.3328125 0.753125 0.05390625 0.04296875
0 0.37734375 0.74140625 0.046875 0.0515625
0 0.23203125 0.69921875 0.06171875 0.05
0 0.22890625 0.59296875 0.05546875 0.0453125
0 0.228125 0.49765625 0.05390625 0.04296875
0 0.79140625 0.14375 0.0546875 0.06796875
0 0.79140625 0.0921875 0.0546875 0.06796875
0 0.72109375 0.46875 0.05078125 0.05546875
0 0.78984375 0.41875 0.0546875 0.059375
0 0.72109375 0.6109375 0.053125 0.0578125
0 0.80078125 0.61171875 0.053125 0.05859375
0 0.703125 0.53203125 0.05546875 0.04453125