0 0.66328125 0.7921875 0.04296875 0.0546875
0 0.66796875 0.71171875 0.03515625 0.04140625
0 0.6625 0.69765625 0.04453125 0.03671875
0 0.6296875 0.54140625 0.0359375 0.028125
0 0.62734375 0.4390625 0.04140625 0.034375
0 0.62734375 0.38984375 0.04140625 0.034375
0 0.69453125 0.16171875 0.05546875 0.04765625
0 0.76171875 0.52734375 0.04453125 0.03671875
0 0.55234375 0.534375 0.05078125 0.05859375
0 0.7765625 0.54296875 0.034375 0.0421875
0 0.86484375 0.2953125 0.05078125 0.03984375
0 0.86484375 0.52734375 0.05234375 0.04140625
0 0.6921875 0.38828125 0.04140625 0.034375
0 0.721875 0.540625 0.0328125 0.025
0 0.80703125 0.72265625 0.03125 0.0390625
0 0.93515625 0.2890625 0.05 0.04296875
0 0.93359375 0.534375 0.04765625 0.040625
0 0.753125 0.83984375 0.05078125 0.04296875
0 0.38203125 0.7390625 0.028125 0.03671875
0 0.21328125 0.6640625 0.0453125 0.03671875
0 0.296875 0.57265625 0.03125 0.040625
0 0.29140625 0.53359375 0.03984375 0.03203125
0 0.23359375 0.35234375 0.03203125 0.040625
0 0.309375 0.35 0.0375 0.04609375
0 0.09375 0.22578125 0.04140625 0.03359375