0 0.06875 0.73984375 0.053125 0.03984375
0 0.51171875 0.05859375 0.04375 0.053125
0 0.54375 0.47734375 0.04453125 0.053125
0 0.07265625 0.3125 0.05703125 0.03984375
0 0.07265625 0.240625 0.05625 0.03984375
0 0.2671875 0.184375 0.05 0.0359375
0 0.26640625 0.31328125 0.0515625 0.03671875
0 0.63125 0.2375 0.0390625 0.046875
0 0.91796875 0.440625 0.040625 0.0484375
0 0.62109375 0.3359375 0.0390625 0.04140625
0 0.65390625 0.2921875 0.04453125 0.0359375
0 0.2125 0.3265625 0.0390625 0.04140625
0 0.19921875 0.37265625 0.04375 0.03671875
0 0.2234375 0.228125 0.03984375 0.04140625