0 0.065625 0.7765625 0.05 0.0375
0 0.4796875 0.1390625 0.04140625 0.04921875
0 0.51015625 0.53046875 0.0421875 0.05
0 0.06875 0.3765625 0.053125 0.0375
0 0.06953125 0.309375 0.053125 0.03671875
0 0.25078125 0.25703125 0.046875 0.03359375
0 0.25 0.37734375 0.0484375 0.034375
0 0.59140625 0.30703125 0.03671875 0.04375
0 0.859375 0.49609375 0.03828125 0.0453125
0 0.58203125 0.3984375 0.03671875 0.0390625
0 0.6125 0.3578125 0.0421875 0.03359375
0 0.2 0.38984375 0.03671875 0.03828125
0 0.1875 0.4328125 0.04140625 0.034375
0 0.21015625 0.29765625 0.03671875 0.03828125