0 0.67578125 0.2890625 0.1078125 0.0359375
0 0.45546875 0.48125 0.1515625 0.0625
0 0.52421875 0.509375 0.1515625 0.0625
0 0.5265625 0.9515625 0.0953125 0.04765625
0 0.57109375 0.028125 0.10234375 0.05078125
0 0.63671875 0.7921875 0.1140625 0.0390625
0 0.5484375 0.73203125 0.10078125 0.034375
0 0.55 0.66484375 0.09765625 0.0328125
0 0.39375 0.7921875 0.11640625 0.03984375
0 0.2796875 0.78359375 0.08828125 0.04453125
0 0.734375 0.68359375 0.11640625 0.0484375
0 0.5203125 0.86328125 0.09609375 0.046875