0 0.12109375 0.93203125 0.0921875 0.06484375
0 0.2140625 0.93203125 0.0921875 0.06484375
0 0.43203125 0.88984375 0.06484375 0.04765625
0 0.43828125 0.30078125 0.07421875 0.03828125
0 0.3671875 0.2546875 0.05546875 0.0421875
0 0.3296875 0.2921875 0.0609375 0.0296875
0 0.21484375 0.1921875 0.06328125 0.03125
0 0.31484375 0.1875 0.05703125 0.0421875
0 0.0859375 0.3765625 0.0578125 0.04296875
0 0.36484375 0.3765625 0.05859375 0.04296875
0 0.278125 0.59296875 0.06953125 0.03515625
0 0.33203125 0.7859375 0.05 0.0390625
0 0.428125 0.82109375 0.0640625 0.04765625
0 0.446875 0.7375 0.07265625 0.0375
0 0.76640625 0.71875 0.0578125 0.04296875