0 0.871875 0.6921875 0.084375 0.0828125
0 0.871875 0.75078125 0.084375 0.08203125
0 0.853125 0.146875 0.0859375 0.0828125
0 0.853125 0.0859375 0.0859375 0.0828125
0 0.85390625 0.50703125 0.0765625 0.0625
0 0.84140625 0.80859375 0.075 0.06015625
0 0.24921875 0.1515625 0.0859375 0.08203125
0 0.24921875 0.090625 0.0859375 0.08203125
0 0.26015625 0.33203125 0.0765625 0.0609375
0 0.22421875 0.3 0.06796875 0.04140625
0 0.36328125 0.58515625 0.07421875 0.059375
0 0.27734375 0.44765625 0.08515625 0.05234375
0 0.26015625 0.51015625 0.075 0.06015625