0 0.67890625 0.55078125 0.01875 0.04140625
0 0.83359375 0.74140625 0.0234375 0.0328125
0 0.85703125 0.7234375 0.01953125 0.03828125
0 0.8921875 0.7234375 0.01875 0.03828125
0 0.78125 0.7234375 0.01953125 0.03828125
0 0.728125 0.7515625 0.0171875 0.03515625
0 0.78203125 0.78203125 0.01875 0.03828125
0 0.8078125 0.75 0.01953125 0.03828125
0 0.7890625 0.84453125 0.01796875 0.0234375
0 0.7890625 0.9046875 0.01796875 0.0234375
0 0.7109375 0.8390625 0.0171875 0.03515625
0 0.125 0.47734375 0.02109375 0.04609375
0 0.125 0.3984375 0.021875 0.0421875
0 0.1671875 0.36875 0.0140625 0.0296875
0 0.1828125 0.18203125 0.0203125 0.03984375
0 0.55859375 0.6140625 0.01640625 0.02265625
0 0.55859375 0.41875 0.0171875 0.0234375
0 0.55859375 0.52734375 0.01640625 0.02265625
0 0.2921875 0.40625 0.0203125 0.02890625
0 0.646875 0.221875 0.02578125 0.0328125
0 0.8359375 0.30625 0.02265625 0.0328125
0 0.8359375 0.22890625 0.02265625 0.03203125
0 0.796875 0.3171875 0.0171875 0.03515625
0 0.7546875 0.30546875 0.02265625 0.03203125