0 0.1171875 0.45234375 0.03515625 0.10234375
0 0.18046875 0.8703125 0.0296875 0.0765625
0 0.18203125 0.590625 0.0234375 0.0625
0 0.19453125 0.38984375 0.028125 0.08828125
0 0.20546875 0.04375 0.03515625 0.05390625
0 0.20625 0.35234375 0.0328125 0.05
0 0.225 0.465625 0.02734375 0.04453125
0 0.1828125 0.71328125 0.02578125 0.05859375
0 0.1015625 0.26171875 0.03359375 0.08046875
0 0.434375 0.45 0.02890625 0.078125
0 0.61953125 0.678125 0.0234375 0.05625
0 0.41328125 0.25625 0.028125 0.06875
0 0.66953125 0.7375 0.03828125 0.06015625
0 0.86015625 0.146875 0.0375 0.059375
0 0.85703125 0.33203125 0.03125 0.046875
0 0.86875 0.35234375 0.03046875 0.06640625
0 0.91796875 0.25703125 0.0234375 0.053125