0 0.11953125 0.50703125 0.03515625 0.103125
0 0.18359375 0.92734375 0.0296875 0.07734375
0 0.18515625 0.6453125 0.0234375 0.06328125
0 0.19765625 0.44375 0.028125 0.08828125
0 0.20859375 0.09609375 0.03515625 0.05390625
0 0.209375 0.40625 0.0328125 0.05
0 0.228125 0.5203125 0.02734375 0.0453125
0 0.18515625 0.76953125 0.02578125 0.059375
0 0.1046875 0.315625 0.03359375 0.08125
0 0.58359375 0.01953125 0.0296875 0.0390625
0 0.4390625 0.50390625 0.02890625 0.07890625
0 0.625 0.73359375 0.0234375 0.05625
0 0.4171875 0.309375 0.028125 0.06875
0 0.67578125 0.79375 0.03828125 0.0609375
0 0.88828125 0.0203125 0.0296875 0.040625
0 0.8671875 0.2 0.0375 0.06015625
0 0.8640625 0.38515625 0.03125 0.04765625
0 0.87578125 0.40625 0.03046875 0.0671875
0 0.925 0.31015625 0.0234375 0.053125