0 0.634375 0.1328125 0.0390625 0.0609375
0 0.634375 0.08046875 0.0390625 0.0609375
0 0.68671875 0.36484375 0.03515625 0.05625
0 0.63671875 0.36484375 0.03515625 0.05625
0 0.6859375 0.4953125 0.03125 0.05
0 0.64375 0.4953125 0.03203125 0.05078125
0 0.565625 0.5359375 0.0296875 0.04765625
0 0.32265625 0.70390625 0.04375 0.0671875
0 0.2984375 0.134375 0.04140625 0.06328125
0 0.2984375 0.07890625 0.04140625 0.0640625
0 0.33828125 0.84765625 0.0515625 0.06015625
0 0.2765625 0.55625 0.04453125 0.05078125
0 0.409375 0.5828125 0.03515625 0.05546875
0 0.321875 0.634375 0.0421875 0.065625