0 0.325 0.1390625 0.0375 0.05859375
0 0.325 0.08984375 0.0375 0.05859375
0 0.275 0.36328125 0.03359375 0.05390625
0 0.3234375 0.36328125 0.03359375 0.05390625
0 0.27578125 0.48828125 0.0296875 0.04765625
0 0.315625 0.48828125 0.03125 0.04921875
0 0.39140625 0.52734375 0.028125 0.04609375
0 0.625 0.6890625 0.0421875 0.06484375
0 0.64765625 0.14140625 0.03984375 0.0609375
0 0.64765625 0.08828125 0.03984375 0.06171875
0 0.61015625 0.8265625 0.05 0.0578125
0 0.66875 0.546875 0.04296875 0.04921875
0 0.54140625 0.57265625 0.03359375 0.053125
0 0.625 0.62265625 0.040625 0.0625