0 0.3609375 0.575 0.03359375 0.0421875
0 0.25234375 0.71953125 0.04453125 0.0296875
0 0.29921875 0.6828125 0.0359375 0.03671875
0 0.35859375 0.6859375 0.02890625 0.03046875
0 0.2984375 0.7546875 0.03359375 0.0328125
0 0.33828125 0.7625 0.04375 0.02734375
0 0.346875 0.38984375 0.0390625 0.04609375
0 0.1234375 0.1234375 0.0515625 0.03125
0 0.13046875 0.325 0.03828125 0.0265625
0 0.16640625 0.20390625 0.04609375 0.03203125
0 0.228125 0.21015625 0.03671875 0.03515625
0 0.46484375 0.24296875 0.03828125 0.040625
0 0.6890625 0.24296875 0.0390625 0.040625
0 0.77578125 0.2125 0.03671875 0.03828125
0 0.88515625 0.15546875 0.0390625 0.04296875
0 0.77578125 0.32109375 0.03671875 0.03671875
0 0.87578125 0.32421875 0.02890625 0.03046875
0 0.58046875 0.03515625 0.03671875 0.04375