0 0.42734375 0.91328125 0.0421875 0.05625
0 0.46953125 0.91328125 0.0421875 0.05625
0 0.4859375 0.7734375 0.0484375 0.034375
0 0.64609375 0.9140625 0.03671875 0.04296875
0 0.63359375 0.63125 0.04453125 0.03046875
0 0.63671875 0.759375 0.0515625 0.03671875
0 0.6671875 0.71328125 0.0375 0.0421875
0 0.721875 0.71328125 0.03671875 0.0421875
0 0.3875 0.496875 0.04140625 0.046875
0 0.38828125 0.39453125 0.03359375 0.03984375
0 0.2953125 0.3296875 0.04140625 0.0296875
0 0.33828125 0.309375 0.0390625 0.03515625
0 0.31875 0.12421875 0.02109375 0.02265625
0 0.76328125 0.15546875 0.03828125 0.02578125
0 0.7609375 0.36171875 0.03359375 0.021875
0 0.73046875 0.303125 0.046875 0.03359375
0 0.71484375 0.13828125 0.02421875 0.02734375
0 0.68203125 0.1359375 0.01953125 0.0234375
0 0.65078125 0.13671875 0.01953125 0.0234375
0 0.61640625 0.1359375 0.01953125 0.02265625
0 0.86796875 0.13671875 0.0265625 0.03046875
0 0.884375 0.30546875 0.04765625 0.03515625
0 0.90859375 0.24609375 0.04453125 0.03359375
0 0.79296875 0.28515625 0.02578125 0.0296875
0 0.884375 0.3171875 0.0265625 0.03046875