0 0.38203125 0.8625 0.0421875 0.05546875
0 0.42421875 0.8625 0.04140625 0.05546875
0 0.440625 0.72421875 0.04765625 0.03359375
0 0.5984375 0.86328125 0.03671875 0.0421875
0 0.58671875 0.58359375 0.04453125 0.03046875
0 0.58984375 0.71015625 0.05078125 0.0359375
0 0.61953125 0.66484375 0.03671875 0.0421875
0 0.6734375 0.66484375 0.03671875 0.04140625
0 0.34296875 0.45078125 0.04140625 0.04609375
0 0.34453125 0.35 0.03359375 0.03984375
0 0.25234375 0.28515625 0.040625 0.0296875
0 0.29453125 0.265625 0.03828125 0.034375
0 0.275 0.0828125 0.02109375 0.02265625
0 0.71484375 0.11328125 0.0375 0.02578125
0 0.7125 0.3171875 0.03359375 0.02109375
0 0.6828125 0.259375 0.046875 0.03359375
0 0.6671875 0.09609375 0.0234375 0.0265625
0 0.634375 0.09453125 0.01953125 0.02265625
0 0.603125 0.09453125 0.01953125 0.0234375
0 0.56953125 0.09375 0.01953125 0.02265625
0 0.81875 0.09453125 0.0265625 0.0296875
0 0.834375 0.2609375 0.046875 0.034375
0 0.8578125 0.203125 0.04375 0.0328125
0 0.74453125 0.24140625 0.02578125 0.0296875
0 0.83515625 0.27265625 0.0265625 0.0296875