0 0.571875 0.7359375 0.0296875 0.05546875
0 0.6015625 0.7359375 0.0296875 0.05546875
0 0.1515625 0.23828125 0.03515625 0.0390625
0 0.37421875 0.47109375 0.02890625 0.0640625
0 0.42265625 0.2390625 0.028125 0.03515625
0 0.46484375 0.334375 0.021875 0.0421875
0 0.45546875 0.24453125 0.02421875 0.04609375
0 0.4 0.37578125 0.0265625 0.034375
0 0.3734375 0.37578125 0.028125 0.05078125
0 0.6125 0.2453125 0.03359375 0.040625
0 0.88203125 0.3125 0.03125 0.04140625
0 0.88125 0.2375 0.0296875 0.0390625
0 0.8375 0.31953125 0.0234375 0.04375
0 0.725 0.31640625 0.0265625 0.034375