0 0.646875 0.9265625 0.0390625 0.0453125
0 0.6734375 0.053125 0.034375 0.040625
0 0.46875 0.5703125 0.0484375 0.03046875
0 0.0515625 0.75390625 0.04609375 0.03046875
0 0.47578125 0.684375 0.03359375 0.02578125
0 0.19609375 0.7078125 0.03515625 0.034375
0 0.46875 0.73828125 0.034375 0.03359375
0 0.3015625 0.7078125 0.0359375 0.034375
0 0.4109375 0.740625 0.034375 0.02578125
0 0.4109375 0.7671875 0.034375 0.02578125
0 0.47109375 0.65390625 0.03046875 0.03046875
0 0.6015625 0.57421875 0.0375 0.02890625
0 0.68203125 0.51484375 0.03203125 0.03359375
0 0.65078125 0.51484375 0.03203125 0.03359375
0 0.71875 0.1609375 0.03828125 0.0296875
0 0.7203125 0.25234375 0.03984375 0.03125
0 0.684375 0.38828125 0.0390625 0.03046875
0 0.684375 0.48046875 0.03984375 0.03125
0 0.6140625 0.1765625 0.0390625 0.03046875
0 0.6140625 0.32890625 0.0390625 0.03046875
0 0.6140625 0.41953125 0.0390625 0.03046875
0 0.75859375 0.3875 0.0390625 0.0296875
0 0.7953125 0.42265625 0.03203125 0.03203125
0 0.721875 0.40078125 0.03046875 0.03046875
0 0.646875 0.825 0.040625 0.03828125
0 0.6203125 0.81328125 0.0125 0.01484375
0 0.584375 0.884375 0.03515625 0.02578125
0 0.57890625 0.76875 0.03515625 0.034375
0 0.4671875 0.76875 0.03515625 0.034375
0 0.3015625 0.7984375 0.034375 0.03359375
0 0.19453125 0.79921875 0.0359375 0.03515625
0 0.475 0.8015625 0.03515625 0.02578125
0 0.47109375 0.8546875 0.03046875 0.03046875