0 0.30390625 0.9390625 0.0421875 0.0484375
0 0.275 0.0140625 0.03671875 0.028125
0 0.49375 0.55859375 0.0515625 0.03203125
0 0.9390625 0.7546875 0.04921875 0.03203125
0 0.4859375 0.68046875 0.0359375 0.02734375
0 0.78515625 0.70546875 0.0375 0.03671875
0 0.49375 0.7375 0.03671875 0.0359375
0 0.671875 0.70546875 0.03828125 0.03671875
0 0.55546875 0.740625 0.03671875 0.028125
0 0.55546875 0.76875 0.03671875 0.028125
0 0.49140625 0.6484375 0.0328125 0.03203125
0 0.3515625 0.5625 0.03984375 0.03125
0 0.265625 0.49921875 0.03359375 0.0359375
0 0.29921875 0.49921875 0.03359375 0.0359375
0 0.2265625 0.121875 0.040625 0.03203125
0 0.22578125 0.21875 0.04296875 0.03359375
0 0.26328125 0.3640625 0.0421875 0.0328125
0 0.2640625 0.4625 0.04296875 0.0328125
0 0.3390625 0.13828125 0.0421875 0.03203125
0 0.3390625 0.30078125 0.0421875 0.03203125
0 0.3390625 0.39765625 0.0421875 0.03203125
0 0.18359375 0.36328125 0.04140625 0.03203125
0 0.1453125 0.40078125 0.034375 0.03359375
0 0.2234375 0.37734375 0.03203125 0.03203125
0 0.30390625 0.83046875 0.04296875 0.04140625
0 0.33203125 0.81796875 0.0140625 0.015625
0 0.3703125 0.89453125 0.0375 0.028125
0 0.37578125 0.7703125 0.0375 0.03671875
0 0.4953125 0.7703125 0.0375 0.03671875
0 0.671875 0.80234375 0.03671875 0.0359375
0 0.7859375 0.803125 0.0390625 0.0375
0 0.48671875 0.80546875 0.0375 0.028125
0 0.49140625 0.86171875 0.0328125 0.03203125