0 0.65 0.77734375 0.05078125 0.078125
0 0.7171875 0.60390625 0.0546875 0.0625
0 0.64140625 0.5078125 0.040625 0.065625
0 0.5265625 0.45 0.04609375 0.071875
0 0.65 0.66640625 0.05078125 0.07890625
0 0.78359375 0.42265625 0.03515625 0.05703125
0 0.734375 0.4265625 0.04140625 0.065625
0 0.64296875 0.36796875 0.0453125 0.071875
0 0.8125 0.4453125 0.04453125 0.0484375
0 0.73515625 0.271875 0.040625 0.0640625
0 0.84921875 0.225 0.04296875 0.04765625
0 0.134375 0.7890625 0.05390625 0.06171875
0 0.08515625 0.5109375 0.046875 0.07265625
0 0.084375 0.36875 0.046875 0.0734375
0 0.13828125 0.37109375 0.0359375 0.05859375
0 0.171875 0.3140625 0.04375 0.0484375