0 0.709375 0.940625 0.04140625 0.08203125
0 0.9359375 0.5671875 0.05703125 0.05703125
0 0.7578125 0.6890625 0.046875 0.05625
0 0.76796875 0.5515625 0.03125 0.0546875
0 0.78984375 0.5375 0.046875 0.0546875
0 0.8375 0.37890625 0.03046875 0.0546875
0 0.834375 0.48125 0.03125 0.05625
0 0.709375 0.82890625 0.0390625 0.0671875
0 0.59140625 0.60703125 0.03828125 0.06640625
0 0.6375 0.18125 0.0390625 0.07890625
0 0.75 0.1359375 0.04609375 0.05546875
0 0.15078125 0.55703125 0.03046875 0.053125
0 0.2140625 0.55546875 0.03203125 0.05625