0 0.73125 0.89765625 0.0390625 0.078125
0 0.946875 0.5421875 0.05390625 0.0546875
0 0.7765625 0.6578125 0.04453125 0.053125
0 0.78671875 0.52734375 0.0296875 0.05234375
0 0.80703125 0.51328125 0.04453125 0.05234375
0 0.85234375 0.3625 0.02890625 0.05234375
0 0.85 0.46015625 0.0296875 0.053125
0 0.73125 0.790625 0.0375 0.0640625
0 0.61796875 0.58046875 0.03671875 0.06328125
0 0.6625 0.17421875 0.0375 0.075
0 0.76953125 0.13125 0.04375 0.05234375
0 0.1984375 0.53203125 0.02890625 0.05
0 0.259375 0.53046875 0.03046875 0.053125