0 0.46484375 0.0859375 0.02890625 0.0265625
0 0.46484375 0.1125 0.02890625 0.0265625
0 0.21015625 0.3453125 0.01953125 0.0390625
0 0.25625 0.3453125 0.0203125 0.03984375
0 0.10703125 0.4 0.01953125 0.0375
0 0.23984375 0.51796875 0.0296875 0.028125
0 0.19765625 0.49296875 0.01953125 0.03359375
0 0.17265625 0.20234375 0.02265625 0.02578125
0 0.17421875 0.1328125 0.02109375 0.0234375
0 0.2078125 0.12421875 0.02109375 0.03359375
0 0.81484375 0.33984375 0.0203125 0.03828125
0 0.73515625 0.1171875 0.02109375 0.02421875
0 0.73515625 0.20859375 0.0203125 0.0234375
0 0.7703125 0.11171875 0.01953125 0.03125
0 0.8109375 0.2171875 0.0171875 0.028125
0 0.803125 0.28671875 0.021875 0.025
0 0.9265625 0.16171875 0.01953125 0.03125
0 0.9015625 0.1203125 0.02109375 0.0234375
0 0.7875 0.63984375 0.05625 0.06015625
0 0.703125 0.83125 0.0453125 0.053125
0 0.69140625 0.75234375 0.04140625 0.06328125