0 0.29140625 0.47265625 0.053125 0.03046875
0 0.328125 0.47265625 0.053125 0.03046875
0 0.2671875 0.59609375 0.0375 0.04375
0 0.2671875 0.62734375 0.0375 0.04375
0 0.00859375 0.86171875 0.0171875 0.0328125
0 0.64453125 0.9265625 0.08046875 0.05234375
0 0.64453125 0.87421875 0.08046875 0.05234375
0 0.35078125 0.63046875 0.0390625 0.0390625
0 0.5390625 0.6296875 0.03828125 0.03828125
0 0.62578125 0.47890625 0.04609375 0.03203125
0 0.621875 0.3859375 0.0375 0.025
0 0.653125 0.63359375 0.03984375 0.04609375
0 0.52734375 0.55078125 0.04296875 0.02890625
0 0.45078125 0.3953125 0.02734375 0.01640625
0 0.45078125 0.37890625 0.02734375 0.01640625
0 0.44140625 0.47734375 0.0453125 0.03125
0 0.65 0.51171875 0.0375 0.03671875
0 0.7140625 0.5046875 0.04453125 0.03046875
0 0.71484375 0.4375 0.04609375 0.03203125
0 0.71171875 0.271875 0.04453125 0.0296875
0 0.71328125 0.20234375 0.0484375 0.0328125