0 0.02578125 0.36953125 0.0515625 0.0796875
0 0.071875 0.37109375 0.06484375 0.0796875
0 0.65390625 0.84609375 0.06640625 0.1125
0 0.60625 0.0328125 0.053125 0.065625
0 0.1265625 0.30703125 0.053125 0.0921875
0 0.12578125 0.43671875 0.05390625 0.09375
0 0.81171875 0.390625 0.06328125 0.07734375
0 0.81171875 0.55546875 0.06328125 0.07890625
0 0.65390625 0.65234375 0.0671875 0.1125
0 0.5828125 0.56875 0.046875 0.0828125
0 0.72578125 0.56875 0.046875 0.0828125
0 0.7484375 0.30234375 0.0546875 0.09375
0 0.14296875 0.221875 0.05625 0.06875