0 0.84375 0.5 0.03125 0.0484375
0 0.87578125 0.04765625 0.03125 0.04921875
0 0.64765625 0.31953125 0.0375 0.04140625
0 0.64765625 0.22890625 0.0375 0.04140625
0 0.875 0.16171875 0.02890625 0.04453125
0 0.87421875 0.353125 0.03203125 0.0484375
0 0.746875 0.23046875 0.034375 0.03828125
0 0.84375 0.40859375 0.03046875 0.04765625
0 0.884375 0.096875 0.03203125 0.03515625
0 0.68203125 0.17578125 0.02734375 0.0421875
0 0.39921875 0.0484375 0.0296875 0.046875
0 0.41171875 0.28359375 0.03046875 0.03203125
0 0.4109375 0.1515625 0.0328125 0.0359375
0 0.4140625 0.22109375 0.0265625 0.02734375
0 0.3609375 0.321875 0.0375 0.04140625
0 0.1390625 0.22109375 0.0359375 0.0390625
0 0.18203125 0.20703125 0.02734375 0.04375
0 0.3453125 0.08828125 0.02578125 0.02734375
0 0.3453125 0.13046875 0.02578125 0.02734375
0 0.3453125 0.16953125 0.025 0.0265625