0 0.16953125 0.49296875 0.03203125 0.05078125
0 0.1359375 0.0234375 0.0328125 0.046875
0 0.37421875 0.30390625 0.0390625 0.04296875
0 0.37421875 0.209375 0.0390625 0.04296875
0 0.1375 0.140625 0.03046875 0.046875
0 0.1375 0.33984375 0.0328125 0.05078125
0 0.27109375 0.2109375 0.03515625 0.03984375
0 0.16953125 0.396875 0.03203125 0.04921875
0 0.12734375 0.07265625 0.03359375 0.03671875
0 0.33828125 0.1546875 0.028125 0.04453125
0 0.63359375 0.0234375 0.03125 0.04609375
0 0.61953125 0.2671875 0.03125 0.0328125
0 0.62109375 0.1296875 0.034375 0.0375
0 0.61796875 0.20234375 0.028125 0.02890625
0 0.6734375 0.30703125 0.0390625 0.04296875
0 0.90390625 0.20234375 0.0375 0.040625
0 0.859375 0.1875 0.028125 0.0453125
0 0.68984375 0.06328125 0.0265625 0.02890625
0 0.68984375 0.10703125 0.0265625 0.02890625
0 0.6890625 0.14765625 0.02578125 0.02734375