0 0.51015625 0.946875 0.03984375 0.0546875
0 0.70703125 0.80703125 0.03046875 0.0390625
0 0.50859375 0.87890625 0.03828125 0.04609375
0 0.63671875 0.88203125 0.03671875 0.028125
0 0.79296875 0.8984375 0.03515625 0.028125
0 0.90234375 0.69921875 0.040625 0.04765625
0 0.784375 0.69375 0.03984375 0.0328125
0 0.68203125 0.421875 0.03828125 0.05234375
0 0.23046875 0.54375 0.04453125 0.05859375
0 0.18125 0.38984375 0.03359375 0.040625
0 0.23515625 0.38984375 0.03359375 0.040625
0 0.13203125 0.4046875 0.034375 0.02734375
0 0.3671875 0.365625 0.0359375 0.04140625
0 0.259375 0.4390625 0.05234375 0.05078125
0 0.71484375 0.2578125 0.0328125 0.0265625