0 0.5359375 0.89609375 0.0375 0.05078125
0 0.7203125 0.76484375 0.02890625 0.03671875
0 0.53515625 0.83203125 0.0359375 0.04296875
0 0.6546875 0.83515625 0.034375 0.0265625
0 0.80078125 0.85078125 0.0328125 0.0265625
0 0.90234375 0.6640625 0.03828125 0.04453125
0 0.79296875 0.659375 0.03671875 0.03046875
0 0.69765625 0.4046875 0.0359375 0.04921875
0 0.275 0.51875 0.0421875 0.0546875
0 0.22890625 0.375 0.03125 0.0375
0 0.2796875 0.375 0.03125 0.0375
0 0.1828125 0.3890625 0.03203125 0.02578125
0 0.403125 0.35234375 0.03359375 0.0390625
0 0.30234375 0.42109375 0.0484375 0.04765625
0 0.72734375 0.2515625 0.03046875 0.025