0 0.91484375 0.9015625 0.07265625 0.13046875
0 0.8421875 0.9015625 0.07265625 0.13046875
0 0.3625 0.8015625 0.0453125 0.090625
0 0.29140625 0.80625 0.04296875 0.0484375
0 0.81171875 0.17578125 0.05234375 0.06484375
0 0.81171875 0.240625 0.05234375 0.06484375
0 0.43203125 0.60078125 0.0515625 0.06171875
0 0.6734375 0.540625 0.03828125 0.07890625
0 0.81171875 0.39765625 0.05234375 0.06484375
0 0.2140625 0.409375 0.05078125 0.0625
0 0.27421875 0.33203125 0.03984375 0.0796875
0 0.33046875 0.61484375 0.04765625 0.05546875
0 0.36328125 0.63046875 0.0453125 0.0921875
0 0.1625 0.51015625 0.03359375 0.07109375