0 0.13671875 0.9015625 0.0578125 0.06328125
0 0.25390625 0.25703125 0.046875 0.05546875
0 0.25390625 0.2171875 0.046875 0.05625
0 0.20625 0.25703125 0.046875 0.05546875
0 0.20625 0.2171875 0.046875 0.05546875
0 0.221875 0.71640625 0.04453125 0.04375
0 0.1375 0.74765625 0.0578125 0.05546875
0 0.125 0.62890625 0.046875 0.04453125
0 0.746875 0.503125 0.05390625 0.03828125
0 0.68984375 0.44921875 0.046875 0.046875
0 0.66875 0.49765625 0.05625 0.03984375
0 0.66796875 0.634375 0.05390625 0.03828125
0 0.61328125 0.75703125 0.04375 0.04453125
0 0.6859375 0.68359375 0.0453125 0.0453125