0 0.2453125 0.12265625 0.021875 0.05546875
0 0.4046875 0.10234375 0.0421875 0.09453125
0 0.446875 0.10234375 0.0421875 0.09453125
0 0.29609375 0.50390625 0.02109375 0.04921875
0 0.33828125 0.503125 0.021875 0.0515625
0 0.41015625 0.71015625 0.02265625 0.0375
0 0.3390625 0.37421875 0.0203125 0.0484375
0 0.2453125 0.23828125 0.02265625 0.0515625
0 0.65390625 0.83359375 0.0265625 0.06484375
0 0.675 0.8234375 0.015625 0.04375
0 0.59921875 0.56171875 0.0203125 0.046875
0 0.6546875 0.6953125 0.02578125 0.05703125
0 0.67578125 0.70546875 0.015625 0.0375
0 0.6984375 0.60859375 0.0234375 0.03984375
0 0.5890625 0.44140625 0.0234375 0.0390625
0 0.5953125 0.37578125 0.02109375 0.0484375
0 0.6234375 0.3765625 0.01875 0.03046875