0 0.24375 0.11875 0.021875 0.05546875
0 0.40390625 0.0984375 0.04296875 0.0953125
0 0.44609375 0.0984375 0.0421875 0.0953125
0 0.29453125 0.50234375 0.02109375 0.05
0 0.3375 0.5015625 0.02265625 0.0515625
0 0.409375 0.709375 0.02265625 0.0375
0 0.33828125 0.37109375 0.0203125 0.0484375
0 0.24375 0.23515625 0.02265625 0.05234375
0 0.6546875 0.83359375 0.0265625 0.06484375
0 0.67578125 0.82265625 0.01640625 0.04375
0 0.59921875 0.56015625 0.0203125 0.046875
0 0.65546875 0.69453125 0.02578125 0.05703125
0 0.67578125 0.70390625 0.015625 0.0375
0 0.69921875 0.60703125 0.0234375 0.03984375
0 0.5890625 0.4390625 0.0234375 0.0390625
0 0.5953125 0.3734375 0.02109375 0.0484375
0 0.6234375 0.3734375 0.01875 0.03125