0 0.36796875 0.18203125 0.05078125 0.06015625
0 0.30234375 0.8640625 0.040625 0.03671875
0 0.23828125 0.83203125 0.03046875 0.04765625
0 0.05546875 0.865625 0.03671875 0.03671875
0 0.35078125 0.653125 0.03125 0.04296875
0 0.2015625 0.46640625 0.03046875 0.04140625
0 0.3328125 0.24921875 0.04765625 0.05625
0 0.38671875 0.590625 0.034375 0.03515625
0 0.38671875 0.53671875 0.03515625 0.0359375
0 0.4296875 0.39296875 0.03125 0.04296875
0 0.37265625 0.48828125 0.03203125 0.04375
0 0.159375 0.6015625 0.034375 0.0359375
0 0.159375 0.6546875 0.03515625 0.0359375
0 0.23515625 0.66328125 0.03125 0.04296875
0 0.628125 0.40703125 0.0453125 0.04140625
0 0.91484375 0.17890625 0.05625 0.0671875
0 0.75234375 0.8328125 0.03515625 0.05390625
0 0.9171875 0.653125 0.03046875 0.04296875
0 0.9875 0.68984375 0.025 0.0453125
0 0.784375 0.73203125 0.03359375 0.034375
0 0.7265625 0.684375 0.03671875 0.0375