0 0.66875 0.2171875 0.04609375 0.0546875
0 0.728125 0.8359375 0.03671875 0.03359375
0 0.7859375 0.80703125 0.028125 0.04296875
0 0.95234375 0.8375 0.0328125 0.03359375
0 0.684375 0.6453125 0.02890625 0.0390625
0 0.81953125 0.47578125 0.02734375 0.0375
0 0.7 0.278125 0.04296875 0.05078125
0 0.65078125 0.58828125 0.03125 0.03203125
0 0.6515625 0.5390625 0.03203125 0.0328125
0 0.6125 0.40859375 0.02890625 0.0390625
0 0.6640625 0.4953125 0.02890625 0.03984375
0 0.8578125 0.5984375 0.03125 0.03203125
0 0.8578125 0.64609375 0.03203125 0.03203125
0 0.7890625 0.6546875 0.02890625 0.0390625
0 0.4328125 0.421875 0.04140625 0.0375
0 0.171875 0.21484375 0.0515625 0.06171875
0 0.31953125 0.8078125 0.03203125 0.04921875
0 0.16953125 0.6453125 0.02734375 0.0390625
0 0.10234375 0.67890625 0.02890625 0.040625
0 0.28984375 0.71640625 0.03046875 0.03125
0 0.34296875 0.67265625 0.0328125 0.03359375