0 0.5671875 0.75859375 0.053125 0.02265625
0 0.5671875 0.73515625 0.053125 0.0234375
0 0.26484375 0.703125 0.0640625 0.04453125
0 0.13359375 0.846875 0.08359375 0.05703125
0 0.38671875 0.7375 0.04140625 0.034375
0 0.32265625 0.7421875 0.06171875 0.04140625
0 0.259375 0.8140625 0.046875 0.0265625
0 0.57578125 0.38671875 0.06171875 0.02265625
0 0.57578125 0.409375 0.06171875 0.02265625
0 0.57578125 0.30703125 0.06171875 0.02265625
0 0.57578125 0.3296875 0.06171875 0.02265625
0 0.58203125 0.15625 0.07265625 0.03046875
0 0.44296875 0.50625 0.04296875 0.05
0 0.44296875 0.4765625 0.04296875 0.05
0 0.4109375 0.4984375 0.01953125 0.034375
0 0.4109375 0.484375 0.01953125 0.034375
0 0.4421875 0.15 0.03671875 0.0296875
0 0.4171875 0.421875 0.0515625 0.03046875
0 0.77109375 0.30078125 0.040625 0.0328125
0 0.7296875 0.30078125 0.04140625 0.0328125