0 0.44609375 0.78515625 0.05 0.021875
0 0.44609375 0.7640625 0.05 0.021875
0 0.73125 0.7328125 0.0609375 0.0421875
0 0.85546875 0.86953125 0.07890625 0.05390625
0 0.615625 0.765625 0.0390625 0.03203125
0 0.67734375 0.7703125 0.05859375 0.0390625
0 0.73671875 0.8375 0.04453125 0.025
0 0.4375 0.43515625 0.05859375 0.02109375
0 0.4375 0.45625 0.05859375 0.02109375
0 0.4375 0.359375 0.05859375 0.021875
0 0.4375 0.38125 0.05859375 0.021875
0 0.43203125 0.2171875 0.06875 0.02890625
0 0.56328125 0.54765625 0.040625 0.046875
0 0.56328125 0.51953125 0.040625 0.046875
0 0.59375 0.53984375 0.01875 0.03203125
0 0.59375 0.52734375 0.01875 0.0328125
0 0.765625 0.03125 0.0609375 0.040625
0 0.5640625 0.21171875 0.034375 0.028125
0 0.5875 0.46796875 0.0484375 0.02890625
0 0.253125 0.353125 0.03828125 0.03125
0 0.2921875 0.353125 0.0390625 0.03125