0 0.78203125 0.13984375 0.04765625 0.08046875
0 0.79140625 0.83046875 0.04765625 0.0796875
0 0.790625 0.72890625 0.04765625 0.07265625
0 0.92578125 0.675 0.03515625 0.05625
0 0.73203125 0.52265625 0.0546875 0.0609375
0 0.3109375 0.33203125 0.059375 0.05703125
0 0.34765625 0.5796875 0.03359375 0.05390625
0 0.19609375 0.56171875 0.05234375 0.059375
0 0.19609375 0.43203125 0.05234375 0.059375
0 0.3515625 0.52734375 0.0484375 0.05390625
0 0.24609375 0.30703125 0.03359375 0.05625
0 0.34140625 0.653125 0.04296875 0.0453125