0 0.12578125 0.0671875 0.0109375 0.025
0 0.07421875 0.13828125 0.01328125 0.01875
0 0.07421875 0.22734375 0.0140625 0.01953125
0 0.009375 0.2 0.0109375 0.0203125
0 0.08125 0.184375 0.01171875 0.0203125
0 0.30390625 0.05078125 0.01796875 0.02109375
0 0.27734375 0.39375 0.01328125 0.02890625
0 0.2609375 0.28359375 0.0140625 0.01953125
0 0.27265625 0.2265625 0.0140625 0.01953125
0 0.2125 0.2703125 0.01171875 0.021875
0 0.31953125 0.27265625 0.01171875 0.021875
0 0.2796875 0.34140625 0.0125 0.02265625