0 0.8671875 0.090625 0.01015625 0.02421875
0 0.91796875 0.16171875 0.01328125 0.01875
0 0.91796875 0.24921875 0.01328125 0.01953125
0 0.98203125 0.22265625 0.0109375 0.01953125
0 0.9109375 0.20703125 0.0109375 0.0203125
0 0.690625 0.07421875 0.01796875 0.02109375
0 0.7171875 0.4140625 0.01328125 0.028125
0 0.73359375 0.3046875 0.0140625 0.01953125
0 0.721875 0.2484375 0.01328125 0.01953125
0 0.78125 0.29140625 0.01171875 0.021875
0 0.67578125 0.29453125 0.01171875 0.021875
0 0.71484375 0.36171875 0.01171875 0.02265625