0 0.93515625 0.1 0.04453125 0.09765625
0 0.890625 0.1 0.04453125 0.09765625
0 0.76640625 0.2875 0.02578125 0.05625
0 0.728125 0.28828125 0.025 0.0546875
0 0.7359375 0.46875 0.0296875 0.0625
0 0.803125 0.4765625 0.03671875 0.0515625
0 0.76328125 0.49453125 0.028125 0.059375
0 0.384375 0.91796875 0.0328125 0.06875
0 0.43203125 0.75859375 0.03125 0.06640625
0 0.47265625 0.48203125 0.0390625 0.05625
0 0.56171875 0.46953125 0.02890625 0.0609375
0 0.50625 0.1640625 0.02578125 0.03359375
0 0.53125 0.23046875 0.0375 0.053125
0 0.4015625 0.38125 0.03203125 0.0671875
0 0.37109375 0.36875 0.01796875 0.0421875
0 0.4296875 0.55 0.0328125 0.0671875
0 0.4203125 0.690625 0.03984375 0.05625
0 0.39140625 0.2859375 0.02265625 0.034375
0 0.63203125 0.20234375 0.01953125 0.03984375
0 0.6125 0.20234375 0.01953125 0.03984375
0 0.57890625 0.20234375 0.01953125 0.03984375
0 0.55703125 0.20078125 0.01796875 0.03671875
0 0.25078125 0.51328125 0.034375 0.04765625
0 0.109375 0.40859375 0.03125 0.04296875
0 0.1375 0.47578125 0.0375 0.053125
0 0.09765625 0.53984375 0.03203125 0.06640625
0 0.08359375 0.29921875 0.03515625 0.05
0 0.096875 0.3171875 0.0328125 0.06484375
0 0.246875 0.32734375 0.01953125 0.0390625
0 0.246875 0.4625 0.02109375 0.04296875