0 0.92109375 0.1078125 0.04453125 0.09609375
0 0.87734375 0.1078125 0.04453125 0.09609375
0 0.7546875 0.29296875 0.02578125 0.05546875
0 0.7171875 0.29375 0.025 0.05390625
0 0.72578125 0.47109375 0.02890625 0.06171875
0 0.79140625 0.47890625 0.0359375 0.05078125
0 0.75234375 0.49609375 0.02734375 0.05859375
0 0.3796875 0.9125 0.03203125 0.06796875
0 0.4265625 0.75625 0.03046875 0.06484375
0 0.46640625 0.48359375 0.03828125 0.05546875
0 0.553125 0.471875 0.02890625 0.06015625
0 0.4984375 0.17109375 0.02578125 0.0328125
0 0.5234375 0.23671875 0.0375 0.05234375
0 0.39609375 0.38515625 0.03125 0.065625
0 0.365625 0.37265625 0.0171875 0.04140625
0 0.42421875 0.55078125 0.03203125 0.06640625
0 0.4140625 0.68984375 0.0390625 0.05546875
0 0.38671875 0.29140625 0.02265625 0.03359375
0 0.62265625 0.20859375 0.01953125 0.0390625
0 0.60390625 0.20859375 0.01875 0.0390625
0 0.57109375 0.20859375 0.01875 0.0390625
0 0.5484375 0.20703125 0.01796875 0.03671875
0 0.24765625 0.51484375 0.034375 0.046875
0 0.10859375 0.41171875 0.03046875 0.0421875
0 0.1359375 0.47734375 0.0375 0.05234375
0 0.096875 0.54140625 0.03125 0.06484375
0 0.0828125 0.3046875 0.03515625 0.04921875
0 0.09609375 0.321875 0.03203125 0.0640625
0 0.24375 0.33203125 0.01875 0.03828125
0 0.24375 0.46484375 0.02109375 0.0421875