0 0.77109375 0.15390625 0.03515625 0.05703125
0 0.83125 0.43046875 0.04140625 0.03828125
0 0.703125 0.56875 0.053125 0.0578125
0 0.64296875 0.565625 0.02890625 0.040625
0 0.71484375 0.4375 0.03671875 0.0484375
0 0.78671875 0.44140625 0.0296875 0.04140625
0 0.7859375 0.54765625 0.028125 0.0359375
0 0.89921875 0.56015625 0.034375 0.0296875
0 0.95078125 0.44296875 0.02421875 0.03203125
0 0.25703125 0.15625 0.0375 0.0609375
0 0.23359375 0.64921875 0.0390625 0.0578125
0 0.17109375 0.7328125 0.04375 0.04140625
0 0.178125 0.5515625 0.03671875 0.04765625
0 0.0671875 0.54609375 0.0265625 0.0375
0 0.23203125 0.55390625 0.040625 0.05234375
0 0.33125 0.43359375 0.059375 0.06484375
0 0.17109375 0.4859375 0.0375 0.03359375