0 0.61171875 0.95078125 0.05859375 0.07109375
0 0.196875 0.4171875 0.07890625 0.05625
0 0.1390625 0.4171875 0.078125 0.05625
0 0.11484375 0.665625 0.059375 0.08203125
0 0.11484375 0.72421875 0.059375 0.08203125
0 0.259375 0.72890625 0.06015625 0.071875
0 0.4125 0.8078125 0.0625 0.0515625
0 0.72890625 0.7578125 0.0734375 0.06328125
0 0.67109375 0.609375 0.0578125 0.04765625
0 0.75078125 0.5421875 0.059375 0.05
0 0.7515625 0.453125 0.05859375 0.04921875
0 0.73671875 0.3484375 0.059375 0.0703125
0 0.6515625 0.3484375 0.059375 0.0703125
0 0.34609375 0.80234375 0.06015625 0.05078125