0 0.371875 0.85390625 0.05234375 0.08046875
0 0.6234375 0.17890625 0.0453125 0.071875
0 0.9390625 0.72734375 0.05546875 0.05703125
0 0.70859375 0.2703125 0.0578125 0.0609375
0 0.70859375 0.73203125 0.05703125 0.05859375
0 0.81796875 0.5734375 0.04375 0.04375
0 0.84765625 0.4640625 0.0359375 0.05703125
0 0.83125 0.6515625 0.046875 0.07109375
0 0.36953125 0.75078125 0.0515625 0.07734375
0 0.34140625 0.6796875 0.05 0.0515625
0 0.21015625 0.48515625 0.05546875 0.05703125
0 0.21015625 0.5625 0.0546875 0.05703125
0 0.36328125 0.41484375 0.04609375 0.06875