0 0.62109375 0.84453125 0.053125 0.08203125
0 0.3640625 0.1546875 0.046875 0.0734375
0 0.04140625 0.715625 0.05625 0.05859375
0 0.2765625 0.2484375 0.059375 0.0625
0 0.27734375 0.7203125 0.05859375 0.06015625
0 0.165625 0.55859375 0.04453125 0.0453125
0 0.13515625 0.44609375 0.03671875 0.05859375
0 0.1515625 0.6375 0.0484375 0.07265625
0 0.62421875 0.73984375 0.05234375 0.07890625
0 0.653125 0.66640625 0.05078125 0.053125
0 0.78671875 0.46796875 0.05625 0.05859375
0 0.78671875 0.546875 0.05625 0.05859375
0 0.6296875 0.3953125 0.046875 0.07109375