0 0.7453125 0.80078125 0.03203125 0.0796875
0 0.91171875 0.30546875 0.0359375 0.06328125
0 0.78359375 0.309375 0.034375 0.06015625
0 0.7890625 0.38359375 0.03046875 0.07265625
0 0.6515625 0.28125 0.03671875 0.065625
0 0.65 0.5 0.0328125 0.0578125
0 0.65390625 0.425 0.028125 0.06875
0 0.5734375 0.29765625 0.0390625 0.0828125
0 0.3984375 0.13984375 0.03828125 0.06875
0 0.39765625 0.28828125 0.03671875 0.06640625
0 0.09609375 0.5453125 0.0296875 0.07421875
0 0.10625 0.35390625 0.03203125 0.075
0 0.09140625 0.475 0.03125 0.05546875