0 0.80625 0.81953125 0.0328125 0.08125
0 0.975 0.315625 0.03671875 0.0640625
0 0.8453125 0.31953125 0.03515625 0.0609375
0 0.85078125 0.3953125 0.03046875 0.07421875
0 0.7109375 0.290625 0.03671875 0.06640625
0 0.70859375 0.5140625 0.03359375 0.05859375
0 0.71328125 0.43671875 0.028125 0.0703125
0 0.63125 0.3078125 0.03984375 0.084375
0 0.453125 0.146875 0.0390625 0.0703125
0 0.45234375 0.29765625 0.0375 0.0671875
0 0.14609375 0.559375 0.03046875 0.07578125
0 0.15546875 0.36484375 0.03203125 0.0765625
0 0.140625 0.4875 0.03203125 0.05625