0 0.91875 0.70390625 0.04921875 0.034375
0 0.36328125 0.8203125 0.03984375 0.04765625
0 0.59921875 0.54296875 0.04453125 0.05390625
0 0.73671875 0.71484375 0.04140625 0.03203125
0 0.6609375 0.84765625 0.0484375 0.03828125
0 0.6671875 0.7234375 0.0375 0.03984375
0 0.8765625 0.7546875 0.02890625 0.03125
0 0.81640625 0.85546875 0.0375 0.028125
0 0.790625 0.66953125 0.03984375 0.040625
0 0.8015625 0.62890625 0.0359375 0.0265625
0 0.69609375 0.703125 0.03203125 0.034375
0 0.03515625 0.646875 0.0515625 0.03671875
0 0.36953125 0.24296875 0.0515625 0.03515625
0 0.54140625 0.3328125 0.03203125 0.034375
0 0.771875 0.33359375 0.0296875 0.0328125
0 0.7328125 0.2625 0.04453125 0.034375
0 0.7328125 0.21484375 0.04375 0.034375
0 0.54140625 0.13984375 0.03046875 0.0328125
0 0.625 0.20703125 0.03046875 0.03359375
0 0.54453125 0.26328125 0.04453125 0.03515625
0 0.76796875 0.1375 0.03125 0.03359375