0 0.2796875 0.70546875 0.03359375 0.06640625
0 0.09609375 0.35859375 0.0453125 0.06875
0 0.37578125 0.46328125 0.03984375 0.05859375
0 0.3734375 0.38515625 0.03515625 0.0515625
0 0.4171875 0.22265625 0.02734375 0.0578125
0 0.421875 0.3078125 0.03203125 0.0453125
0 0.4125 0.165625 0.0328125 0.04765625
0 0.28046875 0.58203125 0.03203125 0.065625
0 0.3421875 0.534375 0.0234375 0.05078125
0 0.57421875 0.4296875 0.0453125 0.0671875
0 0.73828125 0.2765625 0.02421875 0.0515625
0 0.8546875 0.40546875 0.0421875 0.0625
0 0.88515625 0.42734375 0.0234375 0.0515625
0 0.73828125 0.403125 0.04140625 0.0609375
0 0.80234375 0.42734375 0.0234375 0.05078125