0 0.53125 0.69140625 0.034375 0.07109375
0 0.5453125 0.28125 0.0265625 0.059375
0 0.8671875 0.5046875 0.02578125 0.0578125
0 0.82421875 0.5078125 0.02578125 0.05
0 0.69375 0.4234375 0.021875 0.03046875
0 0.69375 0.39296875 0.021875 0.03046875
0 0.71640625 0.6640625 0.0296875 0.04375
0 0.496875 0.52265625 0.0265625 0.0390625
0 0.52109375 0.4671875 0.02890625 0.04296875
0 0.4953125 0.38828125 0.0296875 0.04453125
0 0.39921875 0.4 0.01875 0.03828125
0 0.43828125 0.5109375 0.01796875 0.0359375
0 0.80546875 0.6171875 0.0359375 0.0609375
0 0.85546875 0.64765625 0.028125 0.0421875
0 0.8734375 0.5578125 0.02890625 0.04296875
0 0.1546875 0.69453125 0.034375 0.07109375
0 0.22890625 0.34453125 0.04296875 0.059375
0 0.078125 0.3484375 0.04296875 0.059375