0 0.21171875 0.31875 0.0125 0.05390625
0 0.2234375 0.31875 0.0125 0.05390625
0 0.24140625 0.31953125 0.0125 0.0546875
0 0.25390625 0.31953125 0.0125 0.0546875
0 0.38125 0.93828125 0.01171875 0.0515625
0 0.3703125 0.93828125 0.01171875 0.0515625
0 0.1359375 0.9375 0.0109375 0.04921875
0 0.12578125 0.9375 0.0109375 0.04921875
0 0.125 0.77734375 0.0109375 0.04921875
0 0.1359375 0.77734375 0.0109375 0.04921875
0 0.125 0.8078125 0.0109375 0.05
0 0.1359375 0.8078125 0.0109375 0.05
0 0.0875 0.76875 0.01640625 0.06640625
0 0.34609375 0.82265625 0.03125 0.04296875
0 0.378125 0.8125 0.015625 0.06171875
0 0.3828125 0.82734375 0.01875 0.04375
0 0.11015625 0.721875 0.015625 0.03359375
0 0.11015625 0.75546875 0.015625 0.03359375
0 0.0984375 0.41328125 0.01484375 0.03203125
0 0.0984375 0.44453125 0.01484375 0.03203125
0 0.07421875 0.53984375 0.015625 0.05390625
0 0.33359375 0.41171875 0.015625 0.0328125
0 0.33359375 0.44453125 0.015625 0.03359375
0 0.3359375 0.740625 0.01953125 0.04453125
0 0.2734375 0.59375 0.01171875 0.04296875
0 0.28515625 0.59375 0.01171875 0.04296875
0 0.1375 0.6359375 0.01171875 0.0421875
0 0.12578125 0.6359375 0.0109375 0.0421875
0 0.16484375 0.64765625 0.0125 0.0265625
0 0.7484375 0.28515625 0.0125 0.05546875
0 0.64296875 0.53125 0.01171875 0.04453125
0 0.63125 0.53125 0.01171875 0.04453125
0 0.6609375 0.58984375 0.015625 0.0328125
0 0.66328125 0.5640625 0.01015625 0.01875
0 0.63046875 0.59609375 0.01171875 0.04453125
0 0.6421875 0.59609375 0.01171875 0.04453125
0 0.8015625 0.5328125 0.015625 0.0328125
0 0.8015625 0.56640625 0.015625 0.0328125
0 0.6953125 0.5734375 0.0140625 0.0296875
0 0.76640625 0.571875 0.015625 0.0546875
0 0.84609375 0.55234375 0.01875 0.03515625
0 0.88046875 0.55234375 0.01640625 0.0328125
0 0.77265625 0.73125 0.0109375 0.02578125
0 0.71875 0.73515625 0.01015625 0.0234375