0 0.421875 0.11328125 0.07578125 0.0578125
0 0.76484375 0.11328125 0.07265625 0.05625
0 0.67109375 0.48515625 0.0734375 0.0375
0 0.66015625 0.253125 0.09453125 0.05078125
0 0.58671875 0.5671875 0.08671875 0.04609375
0 0.334375 0.56953125 0.08671875 0.04609375
0 0.19453125 0.5578125 0.0609375 0.04921875
0 0.5875 0.48046875 0.07421875 0.05859375
0 0.496875 0.66171875 0.08515625 0.065625
0 0.49765625 0.79375 0.084375 0.06484375
0 0.4734375 0.875 0.0859375 0.04609375
0 0.7453125 0.31796875 0.0578125 0.04765625