0 0.21796875 0.26953125 0.0765625 0.07734375
0 0.1671875 0.26953125 0.0765625 0.07734375
0 0.39140625 0.9484375 0.05078125 0.103125
0 0.428125 0.759375 0.046875 0.084375
0 0.35859375 0.7203125 0.04375 0.0796875
0 0.6671875 0.3765625 0.04609375 0.0984375
0 0.6671875 0.44609375 0.04609375 0.09921875
0 0.778125 0.8078125 0.03984375 0.0515625
0 0.771875 0.50703125 0.053125 0.0703125
0 0.821875 0.34453125 0.04375 0.07578125
0 0.87890625 0.34296875 0.04453125 0.078125
0 0.83203125 0.56171875 0.04296875 0.075
0 0.93515625 0.77109375 0.03984375 0.0765625