0 0.36328125 0.6640625 0.040625 0.06171875
0 0.19375 0.2703125 0.03984375 0.06171875
0 0.19375 0.32421875 0.03984375 0.0625
0 0.396875 0.58046875 0.04140625 0.04765625
0 0.3640625 0.53359375 0.04765625 0.06796875
0 0.43828125 0.48046875 0.03203125 0.05078125
0 0.73046875 0.26171875 0.0421875 0.0484375
0 0.7671875 0.26171875 0.04140625 0.0484375
0 0.678125 0.27265625 0.03671875 0.05625
0 0.678125 0.321875 0.03671875 0.05625
0 0.90703125 0.47421875 0.03984375 0.0453125
0 0.91015625 0.5828125 0.03359375 0.03671875
0 0.70625 0.51640625 0.05546875 0.07265625
0 0.78984375 0.396875 0.0359375 0.05625
0 0.946875 0.33984375 0.03359375 0.0515625
0 0.6890625 0.45078125 0.04140625 0.04765625