0 0.61328125 0.65859375 0.040625 0.0625
0 0.78359375 0.2625 0.040625 0.0625
0 0.78359375 0.31640625 0.040625 0.06328125
0 0.5796875 0.57421875 0.04140625 0.0484375
0 0.6125 0.52734375 0.04765625 0.06796875
0 0.5375 0.47421875 0.0328125 0.05078125
0 0.24453125 0.25390625 0.0421875 0.0484375
0 0.2078125 0.25390625 0.0421875 0.0484375
0 0.296875 0.26484375 0.03671875 0.05625
0 0.296875 0.3140625 0.03671875 0.05625
0 0.06640625 0.46796875 0.03984375 0.04609375
0 0.06328125 0.5765625 0.03359375 0.0375
0 0.26875 0.51015625 0.05625 0.0734375
0 0.184375 0.38984375 0.03671875 0.05625
0 0.02578125 0.33203125 0.03359375 0.05234375
0 0.2859375 0.44375 0.04140625 0.0484375