0 0.7421875 0.44375 0.03203125 0.059375
0 0.440625 0.4328125 0.03828125 0.0484375
0 0.3578125 0.9921875 0.0328125 0.015625
0 0.6125 0.9640625 0.03671875 0.06484375
0 0.33515625 0.6828125 0.025 0.046875
0 0.440625 0.68359375 0.02421875 0.04609375
0 0.3546875 0.8640625 0.03828125 0.0578125
0 0.33046875 0.78359375 0.0328125 0.0390625
0 0.33046875 0.62890625 0.0328125 0.03828125
0 0.33359375 0.490625 0.03828125 0.046875
0 0.3265625 0.42421875 0.025 0.0265625
0 0.39140625 0.4171875 0.02421875 0.04609375
0 0.39140625 0.44921875 0.0265625 0.04921875
0 0.3515625 0.56953125 0.03125 0.03671875
0 0.55703125 0.66015625 0.0296875 0.05234375
0 0.4796875 0.6609375 0.03046875 0.05390625
0 0.57890625 0.78828125 0.0390625 0.0484375
0 0.609375 0.8640625 0.03359375 0.06015625
0 0.3546875 0.35859375 0.034375 0.04140625
0 0.3015625 0.36328125 0.02734375 0.03046875
0 0.11484375 0.71171875 0.034375 0.06171875