0 0.24609375 0.34765625 0.03203125 0.059375
0 0.54765625 0.3359375 0.03828125 0.0484375
0 0.63046875 0.9171875 0.0328125 0.059375
0 0.37578125 0.86796875 0.03671875 0.06484375
0 0.653125 0.58671875 0.025 0.046875
0 0.54765625 0.58671875 0.02421875 0.04609375
0 0.63359375 0.76796875 0.03828125 0.0578125
0 0.6578125 0.6875 0.0328125 0.0390625
0 0.6578125 0.53203125 0.0328125 0.03828125
0 0.6546875 0.39375 0.03828125 0.046875
0 0.66171875 0.328125 0.025 0.0265625
0 0.59609375 0.3203125 0.02421875 0.04609375
0 0.596875 0.35234375 0.0265625 0.04921875
0 0.63671875 0.4734375 0.03125 0.03671875
0 0.43125 0.5640625 0.0296875 0.05234375
0 0.50859375 0.5640625 0.03046875 0.05390625
0 0.409375 0.6921875 0.0390625 0.0484375
0 0.37890625 0.76796875 0.03359375 0.06015625
0 0.63359375 0.2625 0.034375 0.04140625
0 0.68671875 0.2671875 0.02734375 0.03046875
0 0.8734375 0.615625 0.034375 0.06171875