0 0.6421875 0.70703125 0.0546875 0.09765625
0 0.28203125 0.70234375 0.0484375 0.0890625
0 0.73359375 0.30546875 0.0484375 0.0734375
0 0.67109375 0.30546875 0.0484375 0.0734375
0 0.76640625 0.234375 0.0484375 0.0734375
0 0.80703125 0.053125 0.05859375 0.065625
0 0.971875 0.2453125 0.05546875 0.0640625
0 0.79296875 0.615625 0.04296875 0.0484375
0 0.79921875 0.3796875 0.05546875 0.06640625
0 0.6421875 0.48515625 0.05546875 0.08125
0 0.70859375 0.4203125 0.0421875 0.06484375
0 0.19375 0.40859375 0.04921875 0.07421875
0 0.128125 0.40078125 0.03671875 0.0578125
0 0.19375 0.221875 0.04921875 0.0734375
0 0.2421875 0.2921875 0.0421875 0.04765625
0 0.2421875 0.33984375 0.0421875 0.04765625