0 0.24921875 0.134375 0.05390625 0.0609375
0 0.24921875 0.08671875 0.05390625 0.06015625
0 0.246875 0.8515625 0.06171875 0.06953125
0 0.22265625 0.90546875 0.0625 0.04609375
0 0.25 0.7625 0.0734375 0.071875
0 0.27578125 0.47578125 0.05078125 0.03828125
0 0.778125 0.08515625 0.05703125 0.06484375
0 0.78046875 0.6125 0.0578125 0.05703125
0 0.69921875 0.6125 0.0578125 0.05703125
0 0.79296875 0.52109375 0.06640625 0.05078125
0 0.7 0.4046875 0.05859375 0.05859375
0 0.78125 0.4046875 0.05859375 0.05859375
0 0.8578125 0.52890625 0.053125 0.0546875