0 0.97890625 0.16484375 0.0421875 0.0578125
0 0.97890625 0.5890625 0.0421875 0.06015625
0 0.54296875 0.7390625 0.03515625 0.08515625
0 0.203125 0.73515625 0.03125 0.078125
0 0.78203125 0.515625 0.03671875 0.0578125
0 0.82578125 0.29375 0.0375 0.059375
0 0.85703125 0.090625 0.03515625 0.05546875
0 0.9203125 0.515625 0.02890625 0.0609375
0 0.1640625 0.3421875 0.03515625 0.0546875
0 0.19375 0.6546875 0.034375 0.05390625
0 0.215625 0.2703125 0.03046875 0.0640625
0 0.4234375 0.28671875 0.03203125 0.0671875
0 0.0796875 0.63203125 0.03359375 0.05234375
0 0.08359375 0.52265625 0.04140625 0.071875
0 0.42265625 0.4375 0.03125 0.06640625
0 0.540625 0.6046875 0.03515625 0.07265625
0 0.49609375 0.546875 0.028125 0.06015625