0 0.25 0.9390625 0.0484375 0.065625
0 0.25 0.8859375 0.0484375 0.065625
0 0.1765625 0.34609375 0.0484375 0.06640625
0 0.25 0.34609375 0.0484375 0.06640625
0 0.184375 0.715625 0.059375 0.053125
0 0.16171875 0.5421875 0.0578125 0.05390625
0 0.16171875 0.45078125 0.05625 0.0515625
0 0.26796875 0.50703125 0.05546875 0.0515625
0 0.36640625 0.64765625 0.04921875 0.0671875
0 0.36875 0.51015625 0.04921875 0.06796875
0 0.25234375 0.79609375 0.046875 0.06484375
0 0.74921875 0.2140625 0.046875 0.06484375
0 0.74921875 0.2671875 0.046875 0.06484375