0 0.521875 0.628125 0.03046875 0.07109375
0 0.078125 0.303125 0.04453125 0.05078125
0 0.034375 0.23046875 0.03203125 0.07109375
0 0.36328125 0.23671875 0.03046875 0.05859375
0 0.64296875 0.23671875 0.0296875 0.05859375
0 0.71171875 0.30703125 0.0375 0.04921875
0 0.9 0.30546875 0.0375 0.0484375
0 0.903125 0.0109375 0.03046875 0.021875
0 0.2375 0.16640625 0.0375 0.0484375
0 0.26484375 0.396875 0.03046875 0.05859375
0 0.22109375 0.459375 0.0359375 0.04765625
0 0.3140625 0.3125 0.0375 0.05078125
0 0.390625 0.42265625 0.03046875 0.06015625