0 0.3765625 0.234375 0.03515625 0.065625
0 0.3703125 0.81171875 0.03671875 0.06796875
0 0.31015625 0.41171875 0.03515625 0.0578125
0 0.3703125 0.7265625 0.03515625 0.0578125
0 0.2671875 0.68359375 0.0265625 0.04375
0 0.41484375 0.55390625 0.0421875 0.05234375
0 0.346875 0.8640625 0.034375 0.04140625
0 0.7359375 0.39296875 0.04609375 0.0484375
0 0.82578125 0.58515625 0.040625 0.04921875
0 0.825 0.47734375 0.0390625 0.0484375
0 0.78671875 0.37421875 0.0265625 0.04453125
0 0.70625 0.55859375 0.03359375 0.040625
0 0.70859375 0.5984375 0.0296875 0.0484375
0 0.7140625 0.66171875 0.03125 0.03671875