0 0.346875 0.22890625 0.034375 0.06328125
0 0.340625 0.78828125 0.0359375 0.065625
0 0.2828125 0.4 0.034375 0.05625
0 0.340625 0.70546875 0.03359375 0.05625
0 0.24140625 0.6640625 0.025 0.0421875
0 0.38359375 0.53828125 0.04140625 0.05078125
0 0.31796875 0.8390625 0.03359375 0.040625
0 0.69375 0.3828125 0.04453125 0.046875
0 0.78125 0.56875 0.0390625 0.04765625
0 0.78046875 0.4640625 0.03828125 0.046875
0 0.74375 0.3640625 0.02578125 0.04296875
0 0.665625 0.54296875 0.0328125 0.03984375
0 0.66796875 0.58125 0.028125 0.046875
0 0.6734375 0.6421875 0.03046875 0.0359375