0 0.33671875 0.675 0.0359375 0.046875
0 0.3109375 0.19140625 0.0359375 0.04921875
0 0.3109375 0.15625 0.0359375 0.04921875
0 0.35546875 0.8484375 0.04140625 0.03359375
0 0.28984375 0.52734375 0.04453125 0.03671875
0 0.33671875 0.59140625 0.03515625 0.0421875
0 0.4015625 0.559375 0.028125 0.0359375
0 0.7375 0.190625 0.03671875 0.04765625
0 0.7375 0.1546875 0.03671875 0.04765625
0 0.734375 0.321875 0.0375 0.0453125
0 0.80859375 0.56640625 0.03515625 0.0265625
0 0.78046875 0.49609375 0.0359375 0.028125
0 0.77578125 0.36875 0.0453125 0.0359375
0 0.68046875 0.3765625 0.0453125 0.0375
0 0.68046875 0.475 0.04453125 0.0359375