0 0.4703125 0.27578125 0.03984375 0.0875
0 0.40390625 0.29140625 0.03046875 0.06953125
0 0.40390625 0.234375 0.03046875 0.06953125
0 0.375 0.69375 0.02578125 0.06171875
0 0.36640625 0.7609375 0.0296875 0.04296875
0 0.41171875 0.74296875 0.02578125 0.06171875
0 0.45703125 0.8390625 0.02890625 0.04140625
0 0.41640625 0.67734375 0.0328125 0.0484375
0 0.44296875 0.60859375 0.0328125 0.04765625
0 0.2921875 0.3671875 0.034375 0.053125
0 0.8421875 0.9671875 0.02890625 0.06484375
0 0.8828125 0.346875 0.03125 0.0703125
0 0.8828125 0.2890625 0.03125 0.0703125
0 0.79609375 0.80546875 0.03203125 0.04765625
0 0.87421875 0.7859375 0.0328125 0.04921875
0 0.9265625 0.74453125 0.02265625 0.05390625
0 0.8484375 0.6828125 0.03203125 0.04765625
0 0.84140625 0.89765625 0.02890625 0.06640625