0 0.83359375 0.78671875 0.0296875 0.08203125
0 0.83515625 0.5796875 0.028125 0.06953125
0 0.89296875 0.58046875 0.02890625 0.071875
0 0.95390625 0.51953125 0.028125 0.07109375
0 0.02578125 0.40234375 0.0375 0.059375
0 0.05390625 0.40234375 0.0375 0.059375
0 0.22109375 0.79296875 0.028125 0.07890625
0 0.36875 0.42578125 0.03203125 0.05703125
0 0.36953125 0.32890625 0.034375 0.06171875
0 0.3296875 0.50703125 0.028125 0.06953125
0 0.33515625 0.2953125 0.028125 0.06953125
0 0.26875 0.29453125 0.028125 0.06796875