0 0.26640625 0.8796875 0.0453125 0.0765625
0 0.68671875 0.1421875 0.05 0.08203125
0 0.21640625 0.609375 0.05078125 0.05859375
0 0.21640625 0.475 0.05 0.0578125
0 0.76171875 0.75078125 0.05078125 0.05859375
0 0.7609375 0.3859375 0.04921875 0.05703125
0 0.8875 0.39765625 0.04375 0.065625
0 0.88046875 0.571875 0.0515625 0.059375
0 0.88984375 0.7109375 0.04453125 0.06640625
0 0.36953125 0.4015625 0.04453125 0.06640625
0 0.275 0.7421875 0.04453125 0.06640625
0 0.37265625 0.68359375 0.04375 0.06640625