0 0.50234375 0.51328125 0.03359375 0.0515625
0 0.52890625 0.17265625 0.021875 0.05234375
0 0.06484375 0.06875 0.02734375 0.04765625
0 0.13359375 0.228125 0.03125 0.0484375
0 0.290625 0.77265625 0.02421875 0.0640625
0 0.26015625 0.27578125 0.02734375 0.04765625
0 0.26015625 0.34765625 0.02734375 0.04765625
0 0.2609375 0.6140625 0.0265625 0.04609375
0 0.30859375 0.26640625 0.0234375 0.0578125
0 0.3546875 0.1171875 0.02109375 0.0359375
0 0.215625 0.18203125 0.03515625 0.07265625
0 0.759375 0.77578125 0.02578125 0.071875
0 0.7890625 0.35625 0.025 0.05859375
0 0.81328125 0.35625 0.025 0.05859375
0 0.7421875 0.353125 0.02109375 0.0359375
0 0.7421875 0.1546875 0.021875 0.03671875
0 0.796875 0.66875 0.02734375 0.0484375