0 0.471875 0.52265625 0.0328125 0.0515625
0 0.4984375 0.18359375 0.021875 0.05234375
0 0.03671875 0.08046875 0.02734375 0.04765625
0 0.10546875 0.2390625 0.03125 0.0484375
0 0.26171875 0.78046875 0.0234375 0.0640625
0 0.23125 0.28671875 0.02734375 0.04765625
0 0.23125 0.3578125 0.02734375 0.04765625
0 0.23125 0.6234375 0.0265625 0.04609375
0 0.2796875 0.27734375 0.0234375 0.05703125
0 0.325 0.12890625 0.02109375 0.0359375
0 0.1859375 0.19296875 0.03515625 0.071875
0 0.72734375 0.784375 0.02578125 0.07109375
0 0.75625 0.36640625 0.02421875 0.05859375
0 0.78125 0.36640625 0.02421875 0.05859375
0 0.71015625 0.36328125 0.02109375 0.0359375
0 0.71015625 0.16640625 0.021875 0.03671875
0 0.7640625 0.678125 0.02734375 0.0484375