0 0.08203125 0.60703125 0.02109375 0.03671875
0 0.103125 0.60703125 0.02109375 0.03671875
0 0.32890625 0.665625 0.01953125 0.034375
0 0.65390625 0.63984375 0.01796875 0.03203125
0 0.57890625 0.6390625 0.01953125 0.03359375
0 0.0515625 0.7578125 0.01640625 0.03125
0 0.0515625 0.7359375 0.01640625 0.03125
0 0.45234375 0.8578125 0.0171875 0.0296875
0 0.7109375 0.83515625 0.0171875 0.0296875
0 0.5921875 0.834375 0.01796875 0.03046875
0 0.19609375 0.865625 0.01953125 0.02265625
0 0.56640625 0.81015625 0.01953125 0.02265625
0 0.3921875 0.78203125 0.0171875 0.028125
0 0.4796875 0.78359375 0.01484375 0.02421875
0 0.45703125 0.78359375 0.01484375 0.02421875
0 0.5078125 0.7828125 0.01640625 0.0265625
0 0.66484375 0.69921875 0.02109375 0.021875
0 0.66484375 0.7859375 0.02109375 0.021875
0 0.62578125 0.8984375 0.0171875 0.0265625
0 0.734375 0.69453125 0.0171875 0.02734375
0 0.76640625 0.796875 0.015625 0.02578125
0 0.4796875 0.14921875 0.01640625 0.03046875
0 0.328125 0.15 0.01796875 0.0328125
0 0.6015625 0.10625 0.0234375 0.02265625
0 0.61640625 0.34375 0.015625 0.02890625
0 0.3234375 0.35546875 0.0203125 0.021875
0 0.28046875 0.290625 0.01875 0.021875
0 0.28046875 0.35078125 0.01953125 0.02265625
0 0.19765625 0.3515625 0.01875 0.02109375
0 0.41171875 0.2921875 0.01875 0.021875
0 0.4328125 0.259375 0.01640625 0.02578125
0 0.546875 0.16171875 0.01875 0.02265625
0 0.54765625 0.2890625 0.01796875 0.02109375
0 0.60390625 0.15859375 0.01875 0.021875
0 0.5703125 0.19453125 0.01640625 0.02578125
0 0.66015625 0.2640625 0.01953125 0.021875
0 0.62890625 0.26484375 0.01875 0.021875