0 0.9390625 0.68984375 0.02890625 0.06484375
0 0.8265625 0.253125 0.04140625 0.059375
0 0.98984375 0.55546875 0.01953125 0.05859375
0 0.90625 0.25859375 0.034375 0.05078125
0 0.771875 0.32265625 0.03046875 0.07109375
0 0.86484375 0.32578125 0.03125 0.07734375
0 0.5734375 0.1421875 0.0328125 0.08671875
0 0.5546875 0.7734375 0.05625 0.06953125
0 0.275 0.86015625 0.0453125 0.06953125
0 0.23984375 0.409375 0.0328125 0.0703125
0 0.28984375 0.5015625 0.03203125 0.04765625
0 0.19453125 0.48828125 0.04375 0.06640625
0 0.196875 0.4109375 0.03125 0.06640625