0 0.90625 0.6328125 0.02890625 0.06484375
0 0.79453125 0.19609375 0.04140625 0.059375
0 0.9609375 0.4984375 0.0265625 0.05859375
0 0.8734375 0.2015625 0.034375 0.05078125
0 0.7390625 0.265625 0.03046875 0.07109375
0 0.83203125 0.26875 0.03125 0.07734375
0 0.540625 0.08515625 0.0328125 0.08671875
0 0.52265625 0.71640625 0.05625 0.06953125
0 0.2421875 0.803125 0.0453125 0.06953125
0 0.2078125 0.35234375 0.0328125 0.0703125
0 0.25703125 0.44453125 0.03203125 0.04765625
0 0.16171875 0.43125 0.04375 0.06640625
0 0.1640625 0.35390625 0.03125 0.06640625