0 0.32734375 0.7640625 0.0578125 0.065625
0 0.34453125 0.8328125 0.065625 0.0515625
0 0.15390625 0.0859375 0.05625 0.0640625
0 0.25625 0.58046875 0.06484375 0.05234375
0 0.3265625 0.62890625 0.0578125 0.0640625
0 0.4 0.6375 0.03984375 0.046875
0 0.64453125 0.3171875 0.0484375 0.05546875
0 0.7171875 0.31796875 0.0484375 0.0546875
0 0.7234375 0.51875 0.05 0.05703125
0 0.64453125 0.51875 0.05 0.05703125
0 0.61171875 0.5984375 0.0421875 0.04921875
0 0.6296875 0.4453125 0.05625 0.04296875
0 0.6265625 0.3890625 0.05 0.0375