0 0.30390625 0.2359375 0.0578125 0.05390625
0 0.30390625 0.1953125 0.0578125 0.05390625
0 0.30078125 0.71015625 0.05625 0.05390625
0 0.3921875 0.5875 0.05234375 0.04375
0 0.30078125 0.62578125 0.05546875 0.0453125
0 0.3125 0.8765625 0.06171875 0.0375
0 0.70390625 0.19453125 0.0578125 0.0546875
0 0.70390625 0.2359375 0.0578125 0.0546875
0 0.7546875 0.37890625 0.0578125 0.046875
0 0.75078125 0.48515625 0.059375 0.0484375
0 0.68203125 0.4265625 0.059375 0.03515625
0 0.63046875 0.35 0.04453125 0.0390625