0 0.5890625 0.75546875 0.0671875 0.09375
0 0.5890625 0.675 0.0671875 0.09375
0 0.153125 0.3484375 0.08671875 0.08203125
0 0.0859375 0.3484375 0.08671875 0.0828125
0 0.3953125 0.46484375 0.05625 0.0578125
0 0.38984375 0.66953125 0.06796875 0.07109375
0 0.3890625 0.76484375 0.06796875 0.071875
0 0.45 0.81328125 0.046875 0.06953125
0 0.6609375 0.3046875 0.06796875 0.071875
0 0.60234375 0.45625 0.06796875 0.07109375
0 0.60625 0.60078125 0.06015625 0.0609375
0 0.8484375 0.32265625 0.0484375 0.071875
0 0.85078125 0.53203125 0.05 0.07109375
0 0.71796875 0.6 0.0546875 0.05546875