0 0.4 0.62734375 0.02734375 0.04296875
0 0.4421875 0.6234375 0.03359375 0.0515625
0 0.56796875 0.79140625 0.02734375 0.0421875
0 0.5578125 0.6984375 0.028125 0.03203125
0 0.5546875 0.7109375 0.02421875 0.0375
0 0.2359375 0.525 0.03515625 0.05546875
0 0.17890625 0.29140625 0.03828125 0.0421875
0 0.2140625 0.215625 0.03125 0.05
0 0.21484375 0.3265625 0.0296875 0.04453125
0 0.17734375 0.334375 0.01875 0.0296875
0 0.3 0.32734375 0.028125 0.04296875
0 0.2515625 0.32890625 0.0265625 0.040625
0 0.21171875 0.42890625 0.03359375 0.05078125
0 0.33359375 0.32109375 0.03359375 0.0359375
0 0.296875 0.13671875 0.0328125 0.03671875
0 0.296875 0.09140625 0.0328125 0.0359375
0 0.696875 0.3640625 0.0265625 0.04375
0 0.696875 0.32890625 0.0265625 0.04453125
0 0.6828125 0.2796875 0.0375 0.040625
0 0.684375 0.14140625 0.040625 0.0453125
0 0.728125 0.09453125 0.02890625 0.04453125
0 0.76796875 0.14140625 0.03828125 0.04453125
0 0.8421875 0.2578125 0.0328125 0.05