0 0.97421875 0.78125 0.0515625 0.05625
0 0.6828125 0.87265625 0.04140625 0.0765625
0 0.6828125 0.8171875 0.04140625 0.0765625
0 0.66640625 0.053125 0.04609375 0.084375
0 0.65859375 0.93046875 0.04921875 0.05546875
0 0.66328125 0.61484375 0.0515625 0.05859375
0 0.609375 0.67578125 0.04296875 0.06875
0 0.72265625 0.68359375 0.05 0.05703125
0 0.18046875 0.86953125 0.0421875 0.0765625
0 0.19921875 0.05234375 0.040625 0.07578125
0 0.19921875 0.1078125 0.040625 0.07578125
0 0.21015625 0.56875 0.04921875 0.0578125
0 0.2515625 0.46171875 0.04609375 0.05390625
0 0.2109375 0.36171875 0.04765625 0.0546875
0 0.26640625 0.63671875 0.03984375 0.0625
0 0.2875 0.36171875 0.046875 0.05390625