0 0.009375 0.1984375 0.01875 0.06875
0 0.21171875 0.85546875 0.0375 0.08046875
0 0.72265625 0.5125 0.05 0.0734375
0 0.77421875 0.4546875 0.0421875 0.08828125
0 0.2375 0.19140625 0.05 0.07421875
0 0.534375 0.62734375 0.0359375 0.08046875
0 0.6484375 0.51484375 0.05 0.07421875
0 0.609375 0.4125 0.04453125 0.0640625
0 0.60859375 0.22421875 0.04609375 0.0671875
0 0.57265625 0.32578125 0.0421875 0.08828125
0 0.209375 0.20703125 0.0328125 0.07265625
0 0.14609375 0.3765625 0.04140625 0.0578125
0 0.13515625 0.5015625 0.03671875 0.08125
0 0.1359375 0.26171875 0.0375 0.0796875