0 0.98671875 0.16015625 0.02578125 0.0640625
0 0.79140625 0.7796875 0.03515625 0.07578125
0 0.30859375 0.45625 0.046875 0.06875
0 0.26015625 0.4015625 0.03984375 0.08359375
0 0.76640625 0.153125 0.046875 0.0703125
0 0.48671875 0.56484375 0.03359375 0.07578125
0 0.37890625 0.45859375 0.04765625 0.0703125
0 0.415625 0.36171875 0.0421875 0.0609375
0 0.41640625 0.184375 0.04375 0.06328125
0 0.45 0.2796875 0.03984375 0.08359375
0 0.79296875 0.1671875 0.03125 0.06796875
0 0.853125 0.32734375 0.0390625 0.0546875
0 0.86328125 0.4453125 0.03515625 0.0765625
0 0.8625 0.21953125 0.03515625 0.075