0 0.53671875 0.609375 0.02265625 0.0375
0 0.271875 0.60390625 0.03046875 0.0484375
0 0.30234375 0.60390625 0.03046875 0.0484375
0 0.315625 0.68515625 0.03046875 0.03125
0 0.2984375 0.81875 0.021875 0.0375
0 0.43203125 0.678125 0.03046875 0.03125
0 0.6328125 0.89921875 0.01953125 0.03359375
0 0.55703125 0.8984375 0.02109375 0.03515625
0 0.528125 0.88671875 0.02578125 0.0296875
0 0.52890625 0.68515625 0.0265625 0.03125
0 0.55859375 0.7109375 0.01953125 0.0375
0 0.56953125 0.66015625 0.025 0.02734375
0 0.66953125 0.71484375 0.01640625 0.0296875
0 0.61796875 0.665625 0.02421875 0.028125
0 0.6359375 0.87265625 0.02109375 0.0359375
0 0.1390625 0.096875 0.01953125 0.03359375
0 0.1390625 0.06953125 0.01953125 0.03359375
0 0.13671875 0.4609375 0.0265625 0.04296875
0 0.359375 0.4625 0.0234375 0.0390625
0 0.3890625 0.28828125 0.02109375 0.034375
0 0.2609375 0.36484375 0.02421875 0.02890625
0 0.2046875 0.3578125 0.01953125 0.0328125
0 0.37578125 0.28359375 0.02421875 0.028125
0 0.28046875 0.28359375 0.02265625 0.02578125
0 0.07421875 0.321875 0.0265625 0.03125
0 0.078125 0.284375 0.01953125 0.021875
0 0.1765625 0.33203125 0.01796875 0.03125
0 0.2015625 0.3140625 0.01953125 0.03359375
0 0.6109375 0.4359375 0.01171875 0.021875
0 0.61328125 0.375 0.0265625 0.03125
0 0.61328125 0.31328125 0.0265625 0.03046875
0 0.58828125 0.159375 0.01953125 0.03359375
0 0.64921875 0.11328125 0.02109375 0.0359375
0 0.83046875 0.3796875 0.025 0.02890625
0 0.85625 0.35234375 0.02109375 0.03515625
0 0.74609375 0.2703125 0.021875 0.03671875
0 0.6828125 0.31796875 0.0265625 0.03203125
0 0.7390625 0.4203125 0.01875 0.02109375
0 0.70546875 0.34765625 0.0140625 0.02578125