0 0.33515625 0.8125 0.03671875 0.07421875
0 0.8296875 0.7125 0.04609375 0.0484375
0 0.83046875 0.6046875 0.046875 0.05
0 0.5796875 0.2328125 0.03515625 0.07109375
0 0.33515625 0.2328125 0.03515625 0.071875
0 0.628125 0.60546875 0.03828125 0.05078125
0 0.56796875 0.3765625 0.02734375 0.03515625
0 0.56796875 0.34140625 0.02734375 0.03515625
0 0.73125 0.5953125 0.0359375 0.05859375
0 0.2359375 0.60390625 0.03515625 0.05703125
0 0.209375 0.459375 0.034375 0.05546875
0 0.259375 0.45859375 0.03515625 0.05703125
0 0.20078125 0.54375 0.0375 0.05078125
0 0.3359375 0.64453125 0.0359375 0.05859375
0 0.75703125 0.39140625 0.03046875 0.05546875
0 0.6453125 0.43359375 0.028125 0.04609375