0 0.6546875 0.80625 0.03984375 0.0796875
0 0.1203125 0.6984375 0.05 0.05234375
0 0.11953125 0.58203125 0.05078125 0.05390625
0 0.390625 0.18125 0.0375 0.07734375
0 0.65546875 0.18046875 0.0375 0.07734375
0 0.33828125 0.58359375 0.04140625 0.05546875
0 0.403125 0.3359375 0.0296875 0.03828125
0 0.403125 0.29765625 0.0296875 0.03828125
0 0.22734375 0.571875 0.03828125 0.0625
0 0.76171875 0.58125 0.03828125 0.06171875
0 0.790625 0.425 0.03671875 0.06015625
0 0.73671875 0.42421875 0.03828125 0.06171875
0 0.8 0.51640625 0.040625 0.0546875
0 0.65390625 0.625 0.0390625 0.0625
0 0.19921875 0.35234375 0.0328125 0.06015625
0 0.3203125 0.39765625 0.0296875 0.05