0 0.365625 0.1984375 0.034375 0.0546875
0 0.365625 0.15234375 0.034375 0.0546875
0 0.45078125 0.86171875 0.03984375 0.059375
0 0.621875 0.6125 0.03515625 0.0546875
0 0.69140625 0.61328125 0.034375 0.05234375
0 0.6921875 0.51796875 0.03359375 0.05234375
0 0.728125 0.565625 0.0328125 0.0359375
0 0.471875 0.271875 0.0359375 0.040625
0 0.471875 0.31171875 0.0359375 0.03984375
0 0.3796875 0.553125 0.03046875 0.04921875
0 0.40703125 0.359375 0.03046875 0.04921875
0 0.37265625 0.4046875 0.0328125 0.03515625
0 0.44921875 0.7390625 0.0390625 0.06015625
0 0.34921875 0.103125 0.03125 0.04921875