0 0.3453125 0.23671875 0.0328125 0.0515625
0 0.3453125 0.19296875 0.0328125 0.0515625
0 0.42578125 0.8671875 0.03828125 0.05625
0 0.5890625 0.63046875 0.03359375 0.0515625
0 0.6546875 0.63125 0.0328125 0.05
0 0.65546875 0.53984375 0.03203125 0.04921875
0 0.6890625 0.5859375 0.03125 0.034375
0 0.44609375 0.30625 0.034375 0.03828125
0 0.44609375 0.34453125 0.034375 0.03828125
0 0.35859375 0.57421875 0.02890625 0.04609375
0 0.384375 0.3890625 0.02890625 0.04609375
0 0.3515625 0.4328125 0.03046875 0.03359375
0 0.42421875 0.75078125 0.0375 0.05703125
0 0.3296875 0.14609375 0.0296875 0.046875