0 0.1859375 0.553125 0.021875 0.053125
0 0.28515625 0.50078125 0.03046875 0.046875
0 0.284375 0.3890625 0.03125 0.04921875
0 0.340625 0.56953125 0.015625 0.0390625
0 0.21875 0.67265625 0.021875 0.0328125
0 0.21015625 0.8515625 0.02734375 0.06328125
0 0.18515625 0.70234375 0.025 0.05859375
0 0.21171875 0.06015625 0.03203125 0.07421875
0 0.23671875 0.25625 0.03125 0.071875
0 0.634375 0.30078125 0.0203125 0.05390625
0 0.634375 0.2625 0.0203125 0.05390625
0 0.5453125 0.4171875 0.0265625 0.03828125
0 0.5453125 0.65390625 0.025 0.03671875
0 0.75 0.55 0.021875 0.05
0 0.5765625 0.5484375 0.01953125 0.04609375
0 0.68515625 0.353125 0.02890625 0.0453125
0 0.75078125 0.61640625 0.021875 0.04921875
0 0.61796875 0.66328125 0.01796875 0.0265625