0 0.815625 0.5640625 0.02265625 0.0546875
0 0.71328125 0.51015625 0.03125 0.0484375
0 0.71328125 0.39453125 0.03203125 0.05078125
0 0.65625 0.58125 0.015625 0.040625
0 0.78125 0.6875 0.02265625 0.034375
0 0.790625 0.87265625 0.028125 0.065625
0 0.81640625 0.71875 0.0265625 0.0609375
0 0.7890625 0.05546875 0.03359375 0.0765625
0 0.76328125 0.2578125 0.03203125 0.07421875
0 0.3515625 0.30390625 0.02109375 0.05546875
0 0.3515625 0.26484375 0.02109375 0.05546875
0 0.44375 0.42421875 0.02734375 0.03984375
0 0.44453125 0.66796875 0.0265625 0.03828125
0 0.2328125 0.56171875 0.02265625 0.0515625
0 0.41171875 0.559375 0.0203125 0.04765625
0 0.29921875 0.3578125 0.0296875 0.046875
0 0.23125 0.6296875 0.02265625 0.05078125
0 0.36875 0.678125 0.01875 0.028125