0 0.34375 0.46953125 0.04921875 0.04453125
0 0.9140625 0.87265625 0.05625 0.08828125
0 0.8578125 0.87265625 0.05703125 0.08828125
0 0.72890625 0.79140625 0.0375 0.06484375
0 0.67734375 0.88984375 0.05 0.04453125
0 0.24296875 0.9734375 0.03828125 0.053125
0 0.78515625 0.72265625 0.03984375 0.040625
0 0.2125 0.65078125 0.0359375 0.0515625
0 0.17890625 0.321875 0.040625 0.04453125
0 0.17578125 0.12421875 0.034375 0.03671875
0 0.18671875 0.2671875 0.03671875 0.05234375
0 0.13828125 0.3609375 0.02734375 0.040625
0 0.20625 0.69765625 0.034375 0.0375
0 0.175 0.77734375 0.0375 0.04140625
0 0.2421875 0.86796875 0.0390625 0.05546875
0 0.55390625 0.88828125 0.040625 0.04453125
0 0.55546875 0.678125 0.0421875 0.046875
0 0.81328125 0.56953125 0.0328125 0.03203125